  -25.3501643960036       0.000000000000000E+000  0.000000000000000E+000
  -25.3224931880109       0.000000000000000E+000  0.000000000000000E+000
  -25.2948219800182       0.000000000000000E+000  0.000000000000000E+000
  -25.2671507720254       0.000000000000000E+000  0.000000000000000E+000
  -25.2394795640327       0.000000000000000E+000  0.000000000000000E+000
  -25.2118083560400       0.000000000000000E+000  0.000000000000000E+000
  -25.1841371480472       0.000000000000000E+000  0.000000000000000E+000
  -25.1564659400545       0.000000000000000E+000  0.000000000000000E+000
  -25.1287947320618       0.000000000000000E+000  0.000000000000000E+000
  -25.1011235240690       0.000000000000000E+000  0.000000000000000E+000
  -25.0734523160763       0.000000000000000E+000  0.000000000000000E+000
  -25.0457811080836       0.000000000000000E+000  0.000000000000000E+000
  -25.0181099000908       0.000000000000000E+000  0.000000000000000E+000
  -24.9904386920981       0.000000000000000E+000  0.000000000000000E+000
  -24.9627674841054       0.000000000000000E+000  0.000000000000000E+000
  -24.9350962761126       0.000000000000000E+000  0.000000000000000E+000
  -24.9074250681199       0.000000000000000E+000  0.000000000000000E+000
  -24.8797538601272       0.000000000000000E+000  0.000000000000000E+000
  -24.8520826521344       0.000000000000000E+000  0.000000000000000E+000
  -24.8244114441417       0.000000000000000E+000  0.000000000000000E+000
  -24.7967402361490       0.000000000000000E+000  0.000000000000000E+000
  -24.7690690281562       0.000000000000000E+000  0.000000000000000E+000
  -24.7413978201635       0.000000000000000E+000  0.000000000000000E+000
  -24.7137266121708       0.000000000000000E+000  0.000000000000000E+000
  -24.6860554041780       0.000000000000000E+000  0.000000000000000E+000
  -24.6583841961853       0.000000000000000E+000  0.000000000000000E+000
  -24.6307129881926       0.000000000000000E+000  0.000000000000000E+000
  -24.6030417801998       0.000000000000000E+000  0.000000000000000E+000
  -24.5753705722071       0.000000000000000E+000  0.000000000000000E+000
  -24.5476993642144       0.000000000000000E+000  0.000000000000000E+000
  -24.5200281562216       0.000000000000000E+000  0.000000000000000E+000
  -24.4923569482289       0.000000000000000E+000  0.000000000000000E+000
  -24.4646857402361       0.000000000000000E+000  0.000000000000000E+000
  -24.4370145322434       0.000000000000000E+000  0.000000000000000E+000
  -24.4093433242507       0.000000000000000E+000  0.000000000000000E+000
  -24.3816721162579       0.000000000000000E+000  0.000000000000000E+000
  -24.3540009082652       0.000000000000000E+000  0.000000000000000E+000
  -24.3263297002725       0.000000000000000E+000  0.000000000000000E+000
  -24.2986584922797       0.000000000000000E+000  0.000000000000000E+000
  -24.2709872842870       0.000000000000000E+000  0.000000000000000E+000
  -24.2433160762943       0.000000000000000E+000  0.000000000000000E+000
  -24.2156448683015       0.000000000000000E+000  0.000000000000000E+000
  -24.1879736603088       0.000000000000000E+000  0.000000000000000E+000
  -24.1603024523161       0.000000000000000E+000  0.000000000000000E+000
  -24.1326312443233       0.000000000000000E+000  0.000000000000000E+000
  -24.1049600363306       0.000000000000000E+000  0.000000000000000E+000
  -24.0772888283379       0.000000000000000E+000  0.000000000000000E+000
  -24.0496176203451       0.000000000000000E+000  0.000000000000000E+000
  -24.0219464123524       0.000000000000000E+000  0.000000000000000E+000
  -23.9942752043597       0.000000000000000E+000  0.000000000000000E+000
  -23.9666039963669       0.000000000000000E+000  0.000000000000000E+000
  -23.9389327883742       0.000000000000000E+000  0.000000000000000E+000
  -23.9112615803815       0.000000000000000E+000  0.000000000000000E+000
  -23.8835903723887       0.000000000000000E+000  0.000000000000000E+000
  -23.8559191643960       0.000000000000000E+000  0.000000000000000E+000
  -23.8282479564033       0.000000000000000E+000  0.000000000000000E+000
  -23.8005767484105       0.000000000000000E+000  0.000000000000000E+000
  -23.7729055404178       0.000000000000000E+000  0.000000000000000E+000
  -23.7452343324251       0.000000000000000E+000  0.000000000000000E+000
  -23.7175631244323       0.000000000000000E+000  0.000000000000000E+000
  -23.6898919164396       0.000000000000000E+000  0.000000000000000E+000
  -23.6622207084469       0.000000000000000E+000  0.000000000000000E+000
  -23.6345495004541       0.000000000000000E+000  0.000000000000000E+000
  -23.6068782924614       0.000000000000000E+000  0.000000000000000E+000
  -23.5792070844687       0.000000000000000E+000  0.000000000000000E+000
  -23.5515358764759       0.000000000000000E+000  0.000000000000000E+000
  -23.5238646684832       0.000000000000000E+000  0.000000000000000E+000
  -23.4961934604905       0.000000000000000E+000  0.000000000000000E+000
  -23.4685222524977       0.000000000000000E+000  0.000000000000000E+000
  -23.4408510445050       0.000000000000000E+000  0.000000000000000E+000
  -23.4131798365123       0.000000000000000E+000  0.000000000000000E+000
  -23.3855086285195       0.000000000000000E+000  0.000000000000000E+000
  -23.3578374205268       0.000000000000000E+000  0.000000000000000E+000
  -23.3301662125341       0.000000000000000E+000  0.000000000000000E+000
  -23.3024950045413       0.000000000000000E+000  0.000000000000000E+000
  -23.2748237965486       0.000000000000000E+000  0.000000000000000E+000
  -23.2471525885559       0.000000000000000E+000  0.000000000000000E+000
  -23.2194813805631       0.000000000000000E+000  0.000000000000000E+000
  -23.1918101725704       0.000000000000000E+000  0.000000000000000E+000
  -23.1641389645777       0.000000000000000E+000  0.000000000000000E+000
  -23.1364677565849       0.000000000000000E+000  0.000000000000000E+000
  -23.1087965485922       0.000000000000000E+000  0.000000000000000E+000
  -23.0811253405995       0.000000000000000E+000  0.000000000000000E+000
  -23.0534541326067       0.000000000000000E+000  0.000000000000000E+000
  -23.0257829246140       0.000000000000000E+000  0.000000000000000E+000
  -22.9981117166213       0.000000000000000E+000  0.000000000000000E+000
  -22.9704405086285       0.000000000000000E+000  0.000000000000000E+000
  -22.9427693006358       0.000000000000000E+000  0.000000000000000E+000
  -22.9150980926431       0.000000000000000E+000  0.000000000000000E+000
  -22.8874268846503       0.000000000000000E+000  0.000000000000000E+000
  -22.8597556766576       0.000000000000000E+000  0.000000000000000E+000
  -22.8320844686649       0.000000000000000E+000  0.000000000000000E+000
  -22.8044132606721       0.000000000000000E+000  0.000000000000000E+000
  -22.7767420526794       0.000000000000000E+000  0.000000000000000E+000
  -22.7490708446866       0.000000000000000E+000  0.000000000000000E+000
  -22.7213996366939       0.000000000000000E+000  0.000000000000000E+000
  -22.6937284287012       0.000000000000000E+000  0.000000000000000E+000
  -22.6660572207084       0.000000000000000E+000  0.000000000000000E+000
  -22.6383860127157       0.000000000000000E+000  0.000000000000000E+000
  -22.6107148047230       0.000000000000000E+000  0.000000000000000E+000
  -22.5830435967302       0.000000000000000E+000  0.000000000000000E+000
  -22.5553723887375       0.000000000000000E+000  0.000000000000000E+000
  -22.5277011807448       0.000000000000000E+000  0.000000000000000E+000
  -22.5000299727520       0.000000000000000E+000  0.000000000000000E+000
  -22.4723587647593       0.000000000000000E+000  0.000000000000000E+000
  -22.4446875567666       0.000000000000000E+000  0.000000000000000E+000
  -22.4170163487738       0.000000000000000E+000  0.000000000000000E+000
  -22.3893451407811       0.000000000000000E+000  0.000000000000000E+000
  -22.3616739327884       0.000000000000000E+000  0.000000000000000E+000
  -22.3340027247956       0.000000000000000E+000  0.000000000000000E+000
  -22.3063315168029       0.000000000000000E+000  0.000000000000000E+000
  -22.2786603088102       0.000000000000000E+000  0.000000000000000E+000
  -22.2509891008174       4.440892098500626E-016  4.440892098500626E-016
  -22.2233178928247       6.182120787512346E-016  1.062301288601297E-015
  -22.1956466848320       1.795438797635995E-015  2.857740086237293E-015
  -22.1679754768392       5.719383300295533E-015  8.577123386532826E-015
  -22.1403042688465       1.693914106204453E-014  2.551626444857735E-014
  -22.1126330608538       4.976141027013270E-014  7.527767471871005E-014
  -22.0849618528610       1.430871480329055E-013  2.183648227516155E-013
  -22.0572906448683       4.045613670455861E-013  6.229261897972016E-013
  -22.0296194368756       1.121064612669143E-012  1.743990802466344E-012
  -22.0019482288828       3.049892586745595E-012  4.793883389211939E-012
  -21.9742770208901       8.138551681538542E-012  1.293243507075048E-011
  -21.9466058128974       2.130702753989910E-011  3.423946261064958E-011
  -21.9189346049046       5.472804848194457E-011  8.896751109259415E-011
  -21.8912633969119       1.379084953873067E-010  2.268760064799008E-010
  -21.8635921889192       3.409345906719291E-010  5.678105971518299E-010
  -21.8359209809264       8.268975048957017E-010  1.394708102047532E-009
  -21.8082497729337       1.967573767976127E-009  3.362281870023659E-009
  -21.7805785649410       4.593143694379964E-009  7.955425564403623E-009
  -21.7529073569482       1.051933500462870E-008  1.847476056903233E-008
  -21.7252361489555       2.363556417554410E-008  4.211032474457643E-008
  -21.6975649409628       5.210064391567883E-008  9.421096866025526E-008
  -21.6698937329700       1.126729519127564E-007  2.068839205730116E-007
  -21.6422225249773       2.390538540203869E-007  4.459377745933985E-007
  -21.6145513169846       4.975896725364047E-007  9.435274471298032E-007
  -21.5868801089918       1.016123599927119E-006  1.959651047056922E-006
  -21.5592089009991       2.035735449579983E-006  3.995386496636905E-006
  -21.5315376930064       4.001251218293568E-006  7.996637714930473E-006
  -21.5038664850136       7.715606133330529E-006  1.571224384826100E-005
  -21.4761952770209       1.459634497728629E-005  3.030858882554729E-005
  -21.4485240690282       2.709056981956199E-005  5.739915864510928E-005
  -21.4208528610354       4.932785783194724E-005  1.067270164770565E-004
  -21.3931816530427       8.811840978045988E-005  1.948454262575164E-004
  -21.3655104450500       1.544335185572102E-004  3.492789448147266E-004
  -21.3378392370572       2.655322742221981E-004  6.148112190369247E-004
  -21.3101680290645       4.479136613454787E-004  1.062724880382403E-003
  -21.2824968210718       7.412643055772835E-004  1.803989185959687E-003
  -21.2548256130790       1.203522922127751E-003  3.007512108087438E-003
  -21.2271544050863       1.917074921166052E-003  4.924587029253490E-003
  -21.1994831970936       2.995908139621912E-003  7.920495168875403E-003
  -21.1718119891008       4.593293924748314E-003  1.251378909362372E-002
  -21.1441407811081       6.909211739823826E-003  1.942300083344754E-002
  -21.1164695731154       1.019633708382674E-002  2.961933791727428E-002
  -21.0887983651226       1.476301703900960E-002  4.438235495628388E-002
  -21.0611271571299       2.097135051924693E-002  6.535370547553081E-002
  -21.0334559491371       2.922838125700150E-002  9.458208673253231E-002
  -21.0057847411444       3.996862016031372E-002  0.134550706892846     
  -20.9781135331517       5.362674338805862E-002  0.188177450280905     
  -20.9504423251589       7.060041776907065E-002  0.258777868049975     
  -20.9227711171662       9.120475654424560E-002  0.349982624594221     
  -20.8950999091735       0.115621765050525       0.465604389644746     
  -20.8674287011807       0.143850036682301       0.609454426327046     
  -20.8397574931880       0.175661541326301       0.785115967653347     
  -20.8120862851953       0.210573198112749       0.995689165766097     
  -20.7844150772025       0.247840658769940        1.24352982453604     
  -20.7567438692098       0.286480092160270        1.53000991669631     
  -20.7290726612171       0.325320721202031        1.85533063789834     
  -20.7014014532243       0.363086671740319        2.21841730963866     
  -20.6737302452316       0.398501895134521        2.61691920477318     
  -20.6460590372389       0.430407304928374        3.04732650970155     
  -20.6183878292461       0.457875716556984        3.50520222625854     
  -20.5907166212534       0.480308528702076        3.98551075496061     
  -20.5630454132607       0.497498917058873        4.48300967201948     
  -20.5353742052679       0.509649800065543        4.99265947208503     
  -20.5077029972752       0.517340661303668        5.51000013338870     
  -20.4800317892825       0.521444671551357        6.03144480494005     
  -20.4523605812897       0.523005275206312        6.55445008014636     
  -20.4246893732970       0.523088158872882        7.07753823901925     
  -20.3970181653043       0.522629061725814        7.60016730074506     
  -20.3693469573115       0.522299312703930        8.12246661344899     
  -20.3416757493188       0.522408911823395        8.64487552527238     
  -20.3140045413261       0.522861655084729        9.16773718035711     
  -20.2863333333333       0.523169068787283        9.69090624914439     
  -20.2586621253406       0.522521049056716        10.2134272982011     
  -20.2309909173479       0.519902586361110        10.7333298845622     
  -20.2033197093551       0.514239217306645        11.2475691018689     
  -20.1756485013624       0.504549982429459        11.7521190842983     
  -20.1479772933697       0.490086247469614        12.2422053317679     
  -20.1203060853769       0.470437715155197        12.7126430469231     
  -20.0926348773842       0.445592672018961        13.1582357189421     
  -20.0649636693915       0.415946888417901        13.5741826073600     
  -20.0372924613987       0.382263302733713        13.9564459100937     
  -20.0096212534060       0.345591387204422        14.3020372972981     
  -19.9819500454133       0.307159894388013        14.6091971916861     
  -19.9542788374205       0.268258934907573        14.8774561265937     
  -19.9266076294278       0.230126955493398        15.1075830820871     
  -19.8989364214351       0.193855552572132        15.3014386346592     
  -19.8712652134423       0.160320891729059        15.4617595263883     
  -19.8435940054496       0.130145691112436        15.5919052175007     
  -19.8159227974569       0.103691128100971        15.6955963456017     
  -19.7882515894641       8.107432673703750E-002   15.7766706723388     
  -19.7605803814714       6.220468936284980E-002   15.8388753617016     
  -19.7329091734787       4.683136239317121E-002   15.8857067240948     
  -19.7052379654859       3.459442551369356E-002   15.9203011496085     
  -19.6775667574932       2.507363834669590E-002   15.9453747879552     
  -19.6498955495005       1.783036000369369E-002   15.9632051479589     
  -19.6222243415077       1.244017679464575E-002   15.9756453247535     
  -19.5945531335150       8.515512089950860E-003   15.9841608368435     
  -19.5668819255223       5.718844751682640E-003   15.9898796815951     
  -19.5392107175295       3.768042576744056E-003   15.9936477241719     
  -19.5115395095368       2.435738810957323E-003   15.9960834629828     
  -19.4838683015441       1.544724862150809E-003   15.9976281878450     
  -19.4561970935513       9.611155777019321E-004   15.9985893034227     
  -19.4285258855586       5.866824038842954E-004   15.9991759858266     
  -19.4008546775658       3.513440872115383E-004   15.9995273299138     
  -19.3731834695731       2.064256919608253E-004   15.9997337556057     
  -19.3455122615804       1.189860061270216E-004   15.9998527416119     
  -19.3178410535876       6.728661852758132E-005   15.9999200282304     
  -19.2901698455949       3.733033863342482E-005   15.9999573585690     
  -19.2624986376022       2.031867552788153E-005   15.9999776772446     
  -19.2348274296094       1.084998516479333E-005   15.9999885272297     
  -19.2071562216167       5.684131102051465E-006   15.9999942113608     
  -19.1794850136240       2.921495867402174E-006   15.9999971328567     
  -19.1518138056312       1.473256230104508E-006   15.9999986061129     
  -19.1241425976385       7.291394933223692E-007   15.9999993352524     
  -19.0964713896458       3.546791589867978E-007   15.9999996899316     
  -19.0688001816530       1.707945840457702E-007   15.9999998607262     
  -19.0411289736603       8.424150501067269E-008   15.9999999449677     
  -19.0134577656676       4.877391166922991E-008   15.9999999937416     
  -18.9857865576748       4.467296521658108E-008   16.0000000384145     
  -18.9581153496821       6.961743515714915E-008   16.0000001080320     
  -18.9304441416894       1.375874916847378E-007   16.0000002456195     
  -18.9027729336966       2.853952734277465E-007   16.0000005310147     
  -18.8751017257039       5.892336287971391E-007   16.0000011202484     
  -18.8474305177112       1.197030890086369E-006   16.0000023172793     
  -18.8197593097184       2.387152508208498E-006   16.0000047044318     
  -18.7920881017257       4.670961294789234E-006   16.0000093753931     
  -18.7644168937330       8.966899697510728E-006   16.0000183422928     
  -18.7367456857402       1.688806901355621E-005   16.0000352303618     
  -18.7090744777475       3.120453119029526E-005   16.0000664348930     
  -18.6814032697548       5.656593790920273E-005   16.0001230008309     
  -18.6537320617620       1.005985991035581E-004   16.0002235994300     
  -18.6260608537693       1.755207574083220E-004   16.0003991201874     
  -18.5983896457766       3.004447763504216E-004   16.0006995649637     
  -18.5707184377838       5.045456493253818E-004   16.0012041106131     
  -18.5430472297911       8.312581591936707E-004   16.0020353687723     
  -18.5153760217984       1.343603221771945E-003   16.0033789719940     
  -18.4877048138056       2.130619138582243E-003   16.0055095911326     
  -18.4600336058129       3.314669975462689E-003   16.0088242611081     
  -18.4323623978202       5.059113927036746E-003   16.0138833750351     
  -18.4046911898274       7.575448140621885E-003   16.0214588231757     
  -18.3770199818347       1.112863541151377E-002   16.0325874585873     
  -18.3493487738420       1.603892381370064E-002   16.0486263824010     
  -18.3216775658492       2.267818366620920E-002   16.0713045660672     
  -18.2940063578565       3.145872048441161E-002   16.1027632865516     
  -18.2663351498638       4.281279604509444E-002   16.1455760825967     
  -18.2386639418710       5.716179891737116E-002   16.2027378815140     
  -18.2109927338783       7.487519210960764E-002   16.2776130736236     
  -18.1833215258856       9.622098186330823E-002   16.3738340554870     
  -18.1556503178928       0.121311339415620        16.4951453949026     
  -18.1279791099001       0.150048893233845        16.6451942881364     
  -18.1003079019074       0.182080729722438        16.8272750178589     
  -18.0726366939146       0.216767899491098        17.0440429173500     
  -18.0449654859219       0.253177876464583        17.2972207938145     
  -18.0172942779292       0.290105752202537        17.5873265460171     
  -17.9896230699364       0.326126984044811        17.9134535300619     
  -17.9619518619437       0.359680537312556        18.2731340673744     
  -17.9342806539510       0.389176810856401        18.6623108782308     
  -17.9066094459582       0.413120537727399        19.0754314159582     
  -17.8789382379655       0.430235688593186        19.5056671045514     
  -17.8512670299728       0.439577947394089        19.9452450519455     
  -17.8235958219800       0.440620986226915        20.3858660381724     
  -17.7959246139873       0.433305575464806        20.8191716136372     
  -17.7682534059945       0.418045154036448        21.2372167676737     
  -17.7405821980018       0.395687131071713        21.6329038987454     
  -17.7129109900091       0.367434958232620        22.0003388569780     
  -17.6852397820163       0.334740941712085        22.3350797986901     
  -17.6575685740236       0.299183063264436        22.6342628619545     
  -17.6298973660309       0.262340283299135        22.8966031452537     
  -17.6022261580381       0.225679840565392        23.1222829858191     
  -17.5745549500454       0.190467266962377        23.3127502527814     
  -17.5468837420527       0.157705823373951        23.4704560761554     
  -17.5192125340599       0.128107601990059        23.5985636781455     
  -17.4915413260672       0.102094385567263        23.7006580637127     
  -17.4638701180745       7.982310152414482E-002   23.7804811652369     
  -17.4361989100817       6.122871021731361E-002   23.8417098754542     
  -17.4085277020890       4.607670256032764E-002   23.8877865780145     
  -17.3808564940963       3.401789470847379E-002   23.9218044727230     
  -17.3531852861035       2.463957578600345E-002   23.9464440485090     
  -17.3255140781108       1.750889607460476E-002   23.9639529445836     
  -17.2978428701181       1.220629999968987E-002   23.9761592445833     
  -17.2701716621253       8.348511338350944E-003   23.9845077559216     
  -17.2425004541326       5.601879473762228E-003   23.9901096353954     
  -17.2148292461399       3.687722112466575E-003   23.9937973575079     
  -17.1871580381471       2.381673977336328E-003   23.9961790314852     
  -17.1594868301544       1.509058661174842E-003   23.9976880901464     
  -17.1318156221617       9.380578247446521E-004   23.9986261479711     
  -17.1041444141689       5.720747408806950E-004   23.9991982227120     
  -17.0764732061762       3.422753574300098E-004   23.9995404980694     
  -17.0488019981835       2.009085102844268E-004   23.9997414065797     
  -17.0211307901907       1.156968478784183E-004   23.9998571034276     
  -16.9934595821980       6.536541858330339E-005   23.9999224688462     
  -16.9657883742053       3.623181275583774E-005   23.9999587006589     
  -16.9381171662125       1.970605543379815E-005   23.9999784067144     
  -16.9104459582198       1.052203874866097E-005   23.9999889287531     
  -16.8827747502271       5.527662087187555E-006   23.9999944564152     
  -16.8551035422343       2.883590093135345E-006   23.9999973400053     
  -16.8274323342416       1.550226851937094E-006   23.9999988902321     
  -16.7997611262489       9.725976185741107E-007   23.9999998628297     
  -16.7720899182561       8.999730389004906E-007   24.0000007628028     
  -16.7444187102634       1.300236302220498E-006   24.0000020630391     
  -16.7167475022707       2.348676317958341E-006   24.0000044117154     
  -16.6890762942779       4.488472135950102E-006   24.0000089001875     
  -16.6614050862852       8.577414511346318E-006   24.0000174776021     
  -16.6337338782925       1.615424286363870E-005   24.0000336318449     
  -16.6060626702997       2.987991991996119E-005   24.0000635117648     
  -16.5783914623070       5.423506163458732E-005   24.0001177468265     
  -16.5507202543143       9.658412569460342E-005   24.0002143309522     
  -16.5230490463215       1.687473219310698E-004   24.0003830782741     
  -16.4953778383288       2.892471097208011E-004   24.0006723253838     
  -16.4677066303361       4.864084639733925E-004   24.0011587338478     
  -16.4400354223433       8.024776416651728E-004   24.0019612114895     
  -16.4123642143506       1.298866260235035E-003   24.0032600777497     
  -16.3846930063579       2.062507828046851E-003   24.0053225855777     
  -16.3570217983651       3.213116406096624E-003   24.0085357019838     
  -16.3293505903724       4.910853840120591E-003   24.0134465558240     
  -16.3016793823797       7.363550396659187E-003   24.0208101062206     
  -16.2740081743869       1.083221410859663E-002   24.0316423203292     
  -16.2463369663942       1.563316589691641E-002   24.0472754862261     
  -16.2186657584015       2.213483957232666E-002   24.0694103257985     
  -16.1909945504087       3.074720022343547E-002   24.1001575260219     
  -16.1633233424160       4.190198003074513E-002   24.1420595060526     
  -16.1356521344233       5.602260639117067E-002   24.1980821124438     
  -16.1079809264305       7.348384991384367E-002   24.2715659623577     
  -16.0803097184378       9.456280977321677E-002   24.3661287721309     
  -16.0526385104450       0.119384731009571        24.4855135031404     
  -16.0249673024523       0.147869047184272        24.6333825503247     
  -15.9972960944596       0.179682604570002        24.8130651548947     
  -15.9696248864668       0.214207855019997        25.0272730099147     
  -15.9419536784741       0.250533550498341        25.2778065604130     
  -15.9142824704814       0.287473914516143        25.5652804749292     
  -15.8866112624886       0.323619403544847        25.8888998784740     
  -15.8589400544959       0.357418270156014        26.2463181486300     
  -15.8312688465032       0.387283724567480        26.6336018731975     
  -15.8035976385104       0.411717277922029        27.0453191511196     
  -15.7759264305177       0.429435617157882        27.4747547682774     
  -15.7482552225250       0.439486787616334        27.9142415558938     
  -15.7205840145322       0.441341968815982        28.3555835247098     
  -15.6929128065395       0.434951772340940        28.7905352970507     
  -15.6652415985468       0.420760408333161        29.2112957053839     
  -15.6375703905540       0.399676539294034        29.6109722446779     
  -15.6098991825613       0.373005225170221        29.9839774698481     
  -15.5822279745686       0.342350090198470        30.3263275600466     
  -15.5545567665758       0.309497910490822        30.6358254705374     
  -15.5268855585831       0.276298770987915        30.9121242415253     
  -15.4992143505904       0.244553738800464        31.1566779803258     
  -15.4715431425976       0.215919038114189        31.3725970184400     
  -15.4438719346049       0.191831707667833        31.5644287261078     
  -15.4162007266122       0.173457557053921        31.7378862831617     
  -15.3885295186194       0.161658767178420        31.8995450503402     
  -15.3608583106267       0.156976353426828        32.0565214037670     
  -15.3331871026340       0.159622247022594        32.2161436507896     
  -15.3055158946412       0.169476886601260        32.3856205373908     
  -15.2778446866485       0.186090527612087        32.5717110650029     
  -15.2501734786558       0.208689293738704        32.7804003587416     
  -15.2225022706630       0.236189525700592        33.0165898844422     
  -15.1948310626703       0.267225503805267        33.2838153882475     
  -15.1671598546776       0.300195626527063        33.5840110147746     
  -15.1394886466848       0.333330448572720        33.9173414633473     
  -15.1118174386921       0.364782832826494        34.2821242961738     
  -15.0841462306994       0.392736419178287        34.6748607153521     
  -15.0564750227066       0.415524473237299        35.0903851885894     
  -15.0288038147139       0.431747842804701        35.5221330313941     
  -15.0011326067212       0.440379001701346        35.9625120330954     
  -14.9734613987284       0.440839494466352        36.4033515275618     
  -14.9457901907357       0.433040601936583        36.8363921294983     
  -14.9181189827430       0.417381380254927        37.2537735097533     
  -14.8904477747502       0.394703665565198        37.6484771753185     
  -14.8627765667575       0.366209240187523        38.0146864155060     
  -14.8351053587648       0.333349152719168        38.3480355682251     
  -14.8074341507720       0.297698376102152        38.6457339443273     
  -14.7797629427793       0.260830104659569        38.9065640489869     
  -14.7520917347866       0.224202970066756        39.1307670190536     
  -14.7244205267938       0.189071625538872        39.3198386445925     
  -14.6967493188011       0.156427130289173        39.4762657748817     
  -14.6690781108084       0.126969130116479        39.6032349049982     
  -14.6414069028156       0.101107722584144        39.7043426275823     
  -14.6137356948229       7.898970482981468E-002   39.7833323324121     
  -14.5860644868302       6.054196972126125E-002   39.8438743021334     
  -14.5583932788374       4.552421235511289E-002   39.8893985144885     
  -14.5307220708447       3.358366871280001E-002   39.9229821832013     
  -14.5030508628520       2.430600661193007E-002   39.9472881898132     
  -14.4753796548592       1.725833305511820E-002   39.9645465228683     
  -14.4477084468665       1.202219657494247E-002   39.9765687194433     
  -14.4200372388738       8.216153339130420E-003   39.9847848727824     
  -14.3923660308810       5.508748781636425E-003   39.9902936215640     
  -14.3646948228883       3.623573776420818E-003   39.9939171953405     
  -14.3370236148955       2.338411544385412E-003   39.9962556068849     
  -14.3093524069028       1.480486566723444E-003   39.9977360934516     
  -14.2816811989101       9.195760899616237E-004   39.9986556695415     
  -14.2540099909173       5.603643947843103E-004   39.9992160339363     
  -14.2263387829246       3.350063545536587E-004   39.9995510402909     
  -14.1986675749319       1.964876211707617E-004   39.9997475279120     
  -14.1709963669391       1.130620794936993E-004   39.9998605899915     
  -14.1433251589464       6.382610686747831E-005   39.9999244160984     
  -14.1156539509537       3.534918009176643E-005   39.9999597652785     
  -14.0879827429609       1.920701850701453E-005   39.9999789722970     
  -14.0603115349682       1.023859403576554E-005   39.9999892108910     
  -14.0326403269755       5.354528165654824E-006   39.9999945654192     
  -14.0049691189827       2.747302411789830E-006   39.9999973127216     
  -13.9772979109900       1.382978876618727E-006   39.9999986957005     
  -13.9496267029973       6.831972162669921E-007   39.9999993788977     
  -13.9219554950045       3.315794381321402E-007   39.9999997104771     
  -13.8942842870118       1.589933204730696E-007   39.9999998694705     
  -13.8666130790191       7.739489402808740E-008   39.9999999468654     
  -13.8389418710263       4.288103134532893E-008   39.9999999897464     
  -13.8112706630336       3.608617370892686E-008   40.0000000258326     
  -13.7835994550409       5.311460020895539E-008   40.0000000789472     
  -13.7559282470481       1.036722655843418E-007   40.0000001826194     
  -13.7282570390554       2.156913782120837E-007   40.0000003983108     
  -13.7005858310627       4.481843706802963E-007   40.0000008464952     
  -13.6729146230699       9.169590164724659E-007   40.0000017634542     
  -13.6452434150772       1.841858929694552E-006   40.0000036053131     
  -13.6175722070845       3.630152344959474E-006   40.0000072354655     
  -13.5899009990917       7.019486293327474E-006   40.0000142549518     
  -13.5622297910990       1.331643102680993E-005   40.0000275713828     
  -13.5345585831063       2.478394434874570E-005   40.0000523553271     
  -13.5068873751135       4.525355482291795E-005   40.0000976088820     
  -13.4792161671208       8.106522911380991E-005   40.0001786741111     
  -13.4515449591281       1.424676236710092E-004   40.0003211417347     
  -13.4238737511353       2.456390609183281E-004   40.0005667807957     
  -13.3962025431426       4.155070521423688E-004   40.0009822878478     
  -13.3685313351499       6.895394935981600E-004   40.0016718273414     
  -13.3408601271571       1.122637996267296E-003   40.0027944653377     
  -13.3131889191644       1.793165055984354E-003   40.0045876303937     
  -13.2855177111717       2.809964694422559E-003   40.0073975950881     
  -13.2578465031789       4.319979668014314E-003   40.0117175747561     
  -13.2301752951862       6.515729302722682E-003   40.0182333040588     
  -13.2025040871935       9.641513257572031E-003   40.0278748173164     
  -13.1748328792007       1.399679830328602E-002   40.0418716156197     
  -13.1471616712080       1.993490805907878E-002   40.0618065236787     
  -13.1194904632153       2.785497637553086E-002   40.0896615000543     
  -13.0918192552225       3.818526348091170E-002   40.1278467635352     
  -13.0641480472298       5.135647947102694E-002   40.1792032430062     
  -13.0364768392371       6.776477949260272E-002   40.2469680224988     
  -13.0088056312443       8.772557979253405E-002   40.3346936022913     
  -12.9811344232516       0.111421179202626        40.4461147814940     
  -12.9534632152589       0.138847124325370        40.5849619058193     
  -12.9257920072661       0.169763991632884        40.7547258974522     
  -12.8981207992734       0.203662377960793        40.9583882754130     
  -12.8704495912807       0.239749006356708        41.1981372817697     
  -12.8427783832879       0.276960683056563        41.4750979648263     
  -12.8151071752952       0.314010290814401        41.7891082556407     
  -12.7874359673025       0.349465236142873        42.1385734917836     
  -12.7597647593097       0.381854217021338        42.5204277088049     
  -12.7320935513170       0.409793504772066        42.9302212135770     
  -12.7044223433243       0.432119924873997        43.3623411384510     
  -12.6767511353315       0.448015140947286        43.8103562793983     
  -12.6490799273388       0.457105280141195        44.2674615595394     
  -12.6214087193461       0.459521663084167        44.7269832226236     
  -12.5937375113533       0.455912311275115        45.1828955338987     
  -12.5660663033606       0.447399515915750        45.6302950498145     
  -12.5383950953678       0.435485287064030        46.0657803368785     
  -12.5107238873751       0.421913029376225        46.4876933662547     
  -12.4830526793824       0.408499390046709        46.8961927563014     
  -12.4553814713896       0.396954136425286        47.2931468927267     
  -12.4277102633969       0.388707653205530        47.6818545459323     
  -12.4000390554042       0.384765024651152        48.0666195705834     
  -12.3723678474114       0.385602813671933        48.4522223842553     
  -12.3446966394187       0.391119948796448        48.8433423330518     
  -12.3170254314260       0.400648148822465        49.2439904818743     
  -12.2893542234332       0.413020732687879        49.6570112145621     
  -12.2616830154405       0.426692206966298        50.0837034215284     
  -12.2340118074478       0.439895413401173        50.5235988349296     
  -12.2063405994550       0.450818902150461        50.9744177370801     
  -12.1786693914623       0.457785083885529        51.4322028209656     
  -12.1509981834696       0.459409906843641        51.8916127278092     
  -12.1233269754768       0.454727329324941        52.3463400571342     
  -12.0956557674841       0.443266425938410        52.7896064830726     
  -12.0679845594914       0.425074983977574        53.2146814670502     
  -12.0403133514986       0.400690084603050        53.6153715516532     
  -12.0126421435059       0.371062479293418        53.9864340309466     
  -11.9849709355132       0.337446669129889        54.3238807000765     
  -11.9572997275204       0.301271783719742        54.6251524837963     
  -11.9296285195277       0.264009279733847        54.8891617635301     
  -11.9019573115350       0.227052166318010        55.1162139298481     
  -11.8742861035422       0.191617311787986        55.3078312416361     
  -11.8466148955495       0.158678058179392        55.4665092998155     
  -11.8189436875568       0.128929657457995        55.5954389572735     
  -11.7912724795640       0.102785703299373        55.6982246605729     
  -11.7636012715713       8.040035687589117E-002   55.7786250174488     
  -11.7359300635786       6.170909535200655E-002   55.8403341128008     
  -11.7082588555858       4.648001648057121E-002   55.8868141292813     
  -11.6805876475931       3.436824273873352E-002   55.9211823720201     
  -11.6529164396004       2.496735202021184E-002   55.9461497240403     
  -11.6252452316076       1.785361635785238E-002   55.9640033403981     
  -11.5975740236149       1.262076819217367E-002   55.9766241085903     
  -11.5699028156222       8.904727301321566E-003   55.9855288358916     
  -11.5422316076294       6.399015750343432E-003   55.9919278516420     
  -11.5145603996367       4.862385873985815E-003   55.9967902375160     
  -11.4868891916440       4.120510154462223E-003   56.0009107476704     
  -11.4592179836512       4.063524590957333E-003   56.0049742722614     
  -11.4315467756585       4.640908376372700E-003   56.0096151806378     
  -11.4038755676658       5.854759811199622E-003   56.0154699404490     
  -11.3762043596730       7.752114905704394E-003   56.0232220553547     
  -11.3485331516803       1.041664664267627E-002   56.0336387019973     
  -11.3208619436876       1.395993918639047E-002   56.0475986411837     
  -11.2931907356948       1.851257263927732E-002   56.0661112138230     
  -11.2655195277021       2.421545989482382E-002   56.0903266737178     
  -11.2378483197094       3.121218854755175E-002   56.1215388622654     
  -11.2101771117166       3.964344550086602E-002   56.1611823077662     
  -11.1825059037239       4.964482599636372E-002   56.2108271337626     
  -11.1548346957312       6.134933464654996E-002   56.2721764684092     
  -11.1271634877384       7.489557592480026E-002   56.3470720443340     
  -11.0994922797457       9.044195372271521E-002   56.4375139980567     
  -11.0718210717530       0.108186171665931        56.5457001697226     
  -11.0441498637602       0.128388048899797        56.6740882186224     
  -11.0164786557675       0.151392323195683        56.8254805418181     
  -10.9888074477748       0.177646950095147        57.0031274919132     
  -10.9611362397820       0.207711693960691        57.2108391858739     
  -10.9334650317893       0.242251789929594        57.4530909758035     
  -10.9057938237965       0.282012302746249        57.7351032785498     
  -10.8781226158038       0.327770564273788        58.0628738428235     
  -10.8504514078111       0.380266631251097        58.4431404740746     
  -10.8227801998183       0.440114811603382        58.8832552856780     
  -10.7951089918256       0.507702576941410        59.3909578626194     
  -10.7674377838329       0.583086147210935        59.9740440098304     
  -10.7397665758401       0.665894222634471        60.6399382324648     
  -10.7120953678474       0.755252326999628        61.3951905594645     
  -10.6844241598547       0.849739719480814        62.2449302789453     
  -10.6567529518619       0.947388715956910        63.1923189949022     
  -10.6290817438692        1.04573263945799        64.2380516343602     
  -10.6014105358765        1.14190382358404        65.3799554579442     
  -10.5737393278837        1.23277765561137        66.6127331135556     
  -10.5460681198910        1.31515324465823        67.9278863582138     
  -10.5183969118983        1.38595666576514        69.3138430239790     
  -10.4907257039055        1.44244953631942        70.7562925602984     
  -10.4630544959128        1.48242442639466        72.2387169866930     
  -10.4353832879201        1.50436951748229        73.7430865041753     
  -10.4077120799273        1.50758790607225        75.2506744102476     
  -10.3800408719346        1.49226157777957        76.7429359880271     
  -10.3523696639419        1.45945567771086        78.2023916657380     
  -10.3246984559491        1.41106446499091        79.6134561307289     
  -10.2970272479564        1.34970547497067        80.9631616056996     
  -10.2693560399637        1.27857229898278        82.2417339046824     
  -10.2416848319709        1.20125867947379        83.4429925841562     
  -10.2140136239782        1.12156727577431        84.5645598599305     
  -10.1863424159855        1.04331573899539        85.6078755989259     
  -10.1586712079927       0.970151097982096        86.5780266969080     
  -10.1310000000000       0.905381427100014        87.4834081240080     
  -10.1033287920073       0.851831804867646        88.3352399288756     
  -10.0756575840145       0.811729977347763        89.1469699062234     
  -10.0479863760218       0.786625985743757        89.9335958919671     
  -10.0203151680291       0.777349156768932        90.7109450487361     
  -9.99264396003633       0.784004977032471        91.4949500257685     
  -9.96497275204360       0.806013105669243        92.3009631314378     
  -9.93730154405086       0.842185806480215        93.1431489379180     
  -9.90963033605813       0.890843258244739        94.0339921961627     
  -9.88195912806539       0.949958643917181        94.9839508400799     
  -9.85428792007266        1.01732203143237        96.0012728715123     
  -9.82661671207993        1.09070850241044        97.0919813739227     
  -9.79894550408719        1.16803357190244        98.2600149458252     
  -9.77127429609446        1.24747846836058        99.5074934141857     
  -9.74360308810173        1.32756989095758        100.835063305143     
  -9.71593188010899        1.40720361434252        102.242266919486     
  -9.68826067211626        1.48560842567373        103.727875345160     
  -9.66058946412352        1.56225546164042        105.290130806800     
  -9.63291825613079        1.63672672298250        106.926857529782     
  -9.60524704813806        1.70856381727366        108.635421347056     
  -9.57757584014532        1.77712234163244        110.412543688689     
  -9.54990463215259        1.84145770682118        112.254001395510     
  -9.52223342415986        1.90026425133415        114.154265646844     
  -9.49456221616712        1.95188165266853        116.106147299512     
  -9.46689100817439        1.99437215400410        118.100519453517     
  -9.43921980018165        2.02566079602182        120.126180249538     
  -9.41154859218892        2.04372069208156        122.169900941620     
  -9.38387738419619        2.04677821840337        124.216679160023     
  -9.35620617620345        2.03351003166847        126.250189191692     
  -9.32853496821072        2.00320546570803        128.253394657400     
  -9.30086376021798        1.95587360089716        130.209268258297     
  -9.27319255222525        1.89228290650335        132.101551164800     
  -9.24552134423251        1.81393115089561        133.915482315696     
  -9.21785013623978        1.72295252309394        135.638434838790     
  -9.19017892824705        1.62197618086534        137.260411019655     
  -9.16250772025431        1.51395486133243        138.774365880988     
  -9.13483651226158        1.40198353575144        140.176349416739     
  -9.10716530426885        1.28912671511726        141.465476131856     
  -9.07949409627611        1.17826965452720        142.643745786383     
  -9.05182288828338        1.07200423195313        143.715750018337     
  -9.02415168029064       0.972555469360837        144.688305487697     
  -8.99648047229791       0.881750066533741        145.570055554231     
  -8.96880926430518       0.801024214256283        146.371079768487     
  -8.94113805631244       0.731464435427000        147.102544203914     
  -8.91346684831971       0.673872295054290        147.776416498969     
  -8.88579564032698       0.628841603466128        148.405258102435     
  -8.85812443233424       0.596835415499831        149.002093517935     
  -8.83045322434151       0.578250013564209        149.580343531499     
  -8.80278201634878       0.573454476115127        150.153798007614     
  -8.77511080835604       0.582797560751790        150.736595568366     
  -8.74743960036331       0.606578377451807        151.343173945818     
  -8.71976839237057       0.644983227327476        151.988157173145     
  -8.69209718437784       0.697997207328166        152.686154380473     
  -8.66442597638510       0.765304654818401        153.451459035292     
  -8.63675476839237       0.846196108544413        154.297655143836     
  -8.60908356039964       0.939500283566774        155.237155427403     
  -8.58141235240690        1.04355713170696        156.280712559110     
  -8.55374114441417        1.15624252475050        157.436955083860     
  -8.52606993642144        1.27504723427791        158.712002318138     
  -8.49839872842870        1.39720400280029        160.109206320939     
  -8.47072752043597        1.51984821877645        161.629054539715     
  -8.44305631244323        1.64019161901125        163.269246158726     
  -8.41538510445050        1.75568579295781        165.024931951684     
  -8.38771389645776        1.86415367919285        166.889085630877     
  -8.36004268846503        1.96387257416346        168.852958205040     
  -8.33237148047230        2.05360049627835        170.906558701319     
  -8.30470027247956        2.13254753857462        173.039106239893     
  -8.27702906448683        2.20030326262084        175.239409502514     
  -8.24935785649410        2.25673844592907        177.496147948443     
  -8.22168664850136        2.30190320907309        179.798051157516     
  -8.19401544050863        2.33594301030119        182.133994167818     
  -8.16634423251589        2.35904931983380        184.493043487651     
  -8.13867302452316        2.37145389151756        186.864497379169     
  -8.11100181653043        2.37346598153322        189.237963360702     
  -8.08333060853769        2.36554249573710        191.603505856439     
  -8.05565940054496        2.34837371442052        193.951879570860     
  -8.02798819255223        2.32296338131191        196.274842952172     
  -8.00031698455949        2.29068230031699        198.565525252489     
  -7.97264577656676        2.25327906425210        200.818804316741     
  -7.94497456857402        2.21283922173620        203.031643538477     
  -7.91730336058129        2.17169350583375        205.203337044311     
  -7.88963215258856        2.13228481759706        207.335621861908     
  -7.86196094459582        2.09701067760642        209.432632539514     
  -7.83428973660309        2.06806149702982        211.500694036544     
  -7.80661852861035        2.04727470296839        213.547968739512     
  -7.77894732061762        2.03602078416574        215.583989523678     
  -7.75127611262489        2.03513079874035        217.619120322418     
  -7.72360490463215        2.04486742356086        219.663987745979     
  -7.69593369663942        2.06493496970144        221.728922715681     
  -7.66826248864669        2.09451938658022        223.823442102261     
  -7.64059128065395        2.13234792925957        225.955790031521     
  -7.61292007266122        2.17675983844723        228.132549869968     
  -7.58524886466848        2.22578324459711        230.358333114565     
  -7.55757765667575        2.27721814222356        232.635551256788     
  -7.52990644868301        2.32872907064784        234.964280327436     
  -7.50223524069028        2.37795268838157        237.342233015818     
  -7.47456403269755        2.42262394246193        239.764856958280     
  -7.44689282470481        2.46072004040172        242.225576998682     
  -7.41922161671208        2.49061481797364        244.716191816655     
  -7.39155040871935        2.51122892922174        247.227420745877     
  -7.36387920072661        2.52215547117344        249.749576217050     
  -7.33620799273388        2.52373800055164        252.273314217602     
  -7.30853678474114        2.51707967754914        254.790393895151     
  -7.28086557674841        2.50396889158680        257.294362786738     
  -7.25319436875568        2.48671756958810        259.781080356326     
  -7.22552316076294        2.46792184807423        262.249002204400     
  -7.19785195277021        2.45016860056770        264.699170804968     
  -7.17018074477748        2.43572285138020        267.134893656348     
  -7.14250953678474        2.42623798470889        269.561131641057     
  -7.11483832879201        2.42253117892441        271.983662819982     
  -7.08716712079927        2.42446003384231        274.408122853824     
  -7.05949591280654        2.43092353664637        276.839046390470     
  -7.03182470481380        2.43999314648597        279.279039536956     
  -7.00415349682107        2.44916058954830        281.728200126504     
  -6.97648228882834        2.45567109789232        284.183871224397     
  -6.94881108083560        2.45689731096444        286.640768535361     
  -6.92113987284287        2.45070220995645        289.091470745318     
  -6.89346866485014        2.43574046960474        291.527211214922     
  -6.86579745685740        2.41165634383805        293.938867558760     
  -6.83812624886467        2.37915119797818        296.318018756739     
  -6.81045504087194        2.33991258465055        298.657931341389     
  -6.78278383287920        2.29641630317079        300.954347644560     
  -6.75511262488647        2.25163015518842        303.205977799748     
  -6.72744141689373        2.20866061326853        305.414638413017     
  -6.69977020890100        2.17038977387282        307.585028186890     
  -6.67209900090826        2.13914929893823        309.724177485828     
  -6.64442779291553        2.11647116049178        311.840648646320     
  -6.61675658492280        2.10294333886210        313.943591985182     
  -6.58908537693006        2.09818414353744        316.041776128719     
  -6.56141416893733        2.10093362155312        318.142709750272     
  -6.53374296094460        2.10924650590715        320.251956256180     
  -6.50607175295186        2.12075985248735        322.372716108667     
  -6.47840054495913        2.13300093558565        324.505717044253     
  -6.45072933696639        2.14369763255809        326.649414676811     
  -6.42305812897366        2.15105449091010        328.800469167721     
  -6.39538692098093        2.15396262212834        330.954431789849     
  -6.36771571298819        2.15211987910346        333.106551668953     
  -6.34004450499546        2.14604855721019        335.252600226163     
  -6.31237329700273        2.13701000272907        337.389610228892     
  -6.28470208900999        2.12682774570923        339.516437974601     
  -6.25703088101726        2.11764175718616        341.634079731787     
  -6.22935967302452        2.11162487881450        343.745704610602     
  -6.20168846503179        2.11069730944623        345.856401920048     
  -6.17401725703905        2.11627553988939        347.972677459937     
  -6.14634604904632        2.12908806924322        350.101765529181     
  -6.11867484105359        2.14908193393526        352.250847463116     
  -6.09100363306085        2.17543241166268        354.426279874778     
  -6.06333242506812        2.20665459190285        356.632934466681     
  -6.03566121707539        2.24080154702729        358.873736013709     
  -6.00799000908265        2.27572146496853        361.149457478677     
  -5.98031880108992        2.30933711464254        363.458794593320     
  -5.95264759309718        2.33990688783400        365.798701481154     
  -5.92497638510445        2.36622831623422        368.164929797388     
  -5.89730517711171        2.38775256251346        370.552682359901     
  -5.86963396911898        2.40459121370412        372.957273573605     
  -5.84196276112625        2.41741316390060        375.374686737506     
  -5.81429155313351        2.42724711847527        377.801933855981     
  -5.78662034514078        2.43522149351642        380.237155349498     
  -5.75894913714805        2.44228541200542        382.679440761503     
  -5.73127792915531        2.44895978179364        385.128400543297     
  -5.70360672116258        2.45516470854287        387.583565251840     
  -5.67593551316985        2.46015869255027        390.043723944390     
  -5.64826430517711        2.46260757343654        392.506331517826     
  -5.62059309718438        2.46077971702516        394.967111234852     
  -5.59292188919164        2.45284206256687        397.419953297418     
  -5.56525068119891        2.43721319265436        399.857166490073     
  -5.53757947320618        2.41291790609221        402.270084396165     
  -5.50990826521344        2.37988508671519        404.649969482880     
  -5.48223705722071        2.33913760751303        406.989107090393     
  -5.45456584922798        2.29283850673146        409.281945597125     
  -5.42689464123524        2.24417912034255        411.526124717467     
  -5.39922343324251        2.19711863605187        413.723243353519     
  -5.37155222524977        2.15600670066707        415.879250054186     
  -5.34388101725704        2.12513771297024        418.004387767156     
  -5.31620980926430        2.10829472493093        420.112682492087     
  -5.28853860127157        2.10834130981092        422.221023801898     
  -5.26086739327884        2.12691169568296        424.347935497581     
  -5.23319618528610        2.16423460142528        426.512170099007     
  -5.20552497729337        2.21910719298701        428.731277291994     
  -5.17785376930064        2.28901548479834        431.020292776792     
  -5.15018256130790        2.37037933980849        433.390672116600     
  -5.12251135331517        2.45888641808721        435.849558534688     
  -5.09484014532243        2.54987156028572        438.399430094973     
  -5.06716893732970        2.63869670975807        441.038126804731     
  -5.03949772933696        2.72109110362563        443.759217908357     
  -5.01182652134423        2.79342078495030        446.552638693307     
  -4.98415531335150        2.85286863874995        449.405507332057     
  -4.95648410535876        2.89751906634212        452.303026398399     
  -4.92881289736603        2.92635317349408        455.229379571893     
  -4.90114168937330        2.93916950114644        458.168549073040     
  -4.87347048138056        2.93645106183988        461.105000134880     
  -4.84579927338783        2.91920164461490        464.024201779495     
  -4.81812806539509        2.88877350081079        466.912975280305     
  -4.79045685740236        2.84670549721499        469.759680777520     
  -4.76278564940963        2.79458661490277        472.554267392423     
  -4.73511444141689        2.73395513586394        475.288222528287     
  -4.70744323342416        2.66623953062321        477.954462058910     
  -4.67977202543143        2.59274310090590        480.547205159816     
  -4.65210081743869        2.51467070928709        483.061875869103     
  -4.62442960944596        2.43319219372492        485.495068062828     
  -4.59675840145323        2.34953317010429        487.844601232932     
  -4.56908719346049        2.26508000022122        490.109681233154     
  -4.54141598546776        2.18148223007998        492.291163463234     
  -4.51374477747502        2.10073356134472        494.391897024578     
  -4.48607356948229        2.02521228922172        496.417109313800     
  -4.45840236148955        1.95766484221604        498.374774156016     
  -4.43073115349682        1.90112188028996        500.275896036306     
  -4.40305994550409        1.85874501239270        502.134641048699     
  -4.37538873751135        1.83361257442574        503.968253623125     
  -4.34771752951862        1.82846350249257        505.796717125617     
  -4.32004632152589        1.84542729523244        507.642144420850     
  -4.29237511353315        1.88577360908878        509.527918029938     
  -4.26470390554042        1.94971584580525        511.477633875744     
  -4.23703269754768        2.03629859743735        513.513932473181     
  -4.20936148955495        2.14338934996664        515.657321823148     
  -4.18169028156222        2.26778165269162        517.925103475839     
  -4.15401907356948        2.40540199065758        520.330505466497     
  -4.12634786557675        2.55159819172293        522.882103658220     
  -4.09867665758402        2.70147568232931        525.583579340549     
  -4.07100544959128        2.85024118005801        528.433820520607     
  -4.04333424159855        2.99351262692718        531.427333147534     
  -4.01566303360581        3.12755951905363        534.554892666588     
  -3.98799182561308        3.24944847314007        537.804341139728     
  -3.96032061762034        3.35708321733946        541.161424357068     
  -3.93264940962761        3.44914393799462        544.610568295062     
  -3.90497820163488        3.52494556744489        548.135513862507     
  -3.87730699364214        3.58424586188880        551.719759724396     
  -3.84963578564941        3.62704025730072        555.346799981697     
  -3.82196457765668        3.65338061770559        559.000180599402     
  -3.79429336966394        3.66324920229448        562.663429801697     
  -3.76662216167121        3.65650853380232        566.319938335499     
  -3.73895095367847        3.63293417800049        569.952872513499     
  -3.71127974568574        3.59232302166693        573.545195535166     
  -3.68360853769300        3.53465680132583        577.079852336492     
  -3.65593732970027        3.46029138868043        580.540143725173     
  -3.62826612170754        3.37013802036382        583.910281745536     
  -3.60059491371480        3.26580374878612        587.176085494322     
  -3.57292370572207        3.14966447026943        590.325749964592     
  -3.54525249772934        3.02485376841636        593.350603733008     
  -3.51758128973660        2.89516279195029        596.245766524959     
  -3.48991008174387        2.76485857681585        599.010625101774     
  -3.46223887375114        2.63843887272272        601.649063974497     
  -3.43456766575840        2.52034929980320        604.169413274300     
  -3.40689645776567        2.41469275606180        606.584106030362     
  -3.37922524977293        2.32496122554118        608.909067255903     
  -3.35155404178020        2.25381682048712        611.162884076390     
  -3.32388283378747        2.20294272188616        613.365826798277     
  -3.29621162579473        2.17297656950618        615.538803367783     
  -3.26854041780200        2.16352978019571        617.702333147979     
  -3.24086920980927        2.17328721061678        619.875620358595     
  -3.21319800181653        2.20017342829802        622.075793786893     
  -3.18552679382380        2.24156541446952        624.317359201363     
  -3.15785558583106        2.29452746150608        626.611886662869     
  -3.13018437783833        2.35604282418906        628.967929487058     
  -3.10251316984559        2.42321854389694        631.391148030955     
  -3.07484196185286        2.49344464053780        633.884592671493     
  -3.04717075386013        2.56449600325546        636.449088674748     
  -3.01949954586739        2.63457385666828        639.083662531417     
  -2.99182833787466        2.70229238727929        641.785954918696     
  -2.96415712988193        2.76662362614048        644.552578544836     
  -2.93648592188919        2.82681877056598        647.379397315402     
  -2.90881471389646        2.88232593802001        650.261723253422     
  -2.88114350590372        2.93272259505479        653.194445848477     
  -2.85347229791099        2.97767595963971        656.172121808117     
  -2.82580108991825        3.01693750043197        659.189059308549     
  -2.79812988192552        3.05036962998368        662.239428938532     
  -2.77045867393279        3.07799532875780        665.317424267290     
  -2.74278746594005        3.10005609758118        668.417480364871     
  -2.71511625794732        3.11706124647270        671.534541611344     
  -2.68744504995459        3.12981242839740        674.664354039742     
  -2.65977384196185        3.13939123941510        677.803745279157     
  -2.63210263396912        3.14710383277291        680.950849111930     
  -2.60443142597638        3.15438370526343        684.105232817193     
  -2.57676021798365        3.16266088427952        687.267893701472     
  -2.54908900999092        3.17321156837471        690.441105269847     
  -2.52141780199818        3.18700602768800        693.628111297535     
  -2.49374659400545        3.20457379167296        696.832685089208     
  -2.46607538601272        3.22590375464169        700.058588843850     
  -2.43840417801998        3.25039306839383        703.308981912244     
  -2.41073297002725        3.27685309692880        706.585835009172     
  -2.38306176203452        3.30357401982146        709.889409028994     
  -2.35539055404178        3.32844275947766        713.217851788471     
  -2.32771934604905        3.34910268861859        716.566954477090     
  -2.30004813805631        3.36313889855153        719.930093375641     
  -2.27237693006358        3.36827033385453        723.298363709496     
  -2.24470572207084        3.36253016258012        726.660893872076     
  -2.21703451407811        3.34441827764491        730.005312149721     
  -2.18936330608538        3.31301430661714        733.318326456338     
  -2.16169209809264        3.26804508066915        736.586371537007     
  -2.13402089009991        3.20990613451892        739.796277671526     
  -2.10634968210718        3.13964148514071        742.935919156667     
  -2.07867847411444        3.05888895948595        745.994808116153     
  -2.05100726612171        2.96979944897706        748.964607565130     
  -2.02333605812897        2.87493788775701        751.839545452887     
  -1.99566485013624        2.77717210108500        754.616717553972     
  -1.96799364214350        2.67955375481123        757.296271308783     
  -1.94032243415077        2.58519419784998        759.881465506633     
  -1.91265122615804        2.49713748907932        762.378602995713     
  -1.88498001816530        2.41823340682092        764.796836402533     
  -1.85730881017257        2.35101444706018        767.147850849594     
  -1.82963760217984        2.29758218274822        769.445433032342     
  -1.80196639418710        2.25950930294836        771.704942335290     
  -1.77429518619437        2.23776375868724        773.942706093977     
  -1.74662397820163        2.23266057331531        776.175366667293     
  -1.71895277020890        2.24384518129563        778.419211848588     
  -1.69128156221617        2.27030999309062        780.689521841679     
  -1.66361035422343        2.31044364803908        782.999965489718     
  -1.63593914623070        2.36211041906096        785.362075908779     
  -1.60826793823797        2.42275559926917        787.784831508048     
  -1.58059673024523        2.48953138263116        790.274362890680     
  -1.55292552225250        2.55943661344462        792.833799504124     
  -1.52525431425976        2.62946272935129        795.463262233475     
  -1.49758310626703        2.69673731882982        798.159999552305     
  -1.46991189827429        2.75865620588494        800.918655758190     
  -1.44224069028156        2.81299524219747        803.731651000388     
  -1.41456948228883        2.85799439696991        806.589645397358     
  -1.38689827429609        2.89240945908272        809.482054856440     
  -1.35922706630336        2.91553053251436        812.397585388955     
  -1.33155585831063        2.92717094266151        815.324756331616     
  -1.30388465031789        2.92763428399323        818.252390615609     
  -1.27621344232516        2.91767011319791        821.170060728807     
  -1.24854223433243        2.89842936788087        824.068490096688     
  -1.22087102633969        2.87142854049878        826.939918637187     
  -1.19319981834696        2.83852714756839        829.778445784755     
  -1.16552861035422        2.80191693953337        832.580362724289     
  -1.13785740236149        2.76411493431675        835.344477658605     
  -1.11018619436875        2.72794727520967        838.072424933815     
  -1.08251498637602        2.69650850006582        840.768933433881     
  -1.05484377838329        2.67308194337715        843.442015377258     
  -1.02717257039055        2.66101180809309        846.103027185351     
 -0.999501362397819        2.66352526272932        848.766552448081     
 -0.971830154405087        2.68351238404455        851.450064832125     
 -0.944158946412351        2.72328112624818        854.173345958373     
 -0.916487738419619        2.78431198213251        856.957657940506     
 -0.888816530426883        2.86704117692217        859.824699117428     
 -0.861145322434151        2.97070127678150        862.795400394209     
 -0.833474114441415        3.09324390410653        865.888644298316     
 -0.805802906448683        3.23136142535858        869.120005723675     
 -0.778131698455947        3.38061413416489        872.500619857840     
 -0.750460490463215        3.53565800204064        876.036277859880     
 -0.722789282470480        3.69055696860361        879.726834828484     
 -0.695118074477747        3.83915430229208        883.565989130776     
 -0.667446866485012        3.97547081914069        887.541459949917     
 -0.639775658492280        4.09409440901985        891.635554358936     
 -0.612104450499544        4.19052574765361        895.826080106590     
 -0.584433242506812        4.26144928001321        900.087529386603     
 -0.556762034514076        4.30490619662727        904.392435583230     
 -0.529090826521344        4.32035646412912        908.712792047359     
 -0.501419618528608        4.30862892098215        913.021420968342     
 -0.473748410535876        4.27177060464551        917.293191572987     
 -0.446077202543140        4.21281726103395        921.506008834021     
 -0.418405994550408        4.13551487094136        925.641523704963     
 -0.390734786557672        4.04402579697702        929.685549501940     
 -0.363063578564940        3.94265217212304        933.628201674063     
 -0.335392370572205        3.83560354161081        937.463805215673     
 -0.307721162579472        3.72682646081081        941.190631676484     
 -0.280049954586740        3.61990234480729        944.810534021292     
 -0.252378746594005        3.51800835020131        948.328542371493     
 -0.224707538601272        3.42392643989758        951.752468811390     
 -0.197036330608537        3.34007963828270        955.092548449673     
 -0.169365122615805        3.26857272263429        958.361121172307     
 -0.141693914623069        3.21121724891152        961.572338421219     
 -0.114022706630337        3.16952707705697        964.741865498276     
 -8.635149863760105E-002   3.14467901904404        967.886544517320     
 -5.868029064486890E-002   3.13744215995384        971.023986677274     
 -3.100908265213320E-002   3.14808714049330        974.172073817767     
 -3.337874659401052E-003   3.17629196118684        977.348365778954     
  2.433333333333465E-002   3.22106298081538        980.569428759769     
  5.200454132606680E-002   3.28068868408452        983.850117443854     
  7.967574931880250E-002   3.35273999598623        987.202857439840     
  0.107346957311535        3.43412530699102        990.636982746831     
  0.135018165304270        3.52120196834951        994.158184715181     
  0.162689373297003        3.60993976403253        997.768124479213     
  0.190360581289738        3.69612647056844        1001.46425094978     
  0.218031789282470        3.77560147913358        1005.23985242892     
  0.245702997275206        3.84450069882944        1009.08435312774     
  0.273374205267938        3.89949452737824        1012.98384765512     
  0.301045413260674        3.93800044904548        1016.92184810417     
  0.328716621253406        3.95835273155354        1020.88020083572     
  0.356387829246142        3.95991377519394        1024.84011461092     
  0.384059037238874        3.94311502484974        1028.78322963577     
  0.411730245231610        3.90942008117553        1032.69264971694     
  0.439401453224342        3.86120869293586        1036.55385840988     
  0.467072661217077        3.80158737680893        1040.35544578669     
  0.494743869209810        3.73413988199968        1044.08958566869     
  0.522415077202545        3.66263770591588        1047.75222337460     
  0.550086285195277        3.59073633606633        1051.34295971067     
  0.577757493188013        3.52168585402539        1054.86464556469     
  0.605428701180745        3.45808427254194        1058.32272983724     
  0.633099909173481        3.40169822616308        1061.72442806340     
  0.660771117166213        3.35336869414363        1065.07779675754     
  0.688442325158949        3.31301013489510        1068.39080689244     
  0.716113533151681        3.27970099162219        1071.67050788406     
  0.743784741144417        3.25185341392952        1074.92236129799     
  0.771455949137149        3.22744159040934        1078.14980288840     
  0.799127157129885        3.20426237022550        1081.35406525862     
  0.826798365122617        3.18019948493210        1084.53426474356     
  0.854469573115349        3.15346377161588        1087.68772851517     
  0.882140781108085        3.12278597677749        1090.81051449195     
  0.909811989100817        3.08754525600278        1093.89805974795     
  0.937483197093552        3.04782443410960        1096.94588418206     
  0.965154405086285        3.00439145119054        1099.95027563325     
  0.992825613079020        2.95861425471898        1102.90888988797     
   1.02049682107175        2.91232291984667        1105.82121280782     
   1.04816802906449        2.86763739817798        1108.68885020600     
   1.07583923705722        2.82678163375708        1111.51563183975     
   1.10351044504996        2.79190469184342        1114.30753653160     
   1.13118165304269        2.76492710226971        1117.07246363387     
   1.15885286103542        2.74742614760226        1119.81988978147     
   1.18652406902816        2.74056788987927        1122.56045767135     
   1.21419527702089        2.74508710221283        1125.30554477356     
   1.24186648501362        2.76130986644602        1128.06685464001     
   1.26953769300636        2.78920835090129        1130.85606299091     
   1.29720890099909        2.82847399883463        1133.68453698974     
   1.32488010899183        2.87859455628525        1136.56313154603     
   1.35255131698456        2.93892215051567        1139.50205369654     
   1.38022252497730        3.00872362741018        1142.51077732395     
   1.40789373297003        3.08720976184694        1145.59798708580     
   1.43556494096276        3.17354566079153        1148.77153274659     
   1.46323614895550        3.26684948530496        1152.03838223190     
   1.49090735694823        3.36618948050141        1155.40457171240     
   1.51857856494096        3.47058955969156        1158.87516127209     
   1.54624977293370        3.57905121718004        1162.45421248927     
   1.57392098092643        3.69059480683824        1166.14480729611     
   1.60159218891917        3.80431719614488        1169.94912449225     
   1.62926339691190        3.91945679070008        1173.86858128295     
   1.65693460490463        4.03545229368707        1177.90403357664     
   1.68460581289737        4.15197947760646        1182.05601305425     
   1.71227702089010        4.26895140292038        1186.32496445717     
   1.73994822888283        4.38647200193816        1190.71143645910     
   1.76761943687557        4.50474017677457        1195.21617663588     
   1.79529064486830        4.62391038319824        1199.84008701908     
   1.82296185286104        4.74392455952638        1204.58401157860     
   1.85063306085377        4.86433758656677        1209.44834916517     
   1.87830426884651        4.98416280919350        1214.43251197436     
   1.90597547683924        5.10176455777315        1219.53427653214     
   1.93364668483197        5.21482076798529        1224.74909730012     
   1.96131789282471        5.32037110256054        1230.06946840268     
   1.98898910081744        5.41495545372822        1235.48442385641     
   2.01666030881017        5.49483583343232        1240.97925968984     
   2.04433151680291        5.55628313375761        1246.53554282360     
   2.07200272479564        5.59590070198866        1252.13144352559     
   2.09967393278837        5.61095046832074        1257.74239399391     
   2.12734514078111        5.59964536109115        1263.34203935500     
   2.15501634877384        5.56137424264633        1268.90341359765     
   2.18268755676658        5.49683230395263        1274.40024590160     
   2.21035876475931        5.40803993295571        1279.80828583456     
   2.23802997275205        5.29824525674863        1285.10653109131     
   2.26570118074478        5.17171831500838        1290.27824940631     
   2.29337238873751        5.03345653433553        1295.31170594065     
   2.32104359673025        4.88883035059989        1300.20053629125     
   2.34871480472298        4.74320331716978        1304.94373960842     
   2.37638601271571        4.60156220714239        1309.54530181556     
   2.40405722070845        4.46818946898252        1314.01349128454     
   2.43172842870118        4.34640358509374        1318.35989486964     
   2.45939963669392        4.23838362923673        1322.59827849887     
   2.48707084468665        4.14508418737735        1326.74336268625     
   2.51474205267938        4.06623741811452        1330.80960010437     
   2.54241326067212        4.00043174022400        1334.81003184459     
   2.57008446866485        3.94525226937664        1338.75528411397     
   2.59775567665758        3.89746682057938        1342.65275093455     
   2.62542688465032        3.85324250564058        1346.50599344019     
   2.65309809264305        3.80838063867213        1350.31437407886     
   2.68076930063579        3.75856056207183        1354.07293464093     
   2.70844050862852        3.69958500388060        1357.77251964481     
   2.73611171662126        3.62762000008078        1361.40013964489     
   2.76378292461399        3.53942120745086        1364.93956085234     
   2.79145413260672        3.43253616304309        1368.37209701539     
   2.81912534059946        3.30546973690808        1371.67756675229     
   2.84679654859219        3.15779885097489        1374.83536560327     
   2.87446775658492        2.99022348487622        1377.82558908814     
   2.90213896457766        2.80454456067726        1380.63013364882     
   2.92981017257039        2.60356534453148        1383.23369899335     
   2.95748138056313        2.39092073100373        1385.62461972436     
   2.98515258855586        2.17084691900653        1387.79546664336     
   3.01282379654859        1.94791109787629        1389.74337774124     
   3.04049500454133        1.72672553662754        1391.47010327787     
   3.06816621253406        1.51167204225086        1392.98177532012     
   3.09583742052680        1.30666086815078        1394.28843618827     
   3.12350862851953        1.11494319558397        1395.40337938385     
   3.15117983651226       0.938989190285519        1396.34236857414     
   3.17885104450500       0.780435574162242        1397.12280414830     
   3.20652225249773       0.640098917114990        1397.76290306542     
   3.23419346049046       0.518044521915125        1398.28094758733     
   3.26186466848320       0.413696554563427        1398.69464414189     
   3.28953587647593       0.325973231674338        1399.02061737357     
   3.31720708446867       0.253431265627631        1399.27404863920     
   3.34487829246140       0.194405920594154        1399.46845455979     
   3.37254950045413       0.147136305328802        1399.61559086512     
   3.40022070844687       0.109869248856977        1399.72546011398     
   3.42789191643960       8.093868866010050E-002   1399.80639880264     
   3.45556312443233       5.882052685930570E-002   1399.86521932950     
   3.48323433242507       4.216514692313426E-002   1399.90738447642     
   3.51090554041780       2.981117514354571E-002   1399.93719565156     
   3.53857674841054       2.078469450873553E-002   1399.95798034607     
   3.56624795640327       1.428813175166981E-002   1399.97226847782     
   3.59391916439601       9.682630684032387E-003   1399.98195110851     
   3.62159037238874       6.467078462456289E-003   1399.98841818697     
   3.64926158038147       4.256216674408304E-003   1399.99267440364     
   3.67693278837421       2.759554744682287E-003   1399.99543395839     
   3.70460399636694       1.762176257555192E-003   1399.99719613465     
   3.73227520435967       1.108021597761421E-003   1399.99830415624     
   3.75994641235241       6.858495314581788E-004   1399.99899000578     
   3.78761762034514       4.178164049190115E-004   1399.99940782218     
   3.81528882833788       2.504463698482303E-004   1399.99965826855     
   3.84296003633061       1.476782454774251E-004   1399.99980594680     
   3.87063124432335       8.564359574571919E-005   1399.99989159039     
   3.89830245231608       4.883808778926896E-005   1399.99994042848     
   3.92597366030881       2.737926414048217E-005   1399.99996780774     
   3.95364486830155       1.508702641954776E-005   1399.99998289477     
   3.98131607629428       8.170134783120752E-006   1399.99999106490     
   4.00898728428701       4.347393406563379E-006   1399.99999541230     
   4.03665849227975       2.272682134174878E-006   1399.99999768498     
   4.06432970027248       1.167077286391152E-006   1399.99999885206     
   4.09200090826521       5.886509410024231E-007   1399.99999944071     
   4.11967211625795       2.915843843546290E-007   1399.99999973229     
   4.14734332425068       1.418319956576959E-007   1399.99999987412     
   4.17501453224342       6.774030953386094E-008   1399.99999994186     
   4.20268574023615       3.176482532378771E-008   1399.99999997363     
   4.23035694822888       1.462308381935257E-008   1399.99999998825     
   4.25802815622162       6.608375920590624E-009   1399.99999999486     
   4.28569936421435       2.931479414140618E-009   1399.99999999779     
   4.31337057220708       1.276412456741212E-009   1399.99999999907     
   4.34104178019982       5.454882412198221E-010   1399.99999999961     
   4.36871298819255       2.287969076892639E-010   1399.99999999984     
   4.39638419618529       9.418206530420123E-011   1399.99999999994     
   4.42405540417802       3.804748839120534E-011   1399.99999999998     
   4.45172661217076       1.508375585893007E-011   1399.99999999999     
   4.47939782016349       5.867920678439414E-012   1400.00000000000     
   4.50706902815622       2.240321968736969E-012   1400.00000000000     
   4.53474023614896       8.390843358671574E-013   1400.00000000000     
   4.56241144414169       3.083206975319774E-013   1400.00000000000     
   4.59008265213442       1.112440218067889E-013   1400.00000000000     
   4.61775386012716       3.941470630777766E-014   1400.00000000000     
   4.64542506811989       1.368447456046029E-014   1400.00000000000     
   4.67309627611263       4.568285853767673E-015   1400.00000000000     
   4.70076748410536       1.510998357684423E-015   1400.00000000000     
   4.72843869209809       5.218265056172733E-016   1400.00000000000     
   4.75610990009083       1.271227047239254E-016   1400.00000000000     
   4.78378110808356       7.405100838075995E-017   1400.00000000000     
   4.81145231607629       0.000000000000000E+000   1400.00000000000     
   4.83912352406903       0.000000000000000E+000   1400.00000000000     
   4.86679473206176       0.000000000000000E+000   1400.00000000000     
   4.89446594005450       0.000000000000000E+000   1400.00000000000     
   4.92213714804723       0.000000000000000E+000   1400.00000000000     
   4.94980835603997       0.000000000000000E+000   1400.00000000000     
   4.97747956403270       0.000000000000000E+000   1400.00000000000     
   5.00515077202543       0.000000000000000E+000   1400.00000000000     
   5.03282198001817       0.000000000000000E+000   1400.00000000000     
   5.06049318801090       0.000000000000000E+000   1400.00000000000     
   5.08816439600363       0.000000000000000E+000   1400.00000000000     
