  -25.3501643960036       0.000000000000000E+000  0.000000000000000E+000
  -25.3224931880109       0.000000000000000E+000  0.000000000000000E+000
  -25.2948219800182       0.000000000000000E+000  0.000000000000000E+000
  -25.2671507720254       0.000000000000000E+000  0.000000000000000E+000
  -25.2394795640327       0.000000000000000E+000  0.000000000000000E+000
  -25.2118083560400       0.000000000000000E+000  0.000000000000000E+000
  -25.1841371480472       0.000000000000000E+000  0.000000000000000E+000
  -25.1564659400545       0.000000000000000E+000  0.000000000000000E+000
  -25.1287947320618       0.000000000000000E+000  0.000000000000000E+000
  -25.1011235240690       0.000000000000000E+000  0.000000000000000E+000
  -25.0734523160763       0.000000000000000E+000  0.000000000000000E+000
  -25.0457811080836       0.000000000000000E+000  0.000000000000000E+000
  -25.0181099000908       0.000000000000000E+000  0.000000000000000E+000
  -24.9904386920981       0.000000000000000E+000  0.000000000000000E+000
  -24.9627674841054       0.000000000000000E+000  0.000000000000000E+000
  -24.9350962761126       0.000000000000000E+000  0.000000000000000E+000
  -24.9074250681199       0.000000000000000E+000  0.000000000000000E+000
  -24.8797538601272       0.000000000000000E+000  0.000000000000000E+000
  -24.8520826521344       0.000000000000000E+000  0.000000000000000E+000
  -24.8244114441417       0.000000000000000E+000  0.000000000000000E+000
  -24.7967402361490       0.000000000000000E+000  0.000000000000000E+000
  -24.7690690281562       0.000000000000000E+000  0.000000000000000E+000
  -24.7413978201635       0.000000000000000E+000  0.000000000000000E+000
  -24.7137266121708       0.000000000000000E+000  0.000000000000000E+000
  -24.6860554041780       0.000000000000000E+000  0.000000000000000E+000
  -24.6583841961853       0.000000000000000E+000  0.000000000000000E+000
  -24.6307129881926       0.000000000000000E+000  0.000000000000000E+000
  -24.6030417801998       0.000000000000000E+000  0.000000000000000E+000
  -24.5753705722071       0.000000000000000E+000  0.000000000000000E+000
  -24.5476993642144       0.000000000000000E+000  0.000000000000000E+000
  -24.5200281562216       0.000000000000000E+000  0.000000000000000E+000
  -24.4923569482289       0.000000000000000E+000  0.000000000000000E+000
  -24.4646857402361       0.000000000000000E+000  0.000000000000000E+000
  -24.4370145322434       0.000000000000000E+000  0.000000000000000E+000
  -24.4093433242507       0.000000000000000E+000  0.000000000000000E+000
  -24.3816721162579       0.000000000000000E+000  0.000000000000000E+000
  -24.3540009082652       0.000000000000000E+000  0.000000000000000E+000
  -24.3263297002725       0.000000000000000E+000  0.000000000000000E+000
  -24.2986584922797       0.000000000000000E+000  0.000000000000000E+000
  -24.2709872842870       0.000000000000000E+000  0.000000000000000E+000
  -24.2433160762943       0.000000000000000E+000  0.000000000000000E+000
  -24.2156448683015       0.000000000000000E+000  0.000000000000000E+000
  -24.1879736603088       0.000000000000000E+000  0.000000000000000E+000
  -24.1603024523161       0.000000000000000E+000  0.000000000000000E+000
  -24.1326312443233       0.000000000000000E+000  0.000000000000000E+000
  -24.1049600363306       0.000000000000000E+000  0.000000000000000E+000
  -24.0772888283379       0.000000000000000E+000  0.000000000000000E+000
  -24.0496176203451       0.000000000000000E+000  0.000000000000000E+000
  -24.0219464123524       0.000000000000000E+000  0.000000000000000E+000
  -23.9942752043597       0.000000000000000E+000  0.000000000000000E+000
  -23.9666039963669       0.000000000000000E+000  0.000000000000000E+000
  -23.9389327883742       0.000000000000000E+000  0.000000000000000E+000
  -23.9112615803815       0.000000000000000E+000  0.000000000000000E+000
  -23.8835903723887       0.000000000000000E+000  0.000000000000000E+000
  -23.8559191643960       0.000000000000000E+000  0.000000000000000E+000
  -23.8282479564033       0.000000000000000E+000  0.000000000000000E+000
  -23.8005767484105       0.000000000000000E+000  0.000000000000000E+000
  -23.7729055404178       0.000000000000000E+000  0.000000000000000E+000
  -23.7452343324251       0.000000000000000E+000  0.000000000000000E+000
  -23.7175631244323       0.000000000000000E+000  0.000000000000000E+000
  -23.6898919164396       0.000000000000000E+000  0.000000000000000E+000
  -23.6622207084469       0.000000000000000E+000  0.000000000000000E+000
  -23.6345495004541       0.000000000000000E+000  0.000000000000000E+000
  -23.6068782924614       0.000000000000000E+000  0.000000000000000E+000
  -23.5792070844687       0.000000000000000E+000  0.000000000000000E+000
  -23.5515358764759       0.000000000000000E+000  0.000000000000000E+000
  -23.5238646684832       0.000000000000000E+000  0.000000000000000E+000
  -23.4961934604905       0.000000000000000E+000  0.000000000000000E+000
  -23.4685222524977       0.000000000000000E+000  0.000000000000000E+000
  -23.4408510445050       0.000000000000000E+000  0.000000000000000E+000
  -23.4131798365123       0.000000000000000E+000  0.000000000000000E+000
  -23.3855086285195       0.000000000000000E+000  0.000000000000000E+000
  -23.3578374205268       0.000000000000000E+000  0.000000000000000E+000
  -23.3301662125341       0.000000000000000E+000  0.000000000000000E+000
  -23.3024950045413       0.000000000000000E+000  0.000000000000000E+000
  -23.2748237965486       0.000000000000000E+000  0.000000000000000E+000
  -23.2471525885559       0.000000000000000E+000  0.000000000000000E+000
  -23.2194813805631       0.000000000000000E+000  0.000000000000000E+000
  -23.1918101725704       0.000000000000000E+000  0.000000000000000E+000
  -23.1641389645777       0.000000000000000E+000  0.000000000000000E+000
  -23.1364677565849       0.000000000000000E+000  0.000000000000000E+000
  -23.1087965485922       0.000000000000000E+000  0.000000000000000E+000
  -23.0811253405995       0.000000000000000E+000  0.000000000000000E+000
  -23.0534541326067       0.000000000000000E+000  0.000000000000000E+000
  -23.0257829246140       0.000000000000000E+000  0.000000000000000E+000
  -22.9981117166213       0.000000000000000E+000  0.000000000000000E+000
  -22.9704405086285       0.000000000000000E+000  0.000000000000000E+000
  -22.9427693006358       0.000000000000000E+000  0.000000000000000E+000
  -22.9150980926431       0.000000000000000E+000  0.000000000000000E+000
  -22.8874268846503       0.000000000000000E+000  0.000000000000000E+000
  -22.8597556766576       0.000000000000000E+000  0.000000000000000E+000
  -22.8320844686649       0.000000000000000E+000  0.000000000000000E+000
  -22.8044132606721       0.000000000000000E+000  0.000000000000000E+000
  -22.7767420526794       0.000000000000000E+000  0.000000000000000E+000
  -22.7490708446866       0.000000000000000E+000  0.000000000000000E+000
  -22.7213996366939       0.000000000000000E+000  0.000000000000000E+000
  -22.6937284287012       0.000000000000000E+000  0.000000000000000E+000
  -22.6660572207084       0.000000000000000E+000  0.000000000000000E+000
  -22.6383860127157       0.000000000000000E+000  0.000000000000000E+000
  -22.6107148047230       0.000000000000000E+000  0.000000000000000E+000
  -22.5830435967302       0.000000000000000E+000  0.000000000000000E+000
  -22.5553723887375       0.000000000000000E+000  0.000000000000000E+000
  -22.5277011807448       0.000000000000000E+000  0.000000000000000E+000
  -22.5000299727520       0.000000000000000E+000  0.000000000000000E+000
  -22.4723587647593       0.000000000000000E+000  0.000000000000000E+000
  -22.4446875567666       0.000000000000000E+000  0.000000000000000E+000
  -22.4170163487738       0.000000000000000E+000  0.000000000000000E+000
  -22.3893451407811       0.000000000000000E+000  0.000000000000000E+000
  -22.3616739327884       0.000000000000000E+000  0.000000000000000E+000
  -22.3340027247956       0.000000000000000E+000  0.000000000000000E+000
  -22.3063315168029       0.000000000000000E+000  0.000000000000000E+000
  -22.2786603088102       0.000000000000000E+000  0.000000000000000E+000
  -22.2509891008174       4.364563847339766E-016  4.364563847339766E-016
  -22.2233178928247       6.075865004280114E-016  1.044042885161988E-015
  -22.1956466848320       1.764579524217445E-015  2.808622409379433E-015
  -22.1679754768392       5.621080861202817E-015  8.429703270582249E-015
  -22.1403042688465       1.664799797980898E-014  2.507770125039123E-014
  -22.1126330608538       4.890613134486909E-014  7.398383259526032E-014
  -22.0849618528610       1.406278242009587E-013  2.146116567962190E-013
  -22.0572906448683       3.976079304502087E-013  6.122195872464277E-013
  -22.0296194368756       1.101796209063423E-012  1.714015796309850E-012
  -22.0019482288828       2.997472270689423E-012  4.711488066999273E-012
  -21.9742770208901       7.998669558069734E-012  1.271015762506901E-011
  -21.9466058128974       2.094081099748280E-011  3.365096862255181E-011
  -21.9189346049046       5.378740499468579E-011  8.743837361723759E-011
  -21.8912633969119       1.355381801354021E-010  2.229765537526397E-010
  -21.8635921889192       3.350747452874807E-010  5.580512990401203E-010
  -21.8359209809264       8.126851330541897E-010  1.370736432094310E-009
  -21.8082497729337       1.933755917147795E-009  3.304492349242105E-009
  -21.7805785649410       4.514198643096078E-009  7.818690992338183E-009
  -21.7529073569482       1.033853305025721E-008  1.815722404259539E-008
  -21.7252361489555       2.322932601370874E-008  4.138655005630413E-008
  -21.6975649409628       5.120516013261567E-008  9.259171018891981E-008
  -21.6698937329700       1.107363776335701E-007  2.033280878224899E-007
  -21.6422225249773       2.349451009718570E-007  4.382731887943469E-007
  -21.6145513169846       4.890373241238814E-007  9.273105129182283E-007
  -21.5868801089918       9.986589366258752E-007  1.925969449544103E-006
  -21.5592089009991       2.000746205791604E-006  3.926715655335707E-006
  -21.5315376930064       3.932479730018223E-006  7.859195385353930E-006
  -21.5038664850136       7.582994434381289E-006  1.544218981973522E-005
  -21.4761952770209       1.434547145476266E-005  2.978766127449788E-005
  -21.4485240690282       2.662495433571346E-005  5.641261561021133E-005
  -21.4208528610354       4.848004570225478E-005  1.048926613124661E-004
  -21.3931816530427       8.660390205235201E-005  1.914965633648181E-004
  -21.3655104450500       1.517792610504005E-004  3.432758244152186E-004
  -21.3378392370572       2.609686029899304E-004  6.042444274051490E-004
  -21.3101680290645       4.402155279339587E-004  1.044459955339108E-003
  -21.2824968210718       7.285246886996010E-004  1.772984644038709E-003
  -21.2548256130790       1.182839269611971E-003  2.955823913650679E-003
  -21.2271544050863       1.884129267272620E-003  4.839953180923299E-003
  -21.1994831970936       2.944424505618150E-003  7.784377686541449E-003
  -21.1718119891008       4.514364199679401E-003  1.229874188622085E-002
  -21.1441407811081       6.790494841964909E-003  1.908923672818576E-002
  -21.1164695731154       1.002115675705614E-002  2.911039348524189E-002
  -21.0887983651226       1.450941114256812E-002  4.361980462781001E-002
  -21.0611271571299       2.061115767214708E-002  6.423096229995709E-002
  -21.0334559491371       2.872648586971711E-002  9.295744816967420E-002
  -21.0057847411444       3.928250884710052E-002  0.132239957016775     
  -20.9781135331517       5.270654733084668E-002  0.184946504347621     
  -20.9504423251589       6.938961864570740E-002  0.254336122993329     
  -20.9227711171662       8.964171040562302E-002  0.343977833398952     
  -20.8950999091735       0.113642143573367       0.457619976972318     
  -20.8674287011807       0.141390197360100       0.599010174332419     
  -20.8397574931880       0.172662722190020       0.771672896522439     
  -20.8120862851953       0.206986300115723       0.978659196638162     
  -20.7844150772025       0.243631247983403        1.22229044462156     
  -20.7567438692098       0.281633146624152        1.50392359124572     
  -20.7290726612171       0.319844586574990        1.82376817782071     
  -20.7014014532243       0.357015694869024        2.18078387268973     
  -20.6737302452316       0.391897285933995        2.57268115862373     
  -20.6460590372389       0.423355933092994        2.99603709171672     
  -20.6183878292461       0.450486765553012        3.44652385726973     
  -20.5907166212534       0.472708177732885        3.91923203500262     
  -20.5630454132607       0.489823466282963        4.40905550128558     
  -20.5353742052679       0.502037857029051        4.91109335831463     
  -20.5077029972752       0.509925133921144        5.42101849223577     
  -20.4800317892825       0.514345343061927        5.93536383529770     
  -20.4523605812897       0.516322663317424        6.45168649861513     
  -20.4246893732970       0.516899196061340        6.96858569467647     
  -20.3970181653043       0.516984902878822        7.48557059755529     
  -20.3693469573115       0.517225316523301        8.00279591407859     
  -20.3416757493188       0.517906593387912        8.52070250746650     
  -20.3140045413261       0.518912204250900        9.03961471171740     
  -20.2863333333333       0.519737898152887        9.55935260987029     
  -20.2586621253406       0.519562787705799        10.0789153975761     
  -20.2309909173479       0.517365968802672        10.5962813663788     
  -20.2033197093551       0.512071415803847        11.1083527821826     
  -20.1756485013624       0.502700071946719        11.6110528541293     
  -20.1479772933697       0.488507649239797        12.0995605033691     
  -20.1203060853769       0.469089612644113        12.5686501160132     
  -20.0926348773842       0.444440512679656        13.0130906286929     
  -20.0649636693915       0.414962164698111        13.4280527933910     
  -20.0372924613987       0.381422843149303        13.8094756365403     
  -20.0096212534060       0.344876386870027        14.1543520234103     
  -19.9819500454133       0.306554883184071        14.4609069065944     
  -19.9542788374205       0.267750831945589        14.7286577385400     
  -19.9266076294278       0.229704302301468        14.9583620408415     
  -19.8989364214351       0.193507964257053        15.1518700050985     
  -19.8712652134423       0.160038722146241        15.3119087272448     
  -19.8435940054496       0.129919878351503        15.4418286055963     
  -19.8159227974569       0.103513170904821        15.5453417765011     
  -19.7882515894641       8.093633903359362E-002   15.6262781155347     
  -19.7605803814714       6.209948572635070E-002   15.6883776012610     
  -19.7329091734787       4.675253830418661E-002   15.7351301395652     
  -19.7052379654859       3.453640934435118E-002   15.7696665489096     
  -19.6775667574932       2.503170438632742E-002   15.7946982532959     
  -19.6498955495005       1.780060183878845E-002   15.8124988551347     
  -19.6222243415077       1.241944718334424E-002   15.8249183023180     
  -19.5945531335150       8.501339111030990E-003   15.8334196414291     
  -19.5668819255223       5.709334965032407E-003   15.8391289763941     
  -19.5392107175295       3.761780970559232E-003   15.8428907573646     
  -19.5115395095368       2.431693237153372E-003   15.8453224506018     
  -19.4838683015441       1.542160175500741E-003   15.8468646107773     
  -19.4561970935513       9.595203102673167E-004   15.8478241310876     
  -19.4285258855586       5.857088353586996E-004   15.8484098399229     
  -19.4008546775658       3.507611457302253E-004   15.8487606010687     
  -19.3731834695731       2.060832378002090E-004   15.8489666843065     
  -19.3455122615804       1.187886301967501E-004   15.8490854729367     
  -19.3178410535876       6.717501020642558E-005   15.8491526479469     
  -19.2901698455949       3.726842206197319E-005   15.8491899163689     
  -19.2624986376022       2.028497604471405E-005   15.8492102013450     
  -19.2348274296094       1.083199045978757E-005   15.8492210333354     
  -19.2071562216167       5.674704099119044E-006   15.8492267080395     
  -19.1794850136240       2.916650505402177E-006   15.8492296246900     
  -19.1518138056312       1.470812309377324E-006   15.8492310955023     
  -19.1241425976385       7.279286732720960E-007   15.8492318234310     
  -19.0964713896458       3.540870548406796E-007   15.8492321775181     
  -19.0688001816530       1.705020789600475E-007   15.8492323480202     
  -19.0411289736603       8.408027177581930E-008   15.8492324321004     
  -19.0134577656676       4.864393749142895E-008   15.8492324807444     
  -18.9857865576748       4.448907414696809E-008   15.8492325252334     
  -18.9581153496821       6.926100866092997E-008   15.8492325944944     
  -18.9304441416894       1.368405040423992E-007   15.8492327313349     
  -18.9027729336966       2.838261223232116E-007   15.8492330151611     
  -18.8751017257039       5.859855731160397E-007   15.8492336011466     
  -18.8474305177112       1.190429024924406E-006   15.8492347915757     
  -18.8197593097184       2.373985509927094E-006   15.8492371655612     
  -18.7920881017257       4.645196778569012E-006   15.8492418107580     
  -18.7644168937330       8.917439042145490E-006   15.8492507281970     
  -18.7367456857402       1.679491578363900E-005   15.8492675231128     
  -18.7090744777475       3.103240947754882E-005   15.8492985555223     
  -18.6814032697548       5.625392468298295E-005   15.8493548094469     
  -18.6537320617620       1.000437052074143E-004   15.8494548531521     
  -18.6260608537693       1.745525988262425E-004   15.8496294057510     
  -18.5983896457766       2.987875467837293E-004   15.8499281932978     
  -18.5707184377838       5.017626155245896E-004   15.8504299559133     
  -18.5430472297911       8.266730050904888E-004   15.8512566289184     
  -18.5153760217984       1.336192012922766E-003   15.8525928209313     
  -18.4877048138056       2.118866812331289E-003   15.8547116877436     
  -18.4600336058129       3.296386518668148E-003   15.8580080742623     
  -18.4323623978202       5.031208255706458E-003   15.8630392825180     
  -18.4046911898274       7.533662569266773E-003   15.8705729450873     
  -18.3770199818347       1.106725074087241E-002   15.8816401958281     
  -18.3493487738420       1.595045438152503E-002   15.8975906502097     
  -18.3216775658492       2.255309260305383E-002   15.9201437428127     
  -18.2940063578565       3.128519667629615E-002   15.9514289394890     
  -18.2663351498638       4.257664405634790E-002   15.9940055835454     
  -18.2386639418710       5.684649896638341E-002   16.0508520825117     
  -18.2109927338783       7.446218648610575E-002   16.1253142689979     
  -18.1833215258856       9.569023455583896E-002   16.2210045035537     
  -18.1556503178928       0.120642195685079        16.3416466992388     
  -18.1279791099001       0.149221235434783        16.4908679346736     
  -18.1003079019074       0.181076386852818        16.6719443215264     
  -18.0726366939146       0.215572224943065        16.8875165464694     
  -18.0449654859219       0.251781367370181        17.1392979138396     
  -18.0172942779292       0.288505551873241        17.4278034657129     
  -17.9896230699364       0.324328093456470        17.7521315591693     
  -17.9619518619437       0.357696567984547        18.1098281271539     
  -17.9342806539510       0.387030142422016        18.4968582695759     
  -17.9066094459582       0.410841797593874        18.9077000671698     
  -17.8789382379655       0.427862542644391        19.3355626098142     
  -17.8512670299728       0.437153270286411        19.7727158801006     
  -17.8235958219800       0.438190555799728        20.2109064359003     
  -17.7959246139873       0.430915496263411        20.6418219321637     
  -17.7682534059945       0.415739250109790        21.0575611822735     
  -17.7405821980018       0.393504552227164        21.4510657345007     
  -17.7129109900091       0.365408216133593        21.8164739506343     
  -17.6852397820163       0.332894537216173        22.1493684878504     
  -17.6575685740236       0.297532793206980        22.4469012810574     
  -17.6298973660309       0.260893235095038        22.7077945161525     
  -17.6022261580381       0.224435008456941        22.9322295246094     
  -17.5745549500454       0.189416664618234        23.1216461892276     
  -17.5468837420527       0.156835930555284        23.2784821197829     
  -17.5192125340599       0.127400970613972        23.4058830903969     
  -17.4915413260672       0.101531241030612        23.5074143314275     
  -17.4638701180745       7.938280362458720E-002   23.5867971350521     
  -17.4361989100817       6.089097750602387E-002   23.6476881125581     
  -17.4085277020890       4.582254712200861E-002   23.6935106596801     
  -17.3808564940963       3.383025469823212E-002   23.7273409143783     
  -17.3531852861035       2.450366583941630E-002   23.7518445802178     
  -17.3255140781108       1.741231839197881E-002   23.7692568986097     
  -17.2978428701181       1.213897101661848E-002   23.7813958696264     
  -17.2701716621253       8.302461611686648E-003   23.7896983312380     
  -17.2425004541326       5.570979950708080E-003   23.7952693111888     
  -17.2148292461399       3.667380929662837E-003   23.7989366921184     
  -17.1871580381471       2.368536852505840E-003   23.8013052289709     
  -17.1594868301544       1.500734813258834E-003   23.8028059637842     
  -17.1318156221617       9.328835722052286E-004   23.8037388473564     
  -17.1041444141689       5.689192220997410E-004   23.8043077665785     
  -17.0764732061762       3.403873940403452E-004   23.8046481539725     
  -17.0488019981835       1.998003157391375E-004   23.8048479542883     
  -17.0211307901907       1.150586753803478E-004   23.8049630129636     
  -16.9934595821980       6.500487329647328E-005   23.8050280178369     
  -16.9657883742053       3.603197323651155E-005   23.8050640498102     
  -16.9381171662125       1.959738698989424E-005   23.8050836471972     
  -16.9104459582198       1.046406530588339E-005   23.8050941112625     
  -16.8827747502271       5.497318185244906E-006   23.8050996085807     
  -16.8551035422343       2.868005817014287E-006   23.8051024765865     
  -16.8274323342416       1.542368798002921E-006   23.8051040189553     
  -16.7997611262489       9.686983685178778E-007   23.8051049876536     
  -16.7720899182561       8.980499482241146E-007   23.8051058857036     
  -16.7444187102634       1.299255371359604E-006   23.8051071849590     
  -16.7167475022707       2.348086421073408E-006   23.8051095330454     
  -16.6890762942779       4.487943175616004E-006   23.8051140209886     
  -16.6614050862852       8.576679253899433E-006   23.8051225976678     
  -16.6337338782925       1.615298028196000E-005   23.8051387506481     
  -16.6060626702997       2.987763745632140E-005   23.8051686282855     
  -16.5783914623070       5.423094117287227E-005   23.8052228592267     
  -16.5507202543143       9.657679713756064E-005   23.8053194360239     
  -16.5230490463215       1.687345216267635E-004   23.8054881705455     
  -16.4953778383288       2.892251704480986E-004   23.8057773957159     
  -16.4677066303361       4.863715706917519E-004   23.8062637672866     
  -16.4400354223433       8.024167752812737E-004   23.8070661840619     
  -16.4123642143506       1.298767743800214E-003   23.8083649518057     
  -16.3846930063579       2.062351390896687E-003   23.8104273031966     
  -16.3570217983651       3.212872697446405E-003   23.8136401758941     
  -16.3293505903724       4.910481361072492E-003   23.8185506572551     
  -16.3016793823797       7.362991884406677E-003   23.8259136491395     
  -16.2740081743869       1.083139250244167E-002   23.8367450416420     
  -16.2463369663942       1.563198014163225E-002   23.8523770217836     
  -16.2186657584015       2.213316066267557E-002   23.8745101824463     
  -16.1909945504087       3.074486804793581E-002   23.9052550504942     
  -16.1633233424160       4.189880170749464E-002   23.9471538522017     
  -16.1356521344233       5.601835687016515E-002   24.0031722090719     
  -16.1079809264305       7.347827561104665E-002   24.0766504846829     
  -16.0803097184378       9.455563586572292E-002   24.1712061205486     
  -16.0526385104450       0.119375672732120        24.2905817932808     
  -16.0249673024523       0.147857825015827        24.4384396182966     
  -15.9972960944596       0.179668962598582        24.6181085808952     
  -15.9696248864668       0.214191581061662        24.8323001619568     
  -15.9419536784741       0.250514495778249        25.0828146577351     
  -15.9142824704814       0.287452009958627        25.3702666676937     
  -15.8866112624886       0.323594669018231        25.6938613367119     
  -15.8589400544959       0.357390812400957        26.0512521491129     
  -15.8312688465032       0.387253718988022        26.4385058681009     
  -15.8035976385104       0.411684928876840        26.8501907969778     
  -15.7759264305177       0.429401090770462        27.2795918877482     
  -15.7482552225250       0.439450110356041        27.7190419981043     
  -15.7205840145322       0.441302884188895        28.1603448822932     
  -15.6929128065395       0.434909547118368        28.5952544294115     
  -15.6652415985468       0.420713579196418        29.0159680086079     
  -15.6375703905540       0.399622591201091        29.4155905998090     
  -15.6098991825613       0.372940195006918        29.7885307948160     
  -15.5822279745686       0.342268094364094        30.1307988891800     
  -15.5545567665758       0.309390603940744        30.4401894931208     
  -15.5268855585831       0.276154758540816        30.7163442516616     
  -15.4992143505904       0.244357977161233        30.9607022288228     
  -15.4715431425976       0.215652287979973        31.1763545168028     
  -15.4438719346049       0.191470117094253        31.3678246338971     
  -15.4162007266122       0.172972476229205        31.5407971101263     
  -15.3885295186194       0.161016906054925        31.7018140161812     
  -15.3608583106267       0.156140391995095        31.8579544081763     
  -15.3331871026340       0.158551988619150        32.0165063967954     
  -15.3055158946412       0.168131004539335        32.1846374013348     
  -15.2778446866485       0.184428894693896        32.3690662960287     
  -15.2501734786558       0.206675806962432        32.5757421029911     
  -15.2225022706630       0.233795253199779        32.8095373561909     
  -15.1948310626703       0.264431900033404        33.0739692562243     
  -15.1671598546776       0.296997499406423        33.3709667556307     
  -15.1394886466848       0.329738332966631        33.7007050885973     
  -15.1118174386921       0.360824439238340        34.0615295278357     
  -15.0841462306994       0.388456889950026        34.4499864177857     
  -15.0564750227066       0.410985287614419        34.8609717054001     
  -15.0288038147139       0.427024355404353        35.2879960608045     
  -15.0011326067212       0.435556757218963        35.7235528180234     
  -14.9734613987284       0.436009611586701        36.1595624296101     
  -14.9457901907357       0.428294637864618        36.5878570674748     
  -14.9181189827430       0.412806154785222        37.0006632222600     
  -14.8904477747502       0.390376528953208        37.3910397512132     
  -14.8627765667575       0.362194211370780        37.7532339625840     
  -14.8351053587648       0.329694243255625        38.0829282058396     
  -14.8074341507720       0.294434268696282        38.3773624745359     
  -14.7797629427793       0.257970196440615        38.6353326709765     
  -14.7520917347866       0.221744643508259        38.8570773144847     
  -14.7244205267938       0.186998493986591        39.0440758084713     
  -14.6967493188011       0.154711933510123        39.1987877419815     
  -14.6690781108084       0.125576932651550        39.3243646746330     
  -14.6414069028156       9.999909032109197E-002   39.4243637649541     
  -14.6137356948229       7.812359300223383E-002   39.5024873579563     
  -14.5860644868302       5.987813463862809E-002   39.5623654925950     
  -14.5583932788374       4.502504497229325E-002   39.6073905375673     
  -14.5307220708447       3.321542786746001E-002   39.6406059654347     
  -14.5030508628520       2.403949418077213E-002   39.6646454596155     
  -14.4753796548592       1.706909750475876E-002   39.6817145571202     
  -14.4477084468665       1.189037462849272E-002   39.6936049317487     
  -14.4200372388738       8.126064199529822E-003   39.7017309959483     
  -14.3923660308810       5.448346008827165E-003   39.7071793419571     
  -14.3646948228883       3.583841722246503E-003   39.7107631836793     
  -14.3370236148955       2.312771140666823E-003   39.7130759548200     
  -14.3093524069028       1.464253208035214E-003   39.7145402080280     
  -14.2816811989101       9.094930477604015E-004   39.7154497010758     
  -14.2540099909173       5.542200659929131E-004   39.7160039211418     
  -14.2263387829246       3.313330498081644E-004   39.7163352541916     
  -14.1986675749319       1.943331578252727E-004   39.7165295873494     
  -14.1709963669391       1.118223672693480E-004   39.7166414097167     
  -14.1433251589464       6.312626121642182E-005   39.7167045359779     
  -14.1156539509537       3.496158055431233E-005   39.7167394975585     
  -14.0879827429609       1.899641586281605E-005   39.7167584939743     
  -14.0603115349682       1.012632913790517E-005   39.7167686203035     
  -14.0326403269755       5.295816574232589E-006   39.7167739161200     
  -14.0049691189827       2.717179010562509E-006   39.7167766332990     
  -13.9772979109900       1.367815795651979E-006   39.7167780011148     
  -13.9496267029973       6.757088107905125E-007   39.7167786768236     
  -13.9219554950045       3.279504475552982E-007   39.7167790047741     
  -13.8942842870118       1.572660563039433E-007   39.7167791620401     
  -13.8666130790191       7.658390726821052E-008   39.7167792386241     
  -13.8389418710263       4.249728835956773E-008   39.7167792811213     
  -13.8112706630336       3.588525981932137E-008   39.7167793170066     
  -13.7835994550409       5.296273349000556E-008   39.7167793699693     
  -13.7559282470481       1.034691712222105E-007   39.7167794734385     
  -13.7282570390554       2.153127844911250E-007   39.7167796887513     
  -13.7005858310627       4.474163778901820E-007   39.7167801361677     
  -13.6729146230699       9.153954046515638E-007   39.7167810515631     
  -13.6452434150772       1.838721231285041E-006   39.7167828902843     
  -13.6175722070845       3.623969401740673E-006   39.7167865142537     
  -13.5899009990917       7.007531030858929E-006   39.7167935217847     
  -13.5622297910990       1.329375125916597E-005   39.7168068155360     
  -13.5345585831063       2.474173380143213E-005   39.7168315572698     
  -13.5068873751135       4.517648155092426E-005   39.7168767337513     
  -13.4792161671208       8.092716314555829E-005   39.7169576609145     
  -13.4515449591281       1.422249796620032E-004   39.7170998858942     
  -13.4238737511353       2.452206983935182E-004   39.7173451065926     
  -13.3962025431426       4.147993727669911E-004   39.7177599059653     
  -13.3685313351499       6.883650794523862E-004   39.7184482710448     
  -13.3408601271571       1.120725909651594E-003   39.7195689969544     
  -13.3131889191644       1.790110864747158E-003   39.7213591078192     
  -13.2855177111717       2.805178520883976E-003   39.7241642863401     
  -13.2578465031789       4.312621225977654E-003   39.7284769075660     
  -13.2301752951862       6.504630122608730E-003   39.7349815376886     
  -13.2025040871935       9.625088199747252E-003   39.7446066258884     
  -13.1748328792007       1.397295102989903E-002   39.7585795769183     
  -13.1471616712080       1.990093823767469E-002   39.7784805151560     
  -13.1194904632153       2.780749969544427E-002   39.8062880148514     
  -13.0918192552225       3.812015853274135E-002   39.8444081733842     
  -13.0641480472298       5.126887742735187E-002   39.8956770508115     
  -13.0364768392371       6.764911246255986E-002   39.9633261632741     
  -13.0088056312443       8.757570083603063E-002   40.0509018641101     
  -12.9811344232516       0.111230560605835        40.1621324247159     
  -12.9534632152589       0.138609130592181        40.3007415553081     
  -12.9257920072661       0.169472210090361        40.4702137653985     
  -12.8981207992734       0.203310974029881        40.6735247394284     
  -12.8704495912807       0.239333054323828        40.9128577937522     
  -12.8427783832879       0.276476409208096        41.1893342029603     
  -12.8151071752952       0.313455157091483        41.5027893600518     
  -12.7874359673025       0.348837792069502        41.8516271521213     
  -12.7597647593097       0.381153658089470        42.2327808102107     
  -12.7320935513170       0.409018898255667        42.6417997084664     
  -12.7044223433243       0.431269099247214        43.0730688077136     
  -12.6767511353315       0.447083280970326        43.5201520886840     
  -12.6490799273388       0.456083322594891        43.9762354112788     
  -12.6214087193461       0.458394642570950        44.4346300538498     
  -12.5937375113533       0.454657854402653        44.8892879082524     
  -12.5660663033606       0.445986717490245        45.3352746257427     
  -12.5383950953678       0.433874215423827        45.7691488411665     
  -12.5107238873751       0.420055092397441        46.1892039335640     
  -12.4830526793824       0.406338743601863        46.5955426771658     
  -12.4553814713896       0.394430231801377        46.9899729089672     
  -12.4277102633969       0.385758902802721        47.3757318117699     
  -12.4000390554042       0.381333425638246        47.7570652374082     
  -12.3723678474114       0.381639222476151        48.1387044598843     
  -12.3446966394187       0.386589565370044        48.5252940252544     
  -12.3170254314260       0.395535670843917        48.9208296960983     
  -12.2893542234332       0.407334597203157        49.3281642933014     
  -12.2616830154405       0.420467365954195        49.7486316592556     
  -12.2340118074478       0.433194196419586        50.1818258556752     
  -12.2063405994550       0.443729697475803        50.6255555531510     
  -12.1786693914623       0.450418800453488        51.0759743536045     
  -12.1509981834696       0.451894432997577        51.5278687866021     
  -12.1233269754768       0.447200444585228        51.9750692311873     
  -12.0956557674841       0.435867812200926        52.4109370433882     
  -12.0679845594914       0.417938092748182        52.8288751361364     
  -12.0403133514986       0.393934629444506        53.2228097655809     
  -12.0126421435059       0.364788235834543        53.5875980014155     
  -11.9849709355132       0.331729093228877        53.9193270946444     
  -11.9572997275204       0.296159729483259        54.2154868241276     
  -11.9296285195277       0.259524848705460        54.4750116728331     
  -11.9019573115350       0.223192483887157        54.6982041567202     
  -11.8742861035422       0.188357837679964        54.8865619944002     
  -11.8466148955495       0.155976914943929        55.0425389093441     
  -11.8189436875568       0.126732411013712        55.1692713203578     
  -11.7912724795640       0.101030046553482        55.2703013669113     
  -11.7636012715713       7.902021459377598E-002   55.3493215815051     
  -11.7359300635786       6.063776318933279E-002   55.4099593446944     
  -11.7082588555858       4.565204583936019E-002   55.4556113905338     
  -11.6805876475931       3.371986601171738E-002   55.4893312565455     
  -11.6529164396004       2.443529731460969E-002   55.5137665538601     
  -11.6252452316076       1.737218389045226E-002   55.5311387377506     
  -11.5975740236149       1.211703924508201E-002   55.5432557769957     
  -11.5699028156222       8.291767114966256E-003   55.5515475441106     
  -11.5422316076294       5.566937072661832E-003   55.5571144811833     
  -11.5145603996367       3.667186383660600E-003   55.5607816675669     
  -11.4868891916440       2.370709233783587E-003   55.5631523768007     
  -11.4592179836512       1.504819771241903E-003   55.5646571965720     
  -11.4315467756585       9.393515680163047E-004   55.5655965481400     
  -11.4038755676658       5.792997387329493E-004   55.5661758478787     
  -11.3762043596730       3.577215818604837E-004   55.5665335694606     
  -11.3485331516803       2.295578202351863E-004   55.5667631272808     
  -11.3208619436876       1.667604126364809E-004   55.5669298876934     
  -11.2931907356948       1.549299427959839E-004   55.5670848176362     
  -11.2655195277021       1.915718667962228E-004   55.5672763895030     
  -11.2378483197094       2.860594381959780E-004   55.5675624489412     
  -11.2101771117166       4.614166808427218E-004   55.5680238656221     
  -11.1825059037239       7.580766802453607E-004   55.5687819423023     
  -11.1548346957312       1.239794004240557E-003   55.5700217363066     
  -11.1271634877384       2.001857417117160E-003   55.5720235937237     
  -11.0994922797457       3.181621202083003E-003   55.5752052149258     
  -11.0718210717530       4.971114450511156E-003   55.5801763293763     
  -11.0441498637602       7.631072452915987E-003   55.5878074018292     
  -11.0164786557675       1.150515942297495E-002   55.5993125612522     
  -10.9888074477748       1.703244859943160E-002   55.6163450098516     
  -10.9611362397820       2.475547270085452E-002   55.6411004825524     
  -10.9334650317893       3.532048703017530E-002   55.6764209695826     
  -10.9057938237965       4.946618165146092E-002   55.7258871512341     
  -10.8781226158038       6.799715139176836E-002   55.7938843026258     
  -10.8504514078111       9.173919036122002E-002   55.8856234929871     
  -10.8227801998183       0.121475069769161        56.0070985627562     
  -10.7951089918256       0.157861912724632        56.1649604754809     
  -10.7674377838329       0.201334450900155        56.3662949263810     
  -10.7397665758401       0.252001981632687        56.6182969080137     
  -10.7120953678474       0.309550188320735        56.9278470963344     
  -10.6844241598547       0.373161454053487        57.3010085503879     
  -10.6567529518619       0.441468180599110        57.7424767309870     
  -10.6290817438692       0.512552349568305        58.2550290805553     
  -10.6014105358765       0.584000855711066        58.8390299362664     
  -10.5737393278837       0.653020159530122        59.4920500957965     
  -10.5460681198910       0.716606189769436        60.2086562855660     
  -10.5183969118983       0.771757256230809        60.9804135417968     
  -10.4907257039055       0.815710367798741        61.7961239095955     
  -10.4630544959128       0.846176173828724        62.6423000834242     
  -10.4353832879201       0.861545877809737        63.5038459612340     
  -10.4077120799273       0.861045498688833        64.3648914599228     
  -10.3800408719346       0.844818666588206        65.2097101265110     
  -10.3523696639419       0.813927903333991        66.0236380298450     
  -10.3246984559491       0.770274639469029        66.7939126693140     
  -10.2970272479564       0.716448337244197        67.5103610065582     
  -10.2693560399637       0.655523347290992        68.1658843538492     
  -10.2416848319709       0.590827237348733        68.7567115911980     
  -10.2140136239782       0.525705649148516        69.2824172403465     
  -10.1863424159855       0.463306367545673        69.7457236078922     
  -10.1586712079927       0.406400012816208        70.1521236207084     
  -10.1310000000000       0.357247855206866        70.5093714759152     
  -10.1033287920073       0.317520133516629        70.8268916094319     
  -10.0756575840145       0.288262220862487        71.1151538302943     
  -10.0479863760218       0.269901894904235        71.3850557251986     
  -10.0203151680291       0.262289154085346        71.6473448792839     
  -9.99264396003633       0.264760230097606        71.9121051093815     
  -9.96497275204360       0.276218995472382        72.1883241048539     
  -9.93730154405086       0.295230948877134        72.4835550537311     
  -9.90963033605813       0.320126507789864        72.8036815615209     
  -9.88195912806539       0.349110839879657        73.1527924014006     
  -9.85428792007266       0.380376725911684        73.5331691273123     
  -9.82661671207993       0.412215228187903        73.9453843555002     
  -9.79894550408719       0.443116876180985        74.3885012316811     
  -9.77127429609446       0.471854512685225        74.8603557443664     
  -9.74360308810173       0.497538675978625        75.3578944203450     
  -9.71593188010899       0.519637969943590        75.8775323902886     
  -9.68826067211626       0.537960401913926        76.4154927922025     
  -9.66058946412352       0.552596746593168        76.9680895387957     
  -9.63291825613079       0.563832769516447        77.5319223083121     
  -9.60524704813806       0.572042479017235        78.1039647873294     
  -9.57757584014532       0.577578305640059        78.6815430929694     
  -9.54990463215259       0.580675311462666        79.2622184044321     
  -9.52223342415986       0.581384763467734        79.8436031678998     
  -9.49456221616712       0.579547823907894        80.4231509918077     
  -9.46689100817439       0.574813472281883        80.9979644640896     
  -9.43921980018165       0.566697284775132        81.5646617488648     
  -9.41154859218892       0.554670763491009        82.1193325123558     
  -9.38387738419619       0.538265834529531        82.6575983468853     
  -9.35620617620345       0.517176848310549        83.1747751951958     
  -9.32853496821072       0.491343277241116        83.6661184724369     
  -9.30086376021798       0.461000046652352        84.1271185190893     
  -9.27319255222525       0.426688237974610        84.5538067570639     
  -9.24552134423251       0.389225598097253        84.9430323551612     
  -9.21785013623978       0.349642612841861        85.2926749680030     
  -9.19017892824705       0.309094762706564        85.6017697307096     
  -9.16250772025431       0.268764258175609        85.8705339888852     
  -9.13483651226158       0.229764814369455        86.1002988032547     
  -9.10716530426885       0.193061110144000        86.2933599133987     
  -9.07949409627611       0.159411093691045        86.4527710070897     
  -9.05182288828338       0.129335054024931        86.5821060611147     
  -9.02415168029064       0.103111197627882        86.6852172587425     
  -8.99648047229791       8.079402715238999E-002   86.7660112858949     
  -8.96880926430518       6.224953940143165E-002   86.8282608252964     
  -8.94113805631244       4.720028399136348E-002   86.8754611092877     
  -8.91346684831971       3.527353983340613E-002   86.9107346491211     
  -8.88579564032698       2.604698293057804E-002   86.9367816320517     
  -8.85812443233424       1.908786032826761E-002   86.9558694923800     
  -8.83045322434151       1.398347954279116E-002   86.9698529719228     
  -8.80278201634878       1.036246809334077E-002   86.9802154400161     
  -8.77511080835604       7.907555760354765E-003   86.9881229957765     
  -8.74743960036331       6.361493588916235E-003   86.9944844893654     
  -8.71976839237057       5.528149872738001E-003   87.0000126392381     
  -8.69209718437784       5.270876183709414E-003   87.0052835154218     
  -8.66442597638510       5.510005772685940E-003   87.0107935211945     
  -8.63675476839237       6.220923715638659E-003   87.0170144449102     
  -8.60908356039964       7.433609646487702E-003   87.0244480545567     
  -8.58141235240690       9.233956642324254E-003   87.0336820111990     
  -8.55374114441417       1.176655525785993E-002   87.0454485664568     
  -8.52606993642144       1.523803631000671E-002   87.0606866027669     
  -8.49839872842870       1.991953334558143E-002   87.0806061361124     
  -8.47072752043597       2.614641568189421E-002   87.1067525517943     
  -8.44305631244323       3.431323413960162E-002   87.1410657859339     
  -8.41538510445050       4.486190415782460E-002   87.1859276900918     
  -8.38771389645776       5.826160831733903E-002   87.2441892984091     
  -8.36004268846503       7.497978211505898E-002   87.3191690805242     
  -8.33237148047230       9.544483809213891E-002   87.4146139186163     
  -8.30470027247956       0.120002877451387        87.5346167960677     
  -8.27702906448683       0.148872324224110        87.6834891202918     
  -8.24935785649410       0.182101891068273        87.8655910113601     
  -8.22168664850136       0.219538192220488        88.0851292035805     
  -8.19401544050863       0.260809319844063        88.3459385234246     
  -8.16634423251589       0.305329561672044        88.6512680850966     
  -8.13867302452316       0.352328117471375        89.0035962025680     
  -8.11100181653043       0.400901375871391        89.4044975784394     
  -8.08333060853769       0.450084505911862        89.8545820843513     
  -8.05565940054496       0.498934465095247        90.3535165494465     
  -8.02798819255223       0.546613774543834        90.9001303239903     
  -8.00031698455949       0.592463226088525        91.4925935500789     
  -7.97264577656676       0.636052477687715        92.1286460277666     
  -7.94497456857402       0.677200293298835        92.8058463210654     
  -7.91730336058129       0.715960593418042        93.5218069144835     
  -7.88963215258856       0.752575733771751        94.2743826482552     
  -7.86196094459582       0.787403538369655        95.0617861866249     
  -7.83428973660309       0.820828602988297        95.8826147896132     
  -7.80661852861035       0.853170517331393        96.7357853069446     
  -7.77894732061762       0.884601602400695        97.6203869093453     
  -7.75127611262489       0.915084679989994        98.5354715893352     
  -7.72360490463215       0.944337864619029        99.4798094539543     
  -7.69593369663942       0.971829232364378        100.451638686319     
  -7.66826248864669       0.996800340555171        101.448439026874     
  -7.64059128065395        1.01831461514908        102.466753642023     
  -7.61292007266122        1.03532490805145        103.502078550074     
  -7.58524886466848        1.04675398678178        104.548832536856     
  -7.55757765667575        1.05158197925065        105.600414516107     
  -7.52990644868301        1.04893534353923        106.649349859646     
  -7.50223524069028        1.03817231031157        107.687522169958     
  -7.47456403269755        1.01895971508278        108.706481885040     
  -7.44689282470481       0.991335751762329        109.697817636803     
  -7.41922161671208       0.955752750682850        110.653570387486     
  -7.39155040871935       0.913094066353115        111.566664453839     
  -7.36387920072661       0.864659978864595        112.431324432703     
  -7.33620799273388       0.812119413255953        113.243443845959     
  -7.30853678474114       0.757427230912993        114.000871076872     
  -7.28086557674841       0.702710526161734        114.703581603034     
  -7.25319436875568       0.650131233661155        115.353712836695     
  -7.22552316076294       0.601735792617377        115.955448629312     
  -7.19785195277021       0.559305046865273        116.514753676178     
  -7.17018074477748       0.524218573380634        117.038972249558     
  -7.14250953678474       0.497347038659264        117.536319288218     
  -7.11483832879201       0.478984025852582        118.015303314070     
  -7.08716712079927       0.468825291313505        118.484128605384     
  -7.05949591280654       0.465998967348275        118.950127572732     
  -7.03182470481380       0.469145276403442        119.419272849135     
  -7.00415349682107       0.476539344267498        119.895812193403     
  -6.97648228882834       0.486246187684863        120.382058381088     
  -6.94881108083560       0.496293381227794        120.878351762316     
  -6.92113987284287       0.504844708519415        121.383196470835     
  -6.89346866485014       0.510357608634111        121.893554079469     
  -6.86579745685740       0.511708619522088        122.405262698991     
  -6.83812624886467       0.508274262359778        122.913536961351     
  -6.81045504087194       0.499959618291202        123.413496579642     
  -6.78278383287920       0.487172689492310        123.900669269134     
  -6.75511262488647       0.470748785958343        124.371418055093     
  -6.72744141689373       0.451834825886806        124.823252880980     
  -6.69977020890100       0.431747812895577        125.255000693875     
  -6.67209900090826       0.411824265824519        125.666824959700     
  -6.64442779291553       0.393277714239644        126.060102673939     
  -6.61675658492280       0.377079553005182        126.437182226945     
  -6.58908537693006       0.363874909325599        126.801057136270     
  -6.56141416893733       0.353940302692974        127.154997438963     
  -6.53374296094460       0.347184501355547        127.502181940319     
  -6.50607175295186       0.343188845585673        127.845370785904     
  -6.47840054495913       0.341279069068231        128.186649854973     
  -6.45072933696639       0.340617773262730        128.527267628235     
  -6.42305812897366       0.340305433415145        128.867573061650     
  -6.39538692098093       0.339478139383970        129.207051201034     
  -6.36771571298819       0.337391990209424        129.544443191244     
  -6.34004450499546       0.333486801723921        129.877929992968     
  -6.31237329700273       0.327425093421410        130.205355086389     
  -6.28470208900999       0.319105713439487        130.524460799829     
  -6.25703088101726       0.308654497791750        130.833115297620     
  -6.22935967302452       0.296396690754818        131.129511988375     
  -6.20168846503179       0.282817250202089        131.412329238577     
  -6.17401725703905       0.268515537277237        131.680844775855     
  -6.14634604904632       0.254160295687334        131.935005071542     
  -6.11867484105359       0.240449436784931        132.175454508327     
  -6.09100363306085       0.228077232970167        132.403531741297     
  -6.06333242506812       0.217709414601076        132.621241155898     
  -6.03566121707539       0.209964715488051        132.831205871386     
  -6.00799000908265       0.205399947627112        133.036605819013     
  -5.98031880108992       0.204494970345441        133.241100789359     
  -5.95264759309718       0.207634110344760        133.448734899704     
  -5.92497638510445       0.215081706248035        133.663816605952     
  -5.89730517711171       0.226951353790719        133.890767959742     
  -5.86963396911898       0.243170815767054        134.133938775509     
  -5.84196276112625       0.263447001837178        134.397385777346     
  -5.81429155313351       0.287237410501894        134.684623187848     
  -5.78662034514078       0.313735463519580        134.998358651368     
  -5.75894913714805       0.341876869698089        135.340235521066     
  -5.73127792915531       0.370372360076304        135.710607881142     
  -5.70360672116258       0.397768951996349        136.108376833139     
  -5.67593551316985       0.422537739009798        136.530914572149     
  -5.64826430517711       0.443181735787319        136.974096307936     
  -5.62059309718438       0.458353344769723        137.432449652706     
  -5.59292188919164       0.466968351670546        137.899418004376     
  -5.56525068119891       0.468302609673675        138.367720614050     
  -5.53757947320618       0.462059013354029        138.829779627404     
  -5.50990826521344       0.448395855565368        139.278175482969     
  -5.48223705722071       0.427912662543394        139.706088145513     
  -5.45456584922798       0.401595270811653        140.107683416324     
  -5.42689464123524       0.370727270364903        140.478410686689     
  -5.39922343324251       0.336779089597734        140.815189776287     
  -5.37155222524977       0.301288290441742        141.116478066729     
  -5.34388101725704       0.265744804431155        141.382222871160     
  -5.31620980926430       0.231493007163929        141.613715878324     
  -5.28853860127157       0.199659184279037        141.813375062603     
  -5.26086739327884       0.171108790205188        141.984483852808     
  -5.23319618528610       0.146433699561086        142.130917552369     
  -5.20552497729337       0.125966055269605        142.256883607639     
  -5.17785376930064       0.109812765367364        142.366696373006     
  -5.15018256130790       9.790336421719421E-002   142.464599737223     
  -5.12251135331517       9.004375748884562E-002   142.554643494712     
  -5.09484014532243       8.596906108422994E-002   142.640612555796     
  -5.06716893732970       8.538999060393052E-002   142.726002546400     
  -5.03949772933696       8.802874581818328E-002   142.814031292218     
  -5.01182652134423       9.364183676598060E-002   142.907673128984     
  -4.98415531335150       0.102028703201812        143.009701832186     
  -4.95648410535876       0.113026277843074        143.122728110029     
  -4.92881289736603       0.126490882798597        143.249218992828     
  -4.90114168937330       0.142270069524192        143.391489062352     
  -4.87347048138056       0.160168198774123        143.551657261126     
  -4.84579927338783       0.179910603351328        143.731567864477     
  -4.81812806539509       0.201111895950173        143.932679760428     
  -4.79045685740236       0.223254149464777        144.155933909892     
  -4.76278564940963       0.245680086714658        144.401613996607     
  -4.73511444141689       0.267604970003683        144.669218966611     
  -4.70744323342416       0.288148637220370        144.957367603831     
  -4.67977202543143       0.306386333400177        145.263753937231     
  -4.65210081743869       0.321414040597924        145.585167977829     
  -4.62442960944596       0.332421415850091        145.917589393679     
  -4.59675840145323       0.338763703742898        146.256353097422     
  -4.56908719346049       0.340023479126139        146.596376576548     
  -4.54141598546776       0.336053972518107        146.932430549066     
  -4.51374477747502       0.326997953694965        147.259428502761     
  -4.48607356948229       0.313279363114132        147.572707865875     
  -4.45840236148955       0.295568560251197        147.868276426127     
  -4.43073115349682       0.274725589631478        148.143002015758     
  -4.40305994550409       0.251728671505893        148.394730687264     
  -4.37538873751135       0.227596773963709        148.622327461228     
  -4.34771752951862       0.203315409263472        148.825642870491     
  -4.32004632152589       0.179773760434029        149.005416630925     
  -4.29237511353315       0.157719146961965        149.163135777887     
  -4.26470390554042       0.137732093994338        149.300867871882     
  -4.23703269754768       0.120222349803382        149.421090221685     
  -4.20936148955495       0.105443539208879        149.526533760894     
  -4.18169028156222       9.352207813923656E-002   149.620055839033     
  -4.15401907356948       8.449469347914021E-002   149.704550532512     
  -4.12634786557675       7.834843223575108E-002   149.782898964748     
  -4.09867665758402       7.505732479964623E-002   149.857956289548     
  -4.07100544959128       7.461073539368540E-002   149.932567024941     
  -4.04333424159855       7.702971173149650E-002   150.009596736673     
  -4.01566303360581       8.236917403812634E-002   150.091965910711     
  -3.98799182561308       9.070543494311241E-002   150.182671345654     
  -3.96032061762034       0.102110223838702        150.284781569493     
  -3.93264940962761       0.116614023598000        150.401395593091     
  -3.90497820163488       0.134163022374822        150.535558615466     
  -3.87730699364214       0.154575211356859        150.690133826822     
  -3.84963578564941       0.177501952427251        150.867635779250     
  -3.82196457765668       0.202401506354263        151.070037285604     
  -3.79429336966394       0.228530380093174        151.298567665697     
  -3.76662216167121       0.254956825121072        151.553524490818     
  -3.73895095367847       0.280598434698979        151.834122925517     
  -3.71127974568574       0.304282754358220        152.138405679875     
  -3.68360853769300       0.324826516016391        152.463232195892     
  -3.65593732970027       0.341126038343947        152.804358234236     
  -3.62826612170754       0.352249051372939        153.156607285609     
  -3.60059491371480       0.357517177199269        153.514124462808     
  -3.57292370572207       0.356568822561860        153.870693285370     
  -3.54525249772934       0.349394338666982        154.220087624037     
  -3.51758128973660       0.336338710323283        154.556426334360     
  -3.48991008174387       0.318071225190215        154.874497559550     
  -3.46223887375114       0.295525860982563        155.170023420533     
  -3.43456766575840       0.269819807800059        155.439843228333     
  -3.40689645776567       0.242160028513798        155.682003256847     
  -3.37922524977293       0.213748700949311        155.895751957796     
  -3.35155404178020       0.185697724171681        156.081449681968     
  -3.32388283378747       0.158960437585533        156.240410119553     
  -3.29621162579473       0.134285745774416        156.374695865328     
  -3.26854041780200       0.112196525948235        156.486892391276     
  -3.24086920980927       9.299107266972158E-002   156.579883463946     
  -3.21319800181653       7.676384929536668E-002   156.656647313241     
  -3.18552679382380       6.344023361312576E-002   156.720087546854     
  -3.15785558583106       5.281933663873584E-002   156.772906883493     
  -3.13018437783833       4.461923588921933E-002   156.817526119382     
  -3.10251316984559       3.851987567813366E-002   156.856045995060     
  -3.07484196185286       3.420017115451605E-002   156.890246166215     
  -3.04717075386013       3.136724126105692E-002   156.921613407476     
  -3.01949954586739       2.977697200775209E-002   156.951390379483     
  -2.99182833787466       2.924613456765161E-002   156.980636514051     
  -2.96415712988193       2.965699045277167E-002   157.010293504504     
  -2.93648592188919       3.095571254678097E-002   157.041249217051     
  -2.90881471389646       3.314608596392812E-002   157.074395303015     
  -2.88114350590372       3.627989971908841E-002   157.110675202734     
  -2.85347229791099       4.044527552454456E-002   157.151120478258     
  -2.82580108991825       4.575396876322747E-002   157.196874447021     
  -2.79812988192552       5.232846378159381E-002   157.249202910803     
  -2.77045867393279       6.028949316057208E-002   157.309492403964     
  -2.74278746594005       6.974444045087869E-002   157.379236844415     
  -2.71511625794732       8.077692709789007E-002   157.460013771512     
  -2.68744504995459       9.343772382587892E-002   157.553451495338     
  -2.65977384196185       0.107736960705207        157.661188456044     
  -2.63210263396912       0.123637452720119        157.784825908764     
  -2.60443142597638       0.141048844054921        157.925874752819     
  -2.57676021798365       0.159822254584629        158.085697007403     
  -2.54908900999092       0.179745235848725        158.265442243252     
  -2.52141780199818       0.200537138684124        158.465979381936     
  -2.49374659400545       0.221845444406053        158.687824826342     
  -2.46607538601272       0.243244142069473        158.931068968412     
  -2.43840417801998       0.264235716428877        159.195304684840     
  -2.41073297002725       0.284258581359965        159.479563266200     
  -2.38306176203452       0.302701693921789        159.782264960122     
  -2.35539055404178       0.318927511306996        160.101192471429     
  -2.32771934604905       0.332303401231058        160.433495872660     
  -2.30004813805631       0.342240203179011        160.775736075839     
  -2.27237693006358       0.348235097296452        161.123971173136     
  -2.24470572207084       0.349914580061647        161.473885753197     
  -2.21703451407811       0.347072491173820        161.820958244371     
  -2.18936330608538       0.339697935736107        162.160656180107     
  -2.16169209809264       0.327988714428446        162.488644894536     
  -2.13402089009991       0.312347451030526        162.800992345566     
  -2.10634968210718       0.293359757696033        163.094352103262     
  -2.07867847411444       0.271756142602185        163.366108245864     
  -2.05100726612171       0.248361529936373        163.614469775801     
  -2.02333605812897       0.224037854171552        163.838507629972     
  -1.99566485013624       0.199625950272138        164.038133580245     
  -1.96799364214350       0.175892794042240        164.214026374287     
  -1.94032243415077       0.153489130945237        164.367515505232     
  -1.91265122615804       0.132920890507834        164.500436395740     
  -1.88498001816530       0.114535827546213        164.614972223286     
  -1.85730881017257       9.852489063651630E-002   164.713497113923     
  -1.82963760217984       8.493617811300845E-002   164.798433292036     
  -1.80196639418710       7.369819920639353E-002   164.872131491242     
  -1.77429518619437       6.464860087119567E-002   164.936780092113     
  -1.74662397820163       5.756453332644323E-002   164.994344625440     
  -1.71895277020890       5.219131172740510E-002   165.046535937167     
  -1.69128156221617       4.826684060627268E-002   165.094802777773     
  -1.66361035422343       4.554023810195993E-002   165.140343015875     
  -1.63593914623070       4.378407564035785E-002   165.184127091516     
  -1.60826793823797       4.280051203280155E-002   165.226927603548     
  -1.58059673024523       4.242226408069761E-002   165.269349867629     
  -1.55292552225250       4.250977451836269E-002   165.311859642148     
  -1.52525431425976       4.294610570836891E-002   165.354805747856     
  -1.49758310626703       4.363102824130078E-002   165.398436776097     
  -1.46991189827429       4.447553501767914E-002   165.442912311115     
  -1.44224069028156       4.539765557488318E-002   165.488309966690     
  -1.41456948228883       4.632003995291951E-002   165.534630006643     
  -1.38689827429609       4.716939047875530E-002   165.581799397121     
  -1.35922706630336       4.787749629037114E-002   165.629676893412     
  -1.33155585831063       4.838340442785104E-002   165.678060297840     
  -1.30388465031789       4.863615716976984E-002   165.726696455009     
  -1.27621344232516       4.859753151288789E-002   165.775293986522     
  -1.24854223433243       4.824430975919046E-002   165.823538296281     
  -1.22087102633969       4.756975601736040E-002   165.871108052299     
  -1.19319981834696       4.658413531206777E-002   165.917692187611     
  -1.16552861035422       4.531425804832361E-002   165.963006445659     
  -1.13785740236149       4.380214132279080E-002   166.006808586982     
  -1.11018619436875       4.210294141788121E-002   166.048911528400     
  -1.08251498637602       4.028233223898735E-002   166.089193860639     
  -1.05484377838329       3.841349451563295E-002   166.127607355155     
  -1.02717257039055       3.657385598070625E-002   166.164181211135     
 -0.999501362397819       3.484169793180352E-002   166.199022909067     
 -0.971830154405087       3.329272826202583E-002   166.232315637329     
 -0.944158946412351       3.199671868603546E-002   166.264312356015     
 -0.916487738419619       3.101431231408982E-002   166.295326668329     
 -0.888816530426883       3.039412121287801E-002   166.325720789542     
 -0.861145322434151       3.017024540918818E-002   166.355891034951     
 -0.833474114441415       3.036034933491362E-002   166.386251384286     
 -0.805802906448683       3.096442557852304E-002   166.417215809865     
 -0.778131698455947       3.196435776002347E-002   166.449180167625     
 -0.750460490463215       3.332436452699528E-002   166.482504532152     
 -0.722789282470480       3.499236572958063E-002   166.517496897881     
 -0.695118074477747       3.690226055722027E-002   166.554399158438     
 -0.667446866485012       3.897704713060220E-002   166.593376205569     
 -0.639775658492280       4.113264660017377E-002   166.634508852169     
 -0.612104450499544       4.328222765456290E-002   166.677791079824     
 -0.584433242506812       4.534076789402697E-002   166.723131847718     
 -0.556762034514076       4.722954729885395E-002   166.770361395017     
 -0.529090826521344       4.888025650526309E-002   166.819241651522     
 -0.501419618528608       5.023842623066065E-002   166.869480077753     
 -0.473748410535876       5.126594542240379E-002   166.920746023175     
 -0.446077202543140       5.194252823314589E-002   166.972688551408     
 -0.418405994550408       5.226609990829388E-002   167.024954651317     
 -0.390734786557672       5.225218022708438E-002   167.077206831544     
 -0.363063578564940       5.193243064277112E-002   167.129139262186     
 -0.335392370572205       5.135258229547350E-002   167.180491844482     
 -0.307721162579472       5.056996954824607E-002   167.231061814030     
 -0.280049954586740       4.965086093892516E-002   167.280712674969     
 -0.252378746594005       4.866771937777851E-002   167.329380394347     
 -0.224707538601272       4.769645513697307E-002   167.377076849484     
 -0.197036330608537       4.681367872145840E-002   167.423890528205     
 -0.169365122615805       4.609393167957739E-002   167.469984459885     
 -0.141693914623069       4.560687886332532E-002   167.515591338748     
 -0.114022706630337       4.541448248724183E-002   167.561005821235     
 -8.635149863760105E-002  4.556823456605087E-002   167.606574055801     
 -5.868029064486890E-002  4.610658270555018E-002   167.652680638507     
 -3.100908265213320E-002  4.705272726575208E-002   167.699733365773     
 -3.337874659401052E-003  4.841298260061105E-002   167.748146348373     
  2.433333333333465E-002  5.017587620084180E-002   167.798322224574     
  5.200454132606680E-002  5.231211070225177E-002   167.850634335276     
  7.967574931880250E-002  5.477544573247919E-002   167.905409781009     
  0.107346957311535       5.750448417267972E-002   167.962914265182     
  0.135018165304270       6.042528487959197E-002   168.023339550061     
  0.162689373297003       6.345468113648504E-002   168.086794231198     
  0.190360581289738       6.650416411917742E-002   168.153298395317     
  0.218031789282470       6.948418933674570E-002   168.222782584654     
  0.245702997275206       7.230877187570632E-002   168.295091356529     
  0.273374205267938       7.490024203308880E-002   168.369991598562     
  0.301045413260674       7.719402744958172E-002   168.447185626012     
  0.328716621253406       7.914330757917350E-002   168.526328933591     
  0.356387829246142       8.072335483201229E-002   168.607052288423     
  0.384059037238874       8.193534396396396E-002   168.688987632387     
  0.411730245231610       8.280939060420121E-002   168.771797022991     
  0.439401453224342       8.340658352733080E-002   168.855203606519     
  0.467072661217077       8.381981021182029E-002   168.939023416731     
  0.494743869209810       8.417323967998026E-002   169.023196656411     
  0.522415077202545       8.462040991619471E-002   169.107817066327     
  0.550086285195277       8.534095222441031E-002   169.193158018551     
  0.577757493188013       8.653605322189306E-002   169.279694071773     
  0.605428701180745       8.842279292460603E-002   169.368116864698     
  0.633099909173481       9.122750052099665E-002   169.459344365219     
  0.660771117166213       9.517824617095953E-002   169.554522611390     
  0.688442325158949       0.100496556545729        169.655019167935     
  0.716113533151681       0.107388428412905        169.762407596348     
  0.743784741144417       0.116034740621140        169.878442336969     
  0.771455949137149       0.126581242228073        170.005023579197     
  0.799127157129885       0.139128419194188        170.144151998392     
  0.826798365122617       0.153721693221325        170.297873691613     
  0.854469573115349       0.170342551081733        170.468216242695     
  0.882140781108085       0.188901305467673        170.657117548162     
  0.909811989100817       0.209232221382379        170.866349769545     
  0.937483197093552       0.231091694611563        171.097441464156     
  0.965154405086285       0.254160049934304        171.351601514091     
  0.992825613079020       0.278047360855792        171.629648874946     
   1.02049682107175       0.302303508403129        171.931952383349     
   1.04816802906449       0.326432513005776        172.258384896355     
   1.07583923705722       0.349910989530034        172.608295885885     
   1.10351044504996       0.372210367715582        172.980506253601     
   1.13118165304269       0.392822252403527        173.373328506004     
   1.15885286103542       0.411285940823214        173.784614446828     
   1.18652406902816       0.427216669075727        174.211831115903     
   1.21419527702089       0.440332676594064        174.652163792497     
   1.24186648501362       0.450478757321721        175.102642549819     
   1.26953769300636       0.457643746077753        175.560286295897     
   1.29720890099909       0.461969503894954        176.022255799792     
   1.32488010899183       0.463749507071541        176.486005306863     
   1.35255131698456       0.463416114927740        176.949421421791     
   1.38022252497730       0.461516886987676        177.410938308779     
   1.40789373297003       0.458681738778105        177.869620047557     
   1.43556494096276       0.455584004444992        178.325204052002     
   1.46323614895550       0.452899353534612        178.778103405537     
   1.49090735694823       0.451266796070716        179.229370201607     
   1.51857856494096       0.451255631231301        179.680625832839     
   1.54624977293370       0.453341217337860        180.133967050176     
   1.57392098092643       0.457891055323014        180.591858105499     
   1.60159218891917       0.465161150844787        181.057019256344     
   1.62926339691190       0.475301228251789        181.532320484596     
   1.65693460490463       0.488366335422045        182.020686820018     
   1.68460581289737       0.504331827313601        182.525018647332     
   1.71227702089010       0.523108662398504        183.048127309730     
   1.73994822888283       0.544556311856949        183.592683621587     
   1.76761943687557       0.568491235745109        184.161174857332     
   1.79529064486830       0.594689686836643        184.755864544169     
   1.82296185286104       0.622884456806671        185.378749000976     
   1.85063306085377       0.652756024590045        186.031505025566     
   1.87830426884651       0.683919387029696        186.715424412595     
   1.90597547683924       0.715908643669048        187.431333056264     
   1.93364668483197       0.748162144134864        188.179495200399     
   1.96131789282471       0.780011610754421        188.959506811154     
   1.98898910081744       0.810678986235242        189.770185797389     
   2.01666030881017       0.839284655739286        190.609470453128     
   2.04433151680291       0.864869995087206        191.474340448215     
   2.07200272479564       0.886435815694710        192.360776263910     
   2.09967393278837       0.902996256419625        193.263772520330     
   2.12734514078111       0.913645220944783        194.177417741274     
   2.15501634877384       0.917629941241018        195.095047682515     
   2.18268755676658       0.914424129756140        196.009471812272     
   2.21035876475931       0.903791940156933        196.913263752429     
   2.23802997275205       0.885833958755571        197.799097711184     
   2.26570118074478       0.861007858270517        198.660105569455     
   2.29337238873751       0.830119053135632        199.490224622590     
   2.32104359673025       0.794280318856525        200.284504941447     
   2.34871480472298       0.754843287040481        201.039348228487     
   2.37638601271571       0.713308325776363        201.752656554264     
   2.40405722070845       0.671221944714683        202.423878498978     
   2.43172842870118       0.630072103286365        203.053950602265     
   2.45939963669392       0.591191510823485        203.645142113088     
   2.48707084468665       0.555677354188198        204.200819467276     
   2.51474205267938       0.524333286607042        204.725152753883     
   2.54241326067212       0.497636513721211        205.222789267605     
   2.57008446866485       0.475729973605513        205.698519241210     
   2.59775567665758       0.458437356506269        206.156956597716     
   2.62542688465032       0.445297270695832        206.602253868412     
   2.65309809264305       0.435612229867963        207.037866098280     
   2.68076930063579       0.428508126458909        207.466374224739     
   2.70844050862852       0.423000176544478        207.889374401284     
   2.73611171662126       0.418061690903301        208.307436092187     
   2.76378292461399       0.412692249703997        208.720128341891     
   2.79145413260672       0.405981881948328        209.126110223839     
   2.81912534059946       0.397167763473335        209.523277987312     
   2.84679654859219       0.385679934170699        209.908957921483     
   2.87446775658492       0.371172805670159        210.280130727153     
   2.90213896457766       0.353539941512569        210.633670668666     
   2.92981017257039       0.332910787038507        210.966581455704     
   2.95748138056313       0.309629613304946        211.276211069009     
   2.98515258855586       0.284218704465932        211.560429773475     
   3.01282379654859       0.257329475405677        211.817759248881     
   3.04049500454133       0.229686466529143        212.047445715410     
   3.06816621253406       0.202029800608270        212.249475516018     
   3.09583742052680       0.175061592742664        212.424537108761     
   3.12350862851953       0.149401005671133        212.573938114432     
   3.15117983651226       0.125551291319409        212.699489405752     
   3.17885104450500       0.103880495655473        212.803369901407     
   3.20652225249773       8.461580170118403E-002   212.887985703108     
   3.23419346049046       6.784999762435193E-002   212.955835700733     
   3.26186466848320       5.355747009859566E-002   213.009393170831     
   3.28953587647593       4.161653336643846E-002   213.051009704198     
   3.31720708446867       3.183481292137751E-002   213.082844517119     
   3.34487829246140       2.397473171967810E-002   213.106819248839     
   3.37254950045413       1.777676766754708E-002   213.124596016506     
   3.40022070844687       1.297891645209049E-002   213.137574932958     
   3.42789191643960       9.331566634256270E-003   213.146906499592     
   3.45556312443233       6.607668406296975E-003   213.153514167999     
   3.48323433242507       4.608588792598703E-003   213.158122756791     
   3.51090554041780       3.166370836524714E-003   213.161289127628     
   3.53857674841054       2.143262859442810E-003   213.163432390487     
   3.56624795640327       1.429389168606772E-003   213.164861779656     
   3.59391916439601       9.393391789191795E-004   213.165801118835     
   3.62159037238874       6.083017573960540E-004   213.166409420592     
   3.64926158038147       3.882030513251657E-004   213.166797623644     
   3.67693278837421       2.441463058663126E-004   213.167041769950     
   3.70460399636694       1.513176070415299E-004   213.167193087557     
   3.73227520435967       9.241910673062546E-005   213.167285506663     
   3.75994641235241       5.562115492094109E-005   213.167341127818     
   3.78761762034514       3.298264255527818E-005   213.167374110461     
   3.81528882833788       1.926852156729317E-005   213.167393378982     
   3.84296003633061       1.108840671834865E-005   213.167404467389     
   3.87063124432335       6.284624165821421E-006   213.167410752013     
   3.89830245231608       3.507544900067036E-006   213.167414259558     
   3.92597366030881       1.927345654658763E-006   213.167416186904     
   3.95364486830155       1.042468693300484E-006   213.167417229372     
   3.98131607629428       5.549138459723685E-007   213.167417784286     
   4.00898728428701       2.906419251391539E-007   213.167418074928     
   4.03665849227975       1.497519291810561E-007   213.167418224680     
   4.06432970027248       7.588934077506440E-008   213.167418300570     
   4.09200090826521       3.781798980514903E-008   213.167418338388     
   4.11967211625795       1.852864634685055E-008   213.167418356916     
   4.14734332425068       8.923568918673107E-009   213.167418365840     
   4.17501453224342       4.223858347085811E-009   213.167418370064     
   4.20268574023615       1.964656633370022E-009   213.167418372028     
   4.23035694822888       8.978543522310213E-010   213.167418372926     
   4.25802815622162       4.030945426671029E-010   213.167418373329     
   4.28569936421435       1.777601398954016E-010   213.167418373507     
   4.31337057220708       7.699047611932149E-011   213.167418373584     
   4.34104178019982       3.274679892222524E-011   213.167418373617     
   4.36871298819255       1.367678157491052E-011   213.167418373630     
   4.39638419618529       5.608527612590820E-012   213.167418373636     
   4.42405540417802       2.258046371573031E-012   213.167418373638     
   4.45172661217076       8.925269136477357E-013   213.167418373639     
   4.47939782016349       3.462353890168237E-013   213.167418373639     
   4.50706902815622       1.318980723369693E-013   213.167418373640     
   4.53474023614896       4.927118867764037E-014   213.167418373640     
   4.56241144414169       1.802567346362169E-014   213.167418373640     
   4.59008265213442       6.517877807157637E-015   213.167418373640     
   4.61775386012716       2.304072735540846E-015   213.167418373640     
   4.64542506811989       7.954520317308555E-016   213.167418373640     
   4.67309627611263       2.635214817352640E-016   213.167418373640     
   4.70076748410536       8.716191124251825E-017   213.167418373640     
   4.72843869209809       3.010155195423818E-017   213.167418373640     
   4.75610990009083       7.333070780457981E-018   213.167418373640     
   4.78378110808356       4.271630996207080E-018   213.167418373640     
   4.81145231607629       0.000000000000000E+000   213.167418373640     
   4.83912352406903       0.000000000000000E+000   213.167418373640     
   4.86679473206176       0.000000000000000E+000   213.167418373640     
   4.89446594005450       0.000000000000000E+000   213.167418373640     
   4.92213714804723       0.000000000000000E+000   213.167418373640     
   4.94980835603997       0.000000000000000E+000   213.167418373640     
   4.97747956403270       0.000000000000000E+000   213.167418373640     
   5.00515077202543       0.000000000000000E+000   213.167418373640     
   5.03282198001817       0.000000000000000E+000   213.167418373640     
   5.06049318801090       0.000000000000000E+000   213.167418373640     
   5.08816439600363       0.000000000000000E+000   213.167418373640     
