  -25.3501643960036       0.000000000000000E+000  0.000000000000000E+000
  -25.3224931880109       0.000000000000000E+000  0.000000000000000E+000
  -25.2948219800182       0.000000000000000E+000  0.000000000000000E+000
  -25.2671507720254       0.000000000000000E+000  0.000000000000000E+000
  -25.2394795640327       0.000000000000000E+000  0.000000000000000E+000
  -25.2118083560400       0.000000000000000E+000  0.000000000000000E+000
  -25.1841371480472       0.000000000000000E+000  0.000000000000000E+000
  -25.1564659400545       0.000000000000000E+000  0.000000000000000E+000
  -25.1287947320618       0.000000000000000E+000  0.000000000000000E+000
  -25.1011235240690       0.000000000000000E+000  0.000000000000000E+000
  -25.0734523160763       0.000000000000000E+000  0.000000000000000E+000
  -25.0457811080836       1.110223024625157E-016  1.110223024625157E-016
  -25.0181099000908       4.857225732735060E-016  5.967448757360216E-016
  -24.9904386920981       1.519184084086689E-015  2.115928959822710E-015
  -24.9627674841054       4.681368140357911E-015  6.797297100180621E-015
  -24.9350962761126       1.373667889506547E-014  2.053397599524609E-014
  -24.9074250681199       4.067454923220581E-014  6.120852522745190E-014
  -24.8797538601272       1.174713538248939E-013  1.786798790523458E-013
  -24.8520826521344       3.331298995337684E-013  5.118097785861142E-013
  -24.8244114441417       9.265580924039396E-013  1.438367870990054E-012
  -24.7967402361490       2.528759265787300E-012  3.967127136777354E-012
  -24.7690690281562       6.769656124734624E-012  1.073678326151198E-011
  -24.7413978201635       1.778092039925183E-011  2.851770366076381E-011
  -24.7137266121708       4.581857647196347E-011  7.433628013272728E-011
  -24.6860554041780       1.158341254945544E-010  1.901704056272817E-010
  -24.6583841961853       2.873009893140585E-010  4.774713949413402E-010
  -24.6307129881926       6.991059926602337E-010  1.176577387601574E-009
  -24.6030417801998       1.668994862181594E-009  2.845572249783167E-009
  -24.5753705722071       3.909065253188560E-009  6.754637502971728E-009
  -24.5476993642144       8.982491988770731E-009  1.573712949174246E-008
  -24.5200281562216       2.025008133312717E-008  3.598721082486963E-008
  -24.4923569482289       4.478811067756393E-008  8.077532150243356E-008
  -24.4646857402361       9.718623689337512E-008  1.779615583958087E-007
  -24.4370145322434       2.068963705175700E-007  3.848579289133787E-007
  -24.4093433242507       4.321227009002472E-007  8.169806298136259E-007
  -24.3816721162579       8.854568810189685E-007  1.702437510832594E-006
  -24.3540009082652       1.780056961330563E-006  3.482494472163158E-006
  -24.3263297002725       3.510803726413194E-006  6.993298198576352E-006
  -24.2986584922797       6.793371893148818E-006  1.378667009172517E-005
  -24.2709872842870       1.289645770164615E-005  2.668312779337132E-005
  -24.2433160762943       2.401937563275799E-005  5.070250342612931E-005
  -24.2156448683015       4.388935887118345E-005  9.459186229731275E-005
  -24.1879736603088       7.867975966602530E-005  1.732716219633381E-004
  -24.1603024523161       1.383799264412490E-004  3.116515484045871E-004
  -24.1326312443233       2.387753367739130E-004  5.504268851785001E-004
  -24.1049600363306       4.042147471042875E-004  9.546416322827875E-004
  -24.0772888283379       6.713379139647870E-004  1.625979546247575E-003
  -24.0496176203451       1.093897284871886E-003  2.719876831119461E-003
  -24.0219464123524       1.748711951617893E-003  4.468588782737355E-003
  -23.9942752043597       2.742624753747073E-003  7.211213536484427E-003
  -23.9666039963669       4.220082089366576E-003  1.143129562585100E-002
  -23.9389327883742       6.370621691308316E-003  1.780191731715932E-002
  -23.9112615803815       9.435157589632218E-003  2.723707490679154E-002
  -23.8835903723887       1.370954189648101E-002  4.094661680327255E-002
  -23.8559191643960       1.954353811658494E-002  6.049015491985749E-002
  -23.8282479564033       2.733316505066246E-002  8.782331997051995E-002
  -23.8005767484105       3.750448241581873E-002  0.125327802386339     
  -23.7729055404178       5.048739846543872E-002  0.175815200851777     
  -23.7452343324251       6.667905556577225E-002  0.242494256417550     
  -23.7175631244323       8.639778721885347E-002  0.328892043636403     
  -23.6898919164396       0.109830431955356       0.438722475591759     
  -23.6622207084469       0.136977712524726       0.575700188116485     
  -23.6345495004541       0.167604115790821       0.743304303907307     
  -23.6068782924614       0.201199851622576       0.944504155529883     
  -23.5792070844687       0.236962650427235        1.18146680595712     
  -23.5515358764759       0.273806101700481        1.45527290765760     
  -23.5238646684832       0.310398851711545        1.76567175936914     
  -23.4961934604905       0.345235430842394        2.11090719021154     
  -23.4685222524977       0.376735201190858        2.48764239140240     
  -23.4408510445050       0.403361554790295        2.89100394619269     
  -23.4131798365123       0.423749817286455        3.31475376347915     
  -23.3855086285195       0.436830047964804        3.75158381144395     
  -23.3578374205268       0.441930600671723        4.19351441211567     
  -23.3301662125341       0.438850113055197        4.63236452517087     
  -23.3024950045413       0.427889313020434        5.06025383819130     
  -23.2748237965486       0.409839079119368        5.47009291731067     
  -23.2471525885559       0.385926702302973        5.85601961961365     
  -23.2194813805631       0.357727312948747        6.21374693256239     
  -23.1918101725704       0.327051112355997        6.54079804491839     
  -23.1641389645777       0.295818826017983        6.83661687093637     
  -23.1364677565849       0.265937525852757        7.10255439678913     
  -23.1087965485922       0.239186923453738        7.34174132024287     
  -23.0811253405995       0.217123035263707        7.55886435550658     
  -23.0534541326067       0.201002571921729        7.75986692742830     
  -23.0257829246140       0.191728311301777        7.95159523873008     
  -22.9981117166213       0.189813689991007        8.14140892872109     
  -22.9704405086285       0.195364177440812        8.33677310616190     
  -22.9427693006358       0.208073588751510        8.54484669491341     
  -22.9150980926431       0.227234915000497        8.77208160991391     
  -22.8874268846503       0.251766854192884        9.02384846410679     
  -22.8597556766576       0.280258313902698        9.30410677800949     
  -22.8320844686649       0.311033166366676        9.61513994437617     
  -22.8044132606721       0.342236192308715        9.95737613668488     
  -22.7767420526794       0.371938544705123        10.3293146813900     
  -22.7490708446866       0.398257655645916        10.7275723370359     
  -22.7213996366939       0.419483024897406        11.1470553619333     
  -22.6937284287012       0.434196598618964        11.5812519605523     
  -22.6660572207084       0.441375209903887        12.0226271704562     
  -22.6383860127157       0.440463274938649        12.4630904453948     
  -22.6107148047230       0.431406689504200        12.8944971348990     
  -22.5830435967302       0.414643292684210        13.3091404275832     
  -22.5553723887375       0.391050640512775        13.7001910680960     
  -22.5277011807448       0.361857235825043        14.0620483039211     
  -22.5000299727520       0.328527855349769        14.3905761592708     
  -22.4723587647593       0.292636451266256        14.6832126105371     
  -22.4446875567666       0.255740867715433        14.9389534782525     
  -22.4170163487738       0.219272292230938        15.1582257704835     
  -22.3893451407811       0.184449326125573        15.3426750966090     
  -22.3616739327884       0.152222450204847        15.4948975468139     
  -22.3340027247956       0.123250248924886        15.6181477957388     
  -22.3063315168029       9.790476400628795E-002   15.7160525597450     
  -22.2786603088102       7.630033151693584E-002   15.7923528912620     
  -22.2509891008174       5.833851673559681E-002   15.8506914079976     
  -22.2233178928247       4.376133384261280E-002   15.8944527418402     
  -22.1956466848320       3.220563197332620E-002   15.9266583738135     
  -22.1679754768392       2.325300756303245E-002   15.9499113813765     
  -22.1403042688465       1.647147206297912E-002   15.9663828534395     
  -22.1126330608538       1.144699837858456E-002   15.9778298518181     
  -22.0849618528610       7.804708964696516E-003   15.9856345607828     
  -22.0572906448683       5.220686933064122E-003   15.9908552477159     
  -22.0296194368756       3.426134424872525E-003   15.9942813821407     
  -22.0019482288828       2.205905588953257E-003   15.9964872877297     
  -21.9742770208901       1.393398002015715E-003   15.9978806857317     
  -21.9466058128974       8.635135389354292E-004   15.9987441992707     
  -21.9189346049046       5.250114675217053E-004   15.9992692107382     
  -21.8912633969119       3.131656096127901E-004   15.9995823763478     
  -21.8635921889192       1.832672826244177E-004   15.9997656436304     
  -21.8359209809264       1.052207498709399E-004   15.9998708643803     
  -21.8082497729337       5.926843035598643E-005   15.9999301328106     
  -21.7805785649410       3.275300866498253E-005   15.9999628858193     
  -21.7529073569482       1.775765459975198E-005   15.9999806434739     
  -21.7252361489555       9.445630519746998E-006   15.9999900891044     
  -21.6975649409628       4.929554504452263E-006   15.9999950186589     
  -21.6698937329700       2.524712367319598E-006   15.9999975433713     
  -21.6422225249773       1.270267460886873E-006   15.9999988136388     
  -21.6145513169846       6.309074952304912E-007   15.9999994445462     
  -21.5868801089918       3.162410460099633E-007   15.9999997607873     
  -21.5592089009991       1.750200710643217E-007   15.9999999358074     
  -21.5315376930064       1.361899218524690E-007   16.0000000719973     
  -21.5038664850136       1.796909147929338E-007   16.0000002516882     
  -21.4761952770209       3.279664878344242E-007   16.0000005796547     
  -21.4485240690282       6.554499591758891E-007   16.0000012351047     
  -21.4208528610354       1.319071738757030E-006   16.0000025541764     
  -21.3931816530427       2.619206919563064E-006   16.0000051733833     
  -21.3655104450500       5.108637008782236E-006   16.0000102820203     
  -21.3378392370572       9.778205586683582E-006   16.0000200602259     
  -21.3101680290645       1.836300797321288E-005   16.0000384232339     
  -21.2824968210718       3.383298056530682E-005   16.0000722562144     
  -21.2548256130790       6.115676643951578E-005   16.0001334129809     
  -21.2271544050863       1.084565483291395E-004   16.0002418695292     
  -21.1994831970936       1.887008731897555E-004   16.0004305704024     
  -21.1718119891008       3.221060696088863E-004   16.0007526764720     
  -21.1441407811081       5.394246707459190E-004   16.0012921011428     
  -21.1164695731154       8.862773202084841E-004   16.0021783784630     
  -21.0887983651226       1.428615762868834E-003   16.0036069942258     
  -21.0611271571299       2.259270581474487E-003   16.0058662648073     
  -21.0334559491371       3.505323472431730E-003   16.0093715882797     
  -21.0057847411444       5.335744611271553E-003   16.0147073328910     
  -20.9781135331517       7.968362496695665E-003   16.0226756953877     
  -20.9504423251589       1.167482234289212E-002   16.0343505177306     
  -20.9227711171662       1.678180466799900E-002   16.0511323223986     
  -20.8950999091735       2.366651222334524E-002   16.0747988346220     
  -20.8674287011807       3.274440532952175E-002   16.1075432399515     
  -20.8397574931880       4.444748962843117E-002   16.1519907295799     
  -20.8120862851953       5.919222708740982E-002   16.2111829566673     
  -20.7844150772025       7.733738233192808E-002   16.2885203389992     
  -20.7567438692098       9.913377197101282E-002   16.3876541109703     
  -20.7290726612171       0.124669781647392        16.5123238926176     
  -20.7014014532243       0.153818368529628        16.6661422611473     
  -20.6737302452316       0.186192706699725        16.8523349678470     
  -20.6460590372389       0.221118266406122        17.0734532342531     
  -20.6183878292461       0.257628612405691        17.3310818466588     
  -20.5907166212534       0.294490380372950        17.6255722270318     
  -20.5630454132607       0.330259791721683        17.9558320187534     
  -20.5353742052679       0.363369012810750        18.3192010315642     
  -20.5077029972752       0.392236221770033        18.7114372533342     
  -20.4800317892825       0.415389151961200        19.1268264052954     
  -20.4523605812897       0.431588907094654        19.5584153123901     
  -20.4246893732970       0.439939634079900        19.9983549464700     
  -20.3970181653043       0.439970562317662        20.4383255087876     
  -20.3693469573115       0.431679958581181        20.8700054673688     
  -20.3416757493188       0.415535287865055        21.2855407552339     
  -20.3140045413261       0.392429559436611        21.6779703146705     
  -20.2863333333333       0.363599529606191        22.0415698442767     
  -20.2586621253406       0.330516183551796        22.3720860278285     
  -20.2309909173479       0.294760972827573        22.6668470006560     
  -20.2033197093551       0.257902223272147        22.9247492239282     
  -20.1756485013624       0.221384933309926        23.1461341572381     
  -20.1479772933697       0.186444219239245        23.3325783764774     
  -20.1203060853769       0.154048575358681        23.4866269518360     
  -20.0926348773842       0.124874674049303        23.6115016258853     
  -20.0649636693915       9.931137179397527E-002   23.7108129976793     
  -20.0372924613987       7.748748045448334E-002   23.7883004781338     
  -20.0096212534060       5.931602746186759E-002   23.8476165055957     
  -19.9819500454133       4.454721382760953E-002   23.8921637194233     
  -19.9542788374205       3.282290521693884E-002   23.9249866246402     
  -19.9266076294278       2.372692649233566E-002   23.9487135511326     
  -19.8989364214351       1.682728132367942E-002   23.9655408324562     
  -19.8712652134423       1.170831613833525E-002   23.9772491485946     
  -19.8435940054496       7.992505588593324E-003   23.9852416541832     
  -19.8159227974569       5.352781162839798E-003   23.9905944353460     
  -19.7882515894641       3.517094746283091E-003   23.9941115300923     
  -19.7605803814714       2.267235816078181E-003   23.9963787659084     
  -19.7329091734787       1.433895072817154E-003   23.9978126609812     
  -19.7052379654859       8.897051632990231E-004   23.9987023661445     
  -19.6775667574932       5.416053164215649E-004   23.9992439714609     
  -19.6498955495005       3.234653906675824E-004   23.9995674368516     
  -19.6222243415077       1.895312838347333E-004   23.9997569681354     
  -19.5945531335150       1.089538422108716E-004   23.9998659219776     
  -19.5668819255223       6.144893906341213E-005   23.9999273709167     
  -19.5392107175295       3.400192515130585E-005   23.9999613728418     
  -19.5115395095368       1.846038231859213E-005   23.9999798332242     
  -19.4838683015441       9.836932269819548E-006   23.9999896701564     
  -19.4561970935513       5.151580713851143E-006   23.9999948217371     
  -19.4285258855586       2.666743207431488E-006   23.9999974884803     
  -19.4008546775658       1.397730204048635E-006   23.9999988862105     
  -19.3731834695731       8.108719211657078E-007   23.9999996970825     
  -19.3455122615804       6.475033235262993E-007   24.0000003445858     
  -19.3178410535876       8.337659100813395E-007   24.0000011783517     
  -19.2901698455949       1.454092999663001E-006   24.0000026324447     
  -19.2624986376022       2.781623373817666E-006   24.0000054140681     
  -19.2348274296094       5.373330844713907E-006   24.0000107873989     
  -19.2071562216167       1.025317550740142E-005   24.0000210405744     
  -19.1794850136240       1.922475771410211E-005   24.0000402653321     
  -19.1518138056312       3.537704591760062E-005   24.0000756423781     
  -19.1241425976385       6.387315923606199E-005   24.0001395155373     
  -19.0964713896458       1.131418511148582E-004   24.0002526573884     
  -19.0688001816530       1.966209356708744E-004   24.0004492783241     
  -19.0411289736603       3.352249679146210E-004   24.0007845032920     
  -19.0134577656676       5.607157417395960E-004   24.0013452190337     
  -18.9857865576748       9.201293103504389E-004   24.0022653483441     
  -18.9581153496821       1.481339833400680E-003   24.0037466881775     
  -18.9304441416894       2.339700482246778E-003   24.0060863886597     
  -18.9027729336966       3.625480434321809E-003   24.0097118690941     
  -18.8751017257039       5.511510198169038E-003   24.0152233792922     
  -18.8474305177112       8.220068259060289E-003   24.0234434475513     
  -18.8197593097184       1.202762838769890E-002   24.0354710759390     
  -18.7920881017257       1.726570663428505E-002   24.0527367825733     
  -18.7644168937330       2.431579655125099E-002   24.0770525791245     
  -18.7367456857402       3.359637659307882E-002   24.1106489557176     
  -18.7090744777475       4.554033120720517E-002   24.1561892869248     
  -18.6814032697548       6.056193474138540E-002   24.2167512216662     
  -18.6537320617620       7.901383045040231E-002   24.2957650521166     
  -18.6260608537693       0.101136126749413        24.3969011788660     
  -18.5983896457766       0.127001646263831        24.5239028251298     
  -18.5707184377838       0.156463204883433        24.6803660300133     
  -18.5430472297911       0.189110192335648        24.8694762223489     
  -18.5153760217984       0.224242279307665        25.0937185016566     
  -18.4877048138056       0.260867463200526        25.3545859648571     
  -18.4600336058129       0.297729719456745        25.6523156843138     
  -18.4323623978202       0.333368317988730        25.9856840023026     
  -18.4046911898274       0.366206735388118        26.3518907376907     
  -18.3770199818347       0.394664631900920        26.7465553695916     
  -18.3493487738420       0.417282317095661        27.1638376866873     
  -18.3216775658492       0.432844271154050        27.5966819578413     
  -18.2940063578565       0.440487249775528        28.0371692076169     
  -18.2663351498638       0.439779618867854        28.4769488264847     
  -18.2386639418710       0.430761791877662        28.9077106183624     
  -18.2109927338783       0.413942526116035        29.3216531444784     
  -18.1833215258856       0.390251595108509        29.7119047395869     
  -18.1556503178928       0.360955035690939        30.0728597752779     
  -18.1279791099001       0.327543831874212        30.4004036071521     
  -18.1003079019074       0.291609808854789        30.6920134160069     
  -18.0726366939146       0.254723282346731        30.9467366983536     
  -18.0449654859219       0.218325658506257        31.1650623568598     
  -18.0172942779292       0.183647100203487        31.3487094570633     
  -17.9896230699364       0.151655223646947        31.5003646807103     
  -17.9619518619437       0.123036332713655        31.6234010134239     
  -17.9342806539510       9.820665234711333E-002   31.7216076657710     
  -17.9066094459582       7.734792036473399E-002   31.7989555861358     
  -17.8789382379655       6.045981649670876E-002   31.8594154026325     
  -17.8512670299728       4.742106259493628E-002   31.9068364652274     
  -17.8235958219800       3.805141978439985E-002   31.9448878850118     
  -17.7959246139873       3.216791281807298E-002   31.9770557978299     
  -17.7682534059945       2.963007921990741E-002   32.0066858770498     
  -17.7405821980018       3.037058143583173E-002   32.0370564584856     
  -17.7129109900091       3.440895951799311E-002   32.0714654180036     
  -17.6852397820163       4.184759459848286E-002   32.1133130126021     
  -17.6575685740236       5.285015947656670E-002   32.1661631720787     
  -17.6298973660309       6.760406377043049E-002   32.2337672358491     
  -17.6022261580381       8.626975369713902E-002   32.3200369895463     
  -17.5745549500454       0.108921218765797        32.4289582083121     
  -17.5468837420527       0.135483587511766        32.5644417958238     
  -17.5192125340599       0.165675032262019        32.7301168280858     
  -17.4915413260672       0.198961024500082        32.9290778525859     
  -17.4638701180745       0.234528938930618        33.1636067915165     
  -17.4361989100817       0.271289817102892        33.4348966086194     
  -17.4085277020890       0.307911658906338        33.7428082675258     
  -17.3808564940963       0.342885041799483        34.0856933093252     
  -17.3531852861035       0.374617569618199        34.4603108789434     
  -17.3255140781108       0.401549251360064        34.8618601303035     
  -17.2978428701181       0.422277160414820        35.2841372907183     
  -17.2701716621253       0.435675362061462        35.7198126527798     
  -17.2425004541326       0.440995675017474        36.1608083277973     
  -17.2148292461399       0.437936583735491        36.5987449115328     
  -17.1871580381471       0.426671376681294        37.0254162882140     
  -17.1594868301544       0.407831798277640        37.4332480864917     
  -17.1318156221617       0.382449324396085        37.8156974108878     
  -17.1041444141689       0.351861634961545        38.1675590458493     
  -17.0764732061762       0.317596066115105        38.4851551119644     
  -17.0488019981835       0.281244133200192        38.7663992451646     
  -17.0211307901907       0.244341350326337        39.0107405954910     
  -16.9934595821980       0.208264663952178        39.2190052594431     
  -16.9657883742053       0.174156350147305        39.3931616095904     
  -16.9381171662125       0.142878908865749        39.5360405184562     
  -16.9104459582198       0.115001102141989        39.6510416205982     
  -16.8827747502271       9.081151646047086E-002   39.7418531370586     
  -16.8551035422343       7.035336614260168E-002   39.8122065032012     
  -16.8274323342416       5.347291295639939E-002   39.8656794161576     
  -16.7997611262489       3.987381519391812E-002   39.9055532313516     
  -16.7720899182561       2.917069027485341E-002   39.9347239216264     
  -16.7444187102634       2.093681253751484E-002   39.9556607341639     
  -16.7167475022707       1.474277863656553E-002   39.9704035128005     
  -16.6890762942779       1.018481215959242E-002   39.9805883249601     
  -16.6614050862852       6.902899939809175E-003   39.9874912248999     
  -16.6337338782925       4.590024296307876E-003   39.9920812491962     
  -16.6060626702997       2.994354520709488E-003   39.9950756037169     
  -16.5783914623070       1.916444532295819E-003   39.9969920482492     
  -16.5507202543143       1.203355832116647E-003   39.9981954040813     
  -16.5230490463215       7.413044916513782E-004   39.9989367085730     
  -16.4953778383288       4.480267253117832E-004   39.9993847352983     
  -16.4677066303361       2.656537240407039E-004   39.9996503890223     
  -16.4400354223433       1.545370318598711E-004   39.9998049260542     
  -16.4123642143506       8.819701114811518E-005   39.9998931230653     
  -16.3846930063579       4.938326313542253E-005   39.9999425063285     
  -16.3570217983651       2.712753207061305E-005   39.9999696338606     
  -16.3293505903724       1.461993171570942E-005   39.9999842537923     
  -16.3016793823797       7.730096764031638E-006   39.9999919838890     
  -16.2740081743869       4.009858215460254E-006   39.9999959937472     
  -16.2463369663942       2.040692592218901E-006   39.9999980344398     
  -16.2186657584015       1.018897980574268E-006   39.9999990533378     
  -16.1909945504087       4.991014426900735E-007   39.9999995524393     
  -16.1633233424160       2.398583051539693E-007   39.9999997922976     
  -16.1356521344233       1.130952948616188E-007   39.9999999053929     
  -16.1079809264305       5.232980962579592E-008   39.9999999577227     
  -16.0803097184378       2.378942450605333E-008   39.9999999815121     
  -16.0526385104450       1.069662987622944E-008   39.9999999922087     
  -16.0249673024523       4.932294666660023E-009   39.9999999971410     
  -15.9972960944596       2.745302134818210E-009   39.9999999998863     
  -15.9696248864668       2.659623256329700E-009   40.0000000025460     
  -15.9419536784741       4.617070501313283E-009   40.0000000071630     
  -15.9142824704814       9.943303397883310E-009   40.0000000171063     
  -15.8866112624886       2.212063831397550E-008   40.0000000392270     
  -15.8589400544959       4.874105771995960E-008   40.0000000879680     
  -15.8312688465032       1.055422282584140E-007   40.0000001935103     
  -15.8035976385104       2.242780537281574E-007   40.0000004177883     
  -15.7759264305177       4.675947796322103E-007   40.0000008853831     
  -15.7482552225250       9.564362878258900E-007   40.0000018418194     
  -15.7205840145322       1.919299021479581E-006   40.0000037611184     
  -15.6929128065395       3.778582200323721E-006   40.0000075397006     
  -15.6652415985468       7.298181434898122E-006   40.0000148378820     
  -15.6375703905540       1.382929318755239E-005   40.0000286671752     
  -15.6098991825613       2.570898147527794E-005   40.0000543761567     
  -15.5822279745686       4.688882314786040E-005   40.0001012649798     
  -15.5545567665758       8.389834280569486E-005   40.0001851633227     
  -15.5268855585831       1.472777143264549E-004   40.0003324410370     
  -15.4992143505904       2.536414956859929E-004   40.0005860825327     
  -15.4715431425976       4.285516839787996E-004   40.0010146342167     
  -15.4438719346049       7.103718612207833E-004   40.0017250060779     
  -15.4162007266122       1.155228649058615E-003   40.0028802347269     
  -15.3885295186194       1.843103907568545E-003   40.0047233386345     
  -15.3608583106267       2.884904026901666E-003   40.0076082426614     
  -15.3331871026340       4.430090646208586E-003   40.0120383333076     
  -15.3055158946412       6.674113067758578E-003   40.0187124463754     
  -15.2778446866485       9.864480616583120E-003   40.0285769269920     
  -15.2501734786558       1.430390500361470E-002   40.0428808319956     
  -15.2225022706630       2.034861029409690E-002   40.0632294422897     
  -15.1948310626703       2.839975888133947E-002   40.0916292011710     
  -15.1671598546776       3.888609513050463E-002   40.1305152963015     
  -15.1394886466848       5.223647102313740E-002   40.1827517673247     
  -15.1118174386921       6.884195299637919E-002   40.2515937203210     
  -15.0841462306994       8.900870076292011E-002   40.3406024210840     
  -15.0564750227066       0.112904635893066        40.4535070569770     
  -15.0288038147139       0.140504842516025        40.5940118994930     
  -15.0011326067212       0.171542325958434        40.7655542254515     
  -14.9734613987284       0.205471804603113        40.9710260300546     
  -14.9457901907357       0.241454253590241        41.2124802836448     
  -14.9181189827430       0.278368696015567        41.4908489796604     
  -14.8904477747502       0.314855187076486        41.8057041667369     
  -14.8627765667575       0.349389256561449        42.1550934232983     
  -14.8351053587648       0.380383729578139        42.5354771528765     
  -14.8074341507720       0.406309511559214        42.9417866644357     
  -14.7797629427793       0.425823376255779        43.3676100406915     
  -14.7520917347866       0.437888751618075        43.8054987923096     
  -14.7244205267938       0.441875454765070        44.2473742470746     
  -14.6967493188011       0.437626430922082        44.6850006779967     
  -14.6690781108084       0.425483540720051        45.1104842187168     
  -14.6414069028156       0.406269676025023        45.5167538947418     
  -14.6137356948229       0.381230068387659        45.8979839631294     
  -14.5860644868302       0.351940613119367        46.2499245762488     
  -14.5583932788374       0.320194522947370        46.5701190991962     
  -14.5307220708447       0.287880113463771        46.8579992126599     
  -14.5030508628520       0.256861890084642        47.1148611027446     
  -14.4753796548592       0.228874665105046        47.3437357678496     
  -14.4477084468665       0.205436843189078        47.5491726110387     
  -14.4200372388738       0.187785123456713        47.7369577344954     
  -14.3923660308810       0.176829520763190        47.9137872552586     
  -14.3646948228883       0.173125461780536        48.0869127170392     
  -14.3370236148955       0.176859089847240        48.2637718068864     
  -14.3093524069028       0.187842756512474        48.4516145633989     
  -14.2816811989101       0.205519569202139        48.6571341326010     
  -14.2540099909173       0.228978134116000        48.8861122667170     
  -14.2263387829246       0.256980522017281        49.1430927887343     
  -14.1986675749319       0.288007323349220        49.4311001120835     
  -14.1709963669391       0.320323031309734        49.7514231433932     
  -14.1433251589464       0.352062838941046        50.1034859823343     
  -14.1156539509537       0.381338587183132        50.4848245695174     
  -14.0879827429609       0.406357710229408        50.8911822797468     
  -14.0603115349682       0.425545437340512        51.3167277170873     
  -14.0326403269755       0.437658075301667        51.7543857923890     
  -14.0049691189827       0.441874571335467        52.1962603637245     
  -13.9772979109900       0.437855053015382        52.6341154167399     
  -13.9496267029973       0.425758539734938        53.0598739564748     
  -13.9219554950045       0.406216983376357        53.4660909398511     
  -13.8942842870118       0.380268380144805        53.8463593199959     
  -13.8666130790191       0.349256927860654        54.1956162478566     
  -13.8389418710263       0.314712185943791        54.5103284338004     
  -13.8112706630336       0.278221290645934        54.7885497244463     
  -13.7835994550409       0.241308225887400        55.0298579503337     
  -13.7559282470481       0.205332099152187        55.2351900494859     
  -13.7282570390554       0.171412820033781        55.4066028695197     
  -13.7005858310627       0.140388243729026        55.5469911132487     
  -13.6729146230699       0.112802497809515        55.6597936110582     
  -13.6452434150772       8.892153437294530E-002   55.7487151454312     
  -13.6175722070845       6.876940458824669E-002   55.8174845500194     
  -13.5899009990917       5.217753499809237E-002   55.8696620850175     
  -13.5622297910990       3.883933287212483E-002   55.9085014178896     
  -13.5345585831063       2.836350061742977E-002   55.9368649185071     
  -13.5068873751135       2.032112437586545E-002   55.9571860428829     
  -13.4792161671208       1.428352668554357E-002   55.9714695695685     
  -13.4515449591281       9.849699098965398E-003   55.9813192686674     
  -13.4238737511353       6.663620566620495E-003   55.9879828892341     
  -13.3962025431426       4.422800343353239E-003   55.9924056895774     
  -13.3685313351499       2.879945058959235E-003   55.9952856346364     
  -13.3408601271571       1.839801452617400E-003   55.9971254360890     
  -13.3131889191644       1.153076148075042E-003   55.9982785122371     
  -13.2855177111717       7.090009591040039E-004   55.9989875131962     
  -13.2578465031789       4.277040232250482E-004   55.9994152172194     
  -13.2301752951862       2.531454073438108E-004   55.9996683626267     
  -13.2025040871935       1.470324547279042E-004   55.9998153950815     
  -13.1748328792007       8.386919895745043E-005   55.9998992642804     
  -13.1471616712080       4.711871012260126E-005   55.9999463829906     
  -13.1194904632153       2.635699250740363E-005   55.9999727399831     
  -13.0918192552225       1.525553897164671E-005   55.9999879955220     
  -13.0641480472298       1.022955727952672E-005   55.9999982250793     
  -13.0364768392371       9.615449691537732E-006   56.0000078405290     
  -13.0088056312443       1.328366368922657E-005   56.0000211241927     
  -12.9811344232516       2.264508304749961E-005   56.0000437692757     
  -12.9534632152589       4.106766909768995E-005   56.0000848369448     
  -12.9257920072661       7.478409527016436E-005   56.0001596210401     
  -12.8981207992734       1.344398873745292E-004   56.0002940609275     
  -12.8704495912807       2.375025156954567E-004   56.0005315634432     
  -12.8427783832879       4.118183957680868E-004   56.0009433818390     
  -12.8151071752952       7.006541305991636E-004   56.0016440359695     
  -12.7874359673025       1.169570164307814E-003   56.0028136061339     
  -12.7597647593097       1.915420921178176E-003   56.0047290270550     
  -12.7320935513170       3.077621011557557E-003   56.0078066480666     
  -12.7044223433243       4.851526803714989E-003   56.0126581748703     
  -12.6767511353315       7.503329307151533E-003   56.0201615041775     
  -12.6490799273388       1.138523154578708E-002   56.0315467357232     
  -12.6214087193461       1.694892117984140E-002   56.0484956569031     
  -12.5937375113533       2.475452726444341E-002   56.0732501841675     
  -12.5660663033606       3.547150801401962E-002   56.1087216921815     
  -12.5383950953678       4.986744979069261E-002   56.1585891419722     
  -12.5107238873751       6.878079809462606E-002   56.2273699400669     
  -12.4830526793824       9.307431744356498E-002   56.3204442575104     
  -12.4553814713896       0.123567755615377        56.4440120131258     
  -12.4277102633969       0.160950806708526        56.6049628198343     
  -12.4000390554042       0.205680873611932        56.8106436934463     
  -12.3723678474114       0.257873942537975        57.0685176359842     
  -12.3446966394187       0.317200499559754        57.3857181355440     
  -12.3170254314260       0.382801089151262        57.7685192246953     
  -12.2893542234332       0.453237061283738        58.2217562859790     
  -12.2616830154405       0.526490648388006        58.7482469343670     
  -12.2340118074478       0.600024457823545        59.3482713921905     
  -12.2063405994550       0.670903936006782        60.0191753281973     
  -12.1786693914623       0.735978071234731        60.7551533994321     
  -12.1509981834696       0.792104750296880        61.5472581497289     
  -12.1233269754768       0.836399268190191        62.3836574179191     
  -12.0956557674841       0.866479031199409        63.2501364491185     
  -12.0679845594914       0.880675709344732        64.1308121584633     
  -12.0403133514986       0.878188609136660        65.0090007675999     
  -12.0126421435059       0.859159700433253        65.8681604680332     
  -11.9849709355132       0.824660596429047        66.6928210644622     
  -11.9572997275204       0.776593273570524        67.4694143380327     
  -11.9296285195277       0.717517521879868        68.1869318599126     
  -11.9019573115350       0.650427187168481        68.8373590470811     
  -11.8742861035422       0.578502784927500        69.4158618320086     
  -11.8466148955495       0.504869308802339        69.9207311408109     
  -11.8189436875568       0.432385106797017        70.3531162476079     
  -11.7912724795640       0.363481371407222        70.7165976190152     
  -11.7636012715713       0.300063413114739        71.0166610321299     
  -11.7359300635786       0.243475990498042        71.2601370226279     
  -11.7082588555858       0.194526971548713        71.4546639941767     
  -11.6805876475931       0.153557551240220        71.6082215454169     
  -11.6529164396004       0.120543697322289        71.7287652427392     
  -11.6252452316076       9.521247129014797E-002   71.8239777140293     
  -11.5975740236149       7.715798817251097E-002   71.9011357022018     
  -11.5699028156222       6.594439895281128E-002   71.9670801011547     
  -11.5422316076294       6.118669671653484E-002   72.0282667978712     
  -11.5145603996367       6.260374354737021E-002   72.0908705414186     
  -11.4868891916440       7.004125702785610E-002   72.1609117984464     
  -11.4592179836512       8.346536455589527E-002   72.2443771630023     
  -11.4315467756585       0.102929693737754        72.3473068567400     
  -11.4038755676658       0.128520889317907        72.4758277460580     
  -11.3762043596730       0.160289024685506        72.6361167707435     
  -11.3485331516803       0.198170650380725        72.8342874211242     
  -11.3208619436876       0.241913141632465        73.0762005627567     
  -11.2931907356948       0.291009427586147        73.3672099903428     
  -11.2655195277021       0.344651909540799        73.7118618998836     
  -11.2378483197094       0.401713221575843        74.1135751214595     
  -11.2101771117166       0.460759361454628        74.5743344829141     
  -11.1825059037239       0.520097681417613        75.0944321643317     
  -11.1548346957312       0.577858518006028        75.6722906823377     
  -11.1271634877384       0.632105266682836        76.3043959490206     
  -11.0994922797457       0.680963991942064        76.9853599409626     
  -11.0718210717530       0.722760750225532        77.7081206911882     
  -11.0441498637602       0.756153154243186        78.4642738454314     
  -11.0164786557675       0.780242614222035        79.2445164596534     
  -10.9888074477748       0.794655214978018        80.0391716746314     
  -10.9611362397820       0.799582146890445        80.8387538215218     
  -10.9334650317893       0.795774619415833        81.6345284409377     
  -10.9057938237965       0.784492734927576        82.4190211758653     
  -10.8781226158038       0.767412340367581        83.1864335162329     
  -10.8504514078111       0.746497908241615        83.9329314244745     
  -10.8227801998183       0.723852643933762        84.6567840684082     
  -10.7951089918256       0.701559029186084        85.3583430975943     
  -10.7674377838329       0.681523779159496        86.0398668767538     
  -10.7397665758401       0.665340703000797        86.7052075797546     
  -10.7120953678474       0.654183277914698        87.3593908576693     
  -10.6844241598547       0.648735992798266        88.0081268504676     
  -10.6567529518619       0.649169868825715        88.6572967192933     
  -10.6290817438692       0.655163283339139        89.3124600026324     
  -10.6014105358765       0.665964679080899        89.9784246817133     
  -10.5737393278837       0.680489412759856        90.6589140944732     
  -10.5460681198910       0.697439440835084        91.3563535353082     
  -10.5183969118983       0.715432308599609        92.0717858439078     
  -10.4907257039055       0.733125435901150        92.8049112798090     
  -10.4630544959128       0.749323173650612        93.5542344534596     
  -10.4353832879201       0.763057399901856        94.3172918533615     
  -10.4077120799273       0.773637029408581        95.0909288827700     
  -10.3800408719346       0.780666917252540        95.8715958000226     
  -10.3523696639419       0.784041275884870        96.6556370759074     
  -10.3246984559491       0.783919971064532        97.4395570469720     
  -10.2970272479564       0.780697253792380        98.2202543007644     
  -10.2693560399637       0.774971396572462        98.9952256973368     
  -10.2416848319709       0.767520622184697        99.7627463195215     
  -10.2140136239782       0.759286402038272        100.522032721560     
  -10.1863424159855       0.751360729196070        101.273393450756     
  -10.1586712079927       0.744970474041703        102.018363924798     
  -10.1310000000000       0.741450342121788        102.759814266919     
  -10.1033287920073       0.742196780929911        103.502011047849     
  -10.0756575840145       0.748598378594488        104.250609426444     
  -10.0479863760218       0.761943263655205        105.012552690099     
  -10.0203151680291       0.783309728094681        105.795862418194     
  -9.99264396003633       0.813451529961958        106.609313948156     
  -9.96497275204360       0.852692922700531        107.462006870856     
  -9.93730154405086       0.900849547366075        108.362856418222     
  -9.90963033605813       0.957189535119397        109.320045953342     
  -9.88195912806539        1.02044468026321        110.340490633605     
  -9.85428792007266        1.08887505581924        111.429365689424     
  -9.82661671207993        1.16038303234805        112.589748721772     
  -9.79894550408719        1.23266558091964        113.822414302692     
  -9.77127429609446        1.30338819179748        115.125802494489     
  -9.74360308810173        1.37036064844525        116.496163142934     
  -9.71593188010899        1.43169475427881        117.927857897213     
  -9.68826067211626        1.48592689449538        119.413784791709     
  -9.66058946412352        1.53209350488553        120.945878296594     
  -9.63291825613079        1.56975419912233        122.515632495717     
  -9.60524704813806        1.59896434746023        124.114596843177     
  -9.57757584014532        1.62020517547226        125.734802018649     
  -9.54990463215259        1.63428403989581        127.369086058545     
  -9.52223342415986        1.64221987873343        129.011305937278     
  -9.49456221616712        1.64512879590504        130.656434733183     
  -9.46689100817439        1.64412260991036        132.300557343094     
  -9.43921980018165        1.64022956331555        133.940786906409     
  -9.41154859218892        1.63434200506180        135.575128911471     
  -9.38387738419619        1.62719146814736        137.202320379618     
  -9.35620617620345        1.61934778859817        138.821668168217     
  -9.32853496821072        1.61123616381192        140.432904332028     
  -9.30086376021798        1.60316453366047        142.036068865689     
  -9.27319255222525        1.59535341426708        143.631422279956     
  -9.24552134423251        1.58796122757096        145.219383507527     
  -9.21785013623978        1.58110007615841        146.800483583685     
  -9.19017892824705        1.57483957681431        148.375323160500     
  -9.16250772025431        1.56919948049846        149.944522640998     
  -9.13483651226158        1.56413497262840        151.508657613627     
  -9.10716530426885        1.55952127365166        153.068178887278     
  -9.07949409627611        1.55514589793377        154.623324785212     
  -9.05182288828338        1.55071716287167        156.174041948084     
  -9.02415168029064        1.54589591295300        157.719937861037     
  -8.99648047229791        1.54035387330963        159.260291734346     
  -8.96880926430518        1.53385690826699        160.794148642613     
  -8.94113805631244        1.52636548642788        162.320514129041     
  -8.91346684831971        1.51813893826554        163.838653067307     
  -8.88579564032698        1.50982588234476        165.348478949651     
  -8.85812443233424        1.50252163337131        166.851000583023     
  -8.83045322434151        1.49777524593000        168.348775828953     
  -8.80278201634878        1.49753423664777        169.846310065601     
  -8.77511080835604        1.50402338563781        171.350333451238     
  -8.74743960036331        1.51956408859118        172.869897539830     
  -8.71976839237057        1.54635078684472        174.416248326674     
  -8.69209718437784        1.58620918043017        176.002457507104     
  -8.66442597638510        1.64036561549587        177.642823122600     
  -8.63675476839237        1.70925722265288        179.352080345253     
  -8.60908356039964        1.79240789190149        181.144488237155     
  -8.58141235240690        1.88838671644556        183.032874953600     
  -8.55374114441417        1.99485458290134        185.027729536502     
  -8.52606993642144        2.10869303402856        187.136422570530     
  -8.49839872842870        2.22619933653991        189.362621907070     
  -8.47072752043597        2.34332446211570        191.705946369186     
  -8.44305631244323        2.45592740167157        194.161873770857     
  -8.41538510445050        2.56002005841355        196.721893829271     
  -8.38771389645776        2.65198132374528        199.373875153016     
  -8.36004268846503        2.72872568225209        202.102600835268     
  -8.33237148047230        2.78781938784135        204.890420223110     
  -8.30470027247956        2.82754450493044        207.717964728040     
  -8.27702906448683        2.84691681556364        210.564881543604     
  -8.24935785649410        2.84566711681535        213.410548660419     
  -8.22168664850136        2.82419664098291        216.234745301402     
  -8.19401544050863        2.78351653391459        219.018261835317     
  -8.16634423251589        2.72517913533683        221.743440970653     
  -8.13867302452316        2.65120595875064        224.394646929404     
  -8.11100181653043        2.56401447322832        226.958661402632     
  -8.08333060853769        2.46634359524856        229.425004997881     
  -8.05565940054496        2.36117653124601        231.786181529127     
  -8.02798819255223        2.25165935720024        234.037840886327     
  -8.00031698455949        2.14101435598806        236.178855242315     
  -7.97264577656676        2.03244837958002        238.211303621895     
  -7.94497456857402        1.92905800624109        240.140361628136     
  -7.91730336058129        1.83373466604232        241.974096294179     
  -7.88963215258856        1.74907392162877        243.723170215807     
  -7.86196094459582        1.67729354212539        245.400463757933     
  -7.83428973660309        1.62016486044640        247.020628618379     
  -7.80661852861035        1.57896124722113        248.599589865600     
  -7.77894732061762        1.55442653851618        250.154016404116     
  -7.75127611262489        1.54676510773975        251.700781511856     
  -7.72360490463215        1.55565411644496        253.256435628301     
  -7.69593369663942        1.58027736778046        254.836712996082     
  -7.66826248864669        1.61937908360038        256.456092079682     
  -7.64059128065395        1.67133474912956        258.127426828812     
  -7.61292007266122        1.73423486614946        259.861661694961     
  -7.58524886466848        1.80597608876773        261.667637783729     
  -7.55757765667575        1.88435301001357        263.551990793742     
  -7.52990644868301        1.96714319693962        265.519133990682     
  -7.50223524069028        2.05217836895239        267.571312359634     
  -7.47456403269755        2.13739621694929        269.708708576584     
  -7.44689282470481        2.22087034363990        271.929578920224     
  -7.41922161671208        2.30081985161758        274.230398771841     
  -7.39155040871935        2.37560448335495        276.606003255196     
  -7.36387920072661        2.44371489020296        279.049718145399     
  -7.33620799273388        2.50376947532223        281.553487620721     
  -7.30853678474114        2.55452846902106        284.108016089742     
  -7.28086557674841        2.59493215850853        286.702948248251     
  -7.25319436875568        2.62416395634360        289.327112204594     
  -7.22552316076294        2.64173144796272        291.968843652557     
  -7.19785195277021        2.64755143469687        294.616395087254     
  -7.17018074477748        2.64202014523160        297.258415232486     
  -7.14250953678474        2.62604873860594        299.884463971092     
  -7.11483832879201        2.60104769470980        302.485511665801     
  -7.08716712079927        2.56885136679711        305.054363032598     
  -7.05949591280654        2.53158449055693        307.585947523155     
  -7.03182470481380        2.49148367057487        310.077431193730     
  -7.00415349682107        2.45069638197825        312.528127575709     
  -6.97648228882834        2.41108571536905        314.939213291078     
  -6.94881108083560        2.37406965051131        317.313282941589     
  -6.92113987284287        2.34051888317575        319.653801824765     
  -6.89346866485014        2.31072811213733        321.964529936902     
  -6.86579745685740        2.28446407243185        324.248994009334     
  -6.83812624886467        2.26108175757286        326.510075766907     
  -6.81045504087194        2.23969037889140        328.749766145798     
  -6.78278383287920        2.21934425775992        330.969110403558     
  -6.75511262488647        2.19923176731892        333.168342170877     
  -6.72744141689373        2.17883745917871        335.347179630056     
  -6.69977020890100        2.15805772528502        337.505237355341     
  -6.67209900090826        2.13725745352071        339.642494808861     
  -6.64442779291553        2.11726280074815        341.759757609610     
  -6.61675658492280        2.09929235532736        343.859049964937     
  -6.58908537693006        2.08483494154520        345.943884906482     
  -6.56141416893733        2.07548690175674        348.019371808239     
  -6.53374296094460        2.07276494238717        350.092136750626     
  -6.50607175295186        2.07791271343005        352.170049464056     
  -6.47840054495913        2.09172030009884        354.261769764155     
  -6.45072933696639        2.11437566015541        356.376145424310     
  -6.42305812897366        2.14536549865043        358.521510922961     
  -6.39538692098093        2.18343983641896        360.704950759380     
  -6.36771571298819        2.22664941487912        362.931600174259     
  -6.34004450499546        2.27245818156379        365.204058355823     
  -6.31237329700273        2.31792490112757        367.521983256950     
  -6.28470208900999        2.35993931964977        369.881922576600     
  -6.25703088101726        2.39549046470210        372.277413041302     
  -6.22935967302452        2.42193889147124        374.699351932773     
  -6.20168846503179        2.43726215316980        377.136614085943     
  -6.17401725703905        2.44024426322490        379.576858349168     
  -6.14634604904632        2.43058562184845        382.007443971017     
  -6.11867484105359        2.40891930273289        384.416363273749     
  -6.09100363306085        2.37673156378315        386.793094837533     
  -6.06333242506812        2.33619725683056        389.129292094363     
  -6.03566121707539        2.28995249101207        391.419244585375     
  -6.00799000908265        2.24083553580690        393.660080121182     
  -5.98031880108992        2.19163101772341        395.851711138906     
  -5.95264759309718        2.14485115422984        397.996562293135     
  -5.92497638510445        2.10258115334221        400.099143446478     
  -5.89730517711171        2.06640498425350        402.165548430731     
  -5.86963396911898        2.03741427497250        404.202962705704     
  -5.84196276112625        2.01628938597061        406.219252091674     
  -5.81429155313351        2.00343009486760        408.222682186542     
  -5.78662034514078        1.99910580162725        410.221787988169     
  -5.75894913714805        2.00359298809928        412.225380976268     
  -5.73127792915531        2.01727112848207        414.242652104750     
  -5.70360672116258        2.04065661758728        416.283308722338     
  -5.67593551316985        2.07436596959942        418.357674691937     
  -5.64826430517711        2.11901241489202        420.476687106829     
  -5.62059309718438        2.17505184741921        422.651738954248     
  -5.59292188919164        2.24260292135984        424.894341875608     
  -5.56525068119891        2.32127067673650        427.215612552345     
  -5.53757947320618        2.41000292347047        429.625615475815     
  -5.50990826521344        2.50700408444780        432.132619560263     
  -5.48223705722071        2.60972330256951        434.742342862832     
  -5.45456584922798        2.71492376307775        437.457266625910     
  -5.42689464123524        2.81882988342657        440.276096509337     
  -5.39922343324251        2.91733964129696        443.193436150634     
  -5.37155222524977        3.00628189076302        446.199718041397     
  -5.34388101725704        3.08169371346150        449.281411754858     
  -5.31620980926430        3.14009095206799        452.421502706926     
  -5.28853860127157        3.17870606087458        455.600208767801     
  -5.26086739327884        3.19567104083873        458.795879808640     
  -5.23319618528610        3.19012909306249        461.986008901702     
  -5.20552497729337        3.16226616854939        465.148275070251     
  -5.17785376930064        3.11326211078530        468.261537181037     
  -5.15018256130790        3.04516973368925        471.306706914726     
  -5.12251135331517        2.96073798848455        474.267444903210     
  -5.09484014532243        2.86320135212590        477.130646255336     
  -5.06716893732970        2.75606081840480        479.886707073741     
  -5.03949772933696        2.64288175724556        482.529588830987     
  -5.01182652134423        2.52713022397709        485.056719054964     
  -4.98415531335150        2.41206239001334        487.468781444977     
  -4.95648410535876        2.30067254254923        489.769453987526     
  -4.92881289736603        2.19569495950926        491.965148947036     
  -4.90114168937330        2.09964558255026        494.064794529586     
  -4.87347048138056        2.01488245205105        496.079676981637     
  -4.84579927338783        1.94366067166052        498.023337653297     
  -4.81812806539509        1.88815896107125        499.911496614369     
  -4.79045685740236        1.85046056298973        501.761957177358     
  -4.76278564940963        1.83248049218195        503.594437669540     
  -4.73511444141689        1.83584225186802        505.430279921408     
  -4.70744323342416        1.86171818039629        507.291998101805     
  -4.67977202543143        1.91065647518316        509.202654576988     
  -4.65210081743869        1.98242297621210        511.185077553200     
  -4.62442960944596        2.07588597558768        513.260963528788     
  -4.59675840145323        2.18896754264577        515.449931071433     
  -4.56908719346049        2.31867592008619        517.768606991520     
  -4.54141598546776        2.46122201403244        520.229829005552     
  -4.51374477747502        2.61221087601518        522.842039881567     
  -4.48607356948229        2.76688842420938        525.608928305776     
  -4.45840236148955        2.92041621571155        528.529344521488     
  -4.43073115349682        3.06814396989472        531.597488491383     
  -4.40305994550409        3.20585106235580        534.803339553738     
  -4.37538873751135        3.32993385983818        538.133273413577     
  -4.34771752951862        3.43752438847771        541.570797802054     
  -4.32004632152589        3.52653585841466        545.097333660469     
  -4.29237511353315        3.59564035223380        548.692974012703     
  -4.26470390554042        3.64419207028889        552.337166082992     
  -4.23703269754768        3.67211488783422        556.009280970826     
  -4.20936148955495        3.67977513973235        559.689056110558     
  -4.18169028156222        3.66785958373313        563.356915694292     
  -4.15401907356948        3.63727493600334        566.994190630295     
  -4.12634786557675        3.58908005182813        570.583270682123     
  -4.09867665758402        3.52445567957062        574.107726361693     
  -4.07100544959128        3.44471062840387        577.552436990097     
  -4.04333424159855        3.35131786396135        580.903754854059     
  -4.01566303360581        3.24596995251579        584.149724806574     
  -3.98799182561308        3.13064066011067        587.280365466685     
  -3.96032061762034        3.00763845119742        590.288003917883     
  -3.93264940962761        2.87963808982023        593.167642007703     
  -3.90497820163488        2.74967844532657        595.917320453029     
  -3.87730699364214        2.62111783964096        598.538438292670     
  -3.84963578564941        2.49754269741171        601.035980990082     
  -3.82196457765668        2.38263063280169        603.418611622884     
  -3.79429336966394        2.27997503063618        605.698586653520     
  -3.76662216167121        2.19288406314681        607.891470716667     
  -3.73895095367847        2.12417215310161        610.015642869768     
  -3.71127974568574        2.07596528001146        612.091608149780     
  -3.68360853769300        2.04954241796366        614.141150567744     
  -3.65593732970027        2.04523323855218        616.186383806296     
  -3.62826612170754        2.06238690733151        618.248770713627     
  -3.60059491371480        2.09941882171462        620.348189535342     
  -3.57292370572207        2.15393254454740        622.502122079889     
  -3.54525249772934        2.22290449531821        624.725026575207     
  -3.51758128973660        2.30291086510072        627.027937440308     
  -3.48991008174387        2.39037123971137        629.418308680020     
  -3.46223887375114        2.48178252907059        631.900091209090     
  -3.43456766575840        2.57392018720478        634.474011396295     
  -3.40689645776567        2.66399065024316        637.138002046538     
  -3.37922524977293        2.74972793291975        639.887729979458     
  -3.35155404178020        2.82943647602177        642.717166455480     
  -3.32388283378747        2.90198970299402        645.619156158474     
  -3.29621162579473        2.96679787100007        648.585954029474     
  -3.26854041780200        3.02375906693723        651.609713096411     
  -3.24086920980927        3.07320395754527        654.682917053956     
  -3.21319800181653        3.11583938592011        657.798756439876     
  -3.18552679382380        3.15268989006902        660.951446329945     
  -3.15785558583106        3.18503155018797        664.136477880133     
  -3.13018437783833        3.21431068180957        667.350788561943     
  -3.10251316984559        3.24204142505184        670.592829986995     
  -3.07484196185286        3.26968093071384        673.862510917709     
  -3.04717075386013        3.29848744952317        677.160998367232     
  -3.01949954586739        3.32937348317465        680.490371850407     
  -2.99182833787466        3.36277144309965        683.853143293506     
  -2.96415712988193        3.39853152259981        687.251674816106     
  -2.93648592188919        3.43586995311464        690.687544769221     
  -2.90881471389646        3.47338057361130        694.160925342832     
  -2.88114350590372        3.50911458197456        697.670039924806     
  -2.85347229791099        3.54072391468177        701.210763839488     
  -2.82580108991825        3.56565460076920        704.776418440257     
  -2.79812988192552        3.58136922093610        708.357787661194     
  -2.77045867393279        3.58557343048713        711.943361091681     
  -2.74278746594005        3.57642096267248        715.519782054353     
  -2.71511625794732        3.55267459397035        719.072456648324     
  -2.68744504995459        3.51380665838421        722.586263306708     
  -2.65977384196185        3.46003086693371        726.046294173641     
  -2.63210263396912        3.39226619751613        729.438560371158     
  -2.60443142597638        3.31204216848696        732.750602539645     
  -2.57676021798365        3.22136168428628        735.971964223931     
  -2.54908900999092        3.12254187672176        739.094506100653     
  -2.52141780199818        3.01805438272247        742.112560483375     
  -2.49374659400545        2.91038421656407        745.022944699939     
  -2.46607538601272        2.80192127196058        747.824865971900     
  -2.43840417801998        2.69489148358515        750.519757455485     
  -2.41073297002725        2.59132709019962        753.111084545684     
  -2.38306176203452        2.49306867675353        755.604153222438     
  -2.35539055404178        2.40178694885510        758.005940171293     
  -2.32771934604905        2.31901027760636        760.324950448899     
  -2.30004813805631        2.24614509440613        762.571095543306     
  -2.27237693006358        2.18447972313332        764.755575266439     
  -2.24470572207084        2.13516722171865        766.890742488158     
  -2.21703451407811        2.09918804486576        768.989930533023     
  -2.18936330608538        2.07729769843698        771.067228231460     
  -2.16169209809264        2.06996726090502        773.137195492365     
  -2.13402089009991        2.07732544708086        775.214520939446     
  -2.10634968210718        2.09911005136119        777.313630990807     
  -2.07867847411444        2.13463476208641        779.448265752894     
  -2.05100726612171        2.18277522701793        781.631040979912     
  -2.02333605812897        2.24197646560777        783.873017445520     
  -1.99566485013624        2.31028252882174        786.183299974341     
  -1.96799364214350        2.38538858693269        788.568688561274     
  -1.94032243415077        2.46471498920292        791.033403550477     
  -1.91265122615804        2.54550182801281        793.578905378490     
  -1.88498001816530        2.62492086354985        796.203826242039     
  -1.85730881017257        2.70019937799095        798.904025620030     
  -1.82963760217984        2.76874807536497        801.672773695395     
  -1.80196639418710        2.82828325237238        804.501056947768     
  -1.77429518619437        2.87693291158481        807.377989859353     
  -1.74662397820163        2.91331780969142        810.291307669044     
  -1.71895277020890        2.93660169220555        813.227909361250     
  -1.69128156221617        2.94650964426049        816.174419005510     
  -1.66361035422343        2.94331856244678        819.117737567957     
  -1.63593914623070        2.92782794565902        822.045565513616     
  -1.60826793823797        2.90132132977143        824.946886843387     
  -1.58059673024523        2.86552801876527        827.812414862153     
  -1.55292552225250        2.82259126212704        830.635006124280     
  -1.52525431425976        2.77504343021477        833.410049554494     
  -1.49758310626703        2.72578240196387        836.135831956458     
  -1.46991189827429        2.67803795676945        838.813869913228     
  -1.44224069028156        2.63531399246926        841.449183905697     
  -1.41456948228883        2.60129290201662        844.050476807714     
  -1.38689827429609        2.57969268215790        846.630169489871     
  -1.35922706630336        2.57407471438319        849.204244204255     
  -1.33155585831063        2.58760932825085        851.791853532506     
  -1.30388465031789        2.62281548873574        854.414669021241     
  -1.27621344232516        2.68129847106907        857.095967492310     
  -1.24854223433243        2.76351377116877        859.859481263479     
  -1.22087102633969        2.86858593649414        862.728067199973     
  -1.19319981834696        2.99420741309438        865.722274613068     
  -1.16552861035422        3.13663549364013        868.858910106708     
  -1.13785740236149        3.29079611835619        872.149706225064     
  -1.11018619436875        3.45049296389436        875.600199188958     
  -1.08251498637602        3.60871027004174        879.208909459000     
  -1.05484377838329        3.75798929207536        882.966898751075     
  -1.02717257039055        3.89085188272993        886.857750633805     
 -0.999501362397819        4.00024090153116        890.857991535337     
 -0.971830154405087        4.07994601213969        894.937937547476     
 -0.944158946412351        4.12498482211018        899.062922369586     
 -0.916487738419619        4.13191294998986        903.194835319576     
 -0.888816530426883        4.09904207173992        907.293877391316     
 -0.861145322434151        4.02655182063941        911.320429211956     
 -0.833474114441415        3.91648904396049        915.236918255916     
 -0.805802906448683        3.77265576376436        919.009574019680     
 -0.778131698455947        3.60039465568321        922.609968675364     
 -0.750460490463215        3.40628741720332        926.016256092567     
 -0.722789282470480        3.19778663882061        929.214042731388     
 -0.695118074477747        2.98280547647520        932.196848207863     
 -0.667446866485012        2.76929147785009        934.966139685713     
 -0.639775658492280        2.56481138850135        937.530951074214     
 -0.612104450499544        2.37617275899533        939.907123833209     
 -0.584433242506812        2.20910577635171        942.116229609561     
 -0.556762034514076        2.06802498386996        944.184254593431     
 -0.529090826521344        1.95588543145742        946.140140024889     
 -0.501419618528608        1.87414135510720        948.014281379996     
 -0.473748410535876        1.82280790931771        949.837089289313     
 -0.446077202543140        1.80061820320084        951.637707492514     
 -0.418405994550408        1.80525963301434        953.442967125529     
 -0.390734786557672        1.83366620303249        955.276633328561     
 -0.363063578564940        1.88233821165133        957.158971540213     
 -0.335392370572205        1.94765825938941        959.106629799602     
 -0.307721162579472        2.02617358177530        961.132803381377     
 -0.280049954586740        2.11481928947715        963.247622670854     
 -0.252378746594005        2.21106470389218        965.458687374747     
 -0.224707538601272        2.31297458708302        967.771661961830     
 -0.197036330608537        2.41918731842202        970.190849280252     
 -0.169365122615805        2.52882151633249        972.719670796584     
 -0.141693914623069        2.64132997333238        975.361000769916     
 -0.114022706630337        2.75632420359557        978.117324973512     
 -8.635149863760105E-002   2.87339406827809        980.990719041790     
 -5.868029064486890E-002   2.99194506669789        983.982664108488     
 -3.100908265213320E-002   3.11107162901247        987.093735737501     
 -3.337874659401052E-003   3.22947904863533        990.323214786136     
  2.433333333333465E-002   3.34546052593632        993.668675312072     
  5.200454132606680E-002   3.45692998207688        997.125605294149     
  7.967574931880250E-002   3.56150638031216        1000.68711167446     
  0.107346957311535        3.65664146929637        1004.34375314376     
  0.135018165304270        3.73978006618768        1008.08353320995     
  0.162689373297003        3.80853999486095        1011.89207320481     
  0.190360581289738        3.86089734869425        1015.75297055350     
  0.218031789282470        3.89536175254104        1019.64833230604     
  0.245702997275206        3.91112585967717        1023.55945816572     
  0.273374205267938        3.90817374516232        1027.46763191088     
  0.301045413260674        3.88733456363127        1031.35496647451     
  0.328716621253406        3.85027119285342        1035.20523766737     
  0.356387829246142        3.79939872384471        1039.00463639121     
  0.384059037238874        3.73773435869118        1042.74237074990     
  0.411730245231610        3.66868789619684        1046.41105864610     
  0.439401453224342        3.59580952260332        1050.00686816870     
  0.467072661217077        3.52251788788543        1053.52938605659     
  0.494743869209810        3.45183529228148        1056.98122134887     
  0.522415077202545        3.38615738787616        1060.36737873674     
  0.550086285195277        3.32708177651549        1063.69446051326     
  0.577757493188013        3.27531352694986        1066.96977404021     
  0.605428701180745        3.23065679246816        1070.20043083268     
  0.633099909173481        3.19209166939500        1073.39252250207     
  0.660771117166213        3.15792567349015        1076.55044817556     
  0.688442325158949        3.12600112230853        1079.67644929787     
  0.716113533151681        3.09393436918803        1082.77038366706     
  0.743784741144417        3.05936082139760        1085.82974448846     
  0.771455949137149        3.02016102724025        1088.84990551570     
  0.799127157129885        2.97464737547731        1091.82455289118     
  0.826798365122617        2.92169729497741        1094.74625018615     
  0.854469573115349        2.86082626605638        1097.60707645221     
  0.882140781108085        2.79220143459205        1100.39927788680     
  0.909811989100817        2.71660324866064        1103.11588113546     
  0.937483197093552        2.63534760237187        1105.75122873783     
  0.965154405086285        2.55018398452267        1108.30141272236     
  0.992825613079020        2.46318583001898        1110.76459855237     
   1.02049682107175        2.37664762709177        1113.14124617947     
   1.04816802906449        2.29299955164018        1115.43424573111     
   1.07583923705722        2.21474495510379        1117.64899068621     
   1.10351044504996        2.14441967667591        1119.79341036289     
   1.13118165304269        2.08456588856218        1121.87797625145     
   1.15885286103542        2.03770817268575        1123.91568442413     
   1.18652406902816        2.00631690440892        1125.92200132854     
   1.21419527702089        1.99274465984828        1127.91474598839     
   1.24186648501362        1.99912563852547        1129.91387162692     
   1.26953769300636        2.02723567841431        1131.94110730533     
   1.29720890099909        2.07832025543427        1134.01942756077     
   1.32488010899183        2.15290817494437        1136.17233573571     
   1.35255131698456        2.25063738110160        1138.42297311681     
   1.38022252497730        2.37012437184115        1140.79309748865     
   1.40789373297003        2.50890854092004        1143.30200602957     
   1.43556494096276        2.66349667648628        1145.96550270606     
   1.46323614895550        2.82952123384070        1148.79502393990     
   1.49090735694823        3.00201038632935        1151.79703432623     
   1.51857856494096        3.17575064857476        1154.97278497480     
   1.54624977293370        3.34570693846030        1158.31849191326     
   1.57392098092643        3.50745312339597        1161.82594503666     
   1.60159218891917        3.65756062649274        1165.48350566315     
   1.62926339691190        3.79389478619931        1169.27740044935     
   1.65693460490463        3.91577835555330        1173.19317880491     
   1.68460581289737        4.02399751614106        1177.21717632105     
   1.71227702089010        4.12064573625632        1181.33782205730     
   1.73994822888283        4.20882173761388        1185.54664379492     
   1.76761943687557        4.29221662103167        1189.83886041595     
   1.79529064486830        4.37463909267711        1194.21349950863     
   1.82296185286104        4.45953481545885        1198.67303432408     
   1.85063306085377        4.54955539511997        1203.22258971920     
   1.87830426884651        4.64622481298999        1207.86881453219     
   1.90597547683924        4.74973772113884        1212.61855225333     
   1.93364668483197        4.85890715262302        1217.47745940596     
   1.96131789282471        4.97126141612544        1222.44872082208     
   1.98898910081744        5.08327364950370        1227.53199447159     
   2.01666030881017        5.19069459331359        1232.72268906490     
   2.04433151680291        5.28895075536137        1238.01163982026     
   2.07200272479564        5.37356660356448        1243.38520642383     
   2.09967393278837        5.44057037479663        1248.82577679862     
   2.12734514078111        5.48684766237805        1254.31262446100     
   2.15501634877384        5.51041405742191        1259.82303851842     
   2.18268755676658        5.51058668901899        1265.33362520744     
   2.21035876475931        5.48804362145955        1270.82166882890     
   2.23802997275205        5.44476904413891        1276.26643787304     
   2.26570118074478        5.38389057473987        1281.65032844778     
   2.29337238873751        5.30942249340702        1286.95975094119     
   2.32104359673025        5.22593512647594        1292.18568606766     
   2.34871480472298        5.13817572060886        1297.32386178827     
   2.37638601271571        5.05066980159452        1302.37453158987     
   2.40405722070845        4.96733398994979        1307.34186557982     
   2.43172842870118        4.89113133556037        1312.23299691538     
   2.45939963669392        4.82379824198592        1317.05679515736     
   2.48707084468665        4.76566783889170        1321.82246299625     
   2.51474205267938        4.71560819729175        1326.53807119354     
   2.54241326067212        4.67108521253766        1331.20915640608     
   2.57008446866485        4.62834970204657        1335.83750610813     
   2.59775567665758        4.58273698781318        1340.42024309594     
   2.62542688465032        4.52905598965385        1344.94929908560     
   2.65309809264305        4.46203493203287        1349.41133401763     
   2.68076930063579        4.37678355196259        1353.78811756959     
   2.70844050862852        4.26922843804836        1358.05734600764     
   2.73611171662126        4.13647967631424        1362.19382568395     
   2.76378292461399        3.97709353056569        1366.17091921452     
   2.79145413260672        3.79120687116299        1369.96212608568     
   2.81912534059946        3.58053315568481        1373.54265924137     
   2.84679654859219        3.34822505508427        1376.89088429645     
   2.87446775658492        3.09862315696875        1379.98950745342     
   2.90213896457766        2.83692155265437        1382.82642900607     
   2.92981017257039        2.56878802781441        1385.39521703389     
   2.95748138056313        2.29997830475014        1387.69519533864     
   2.98515258855586        2.03598047882282        1389.73117581746     
   3.01282379654859        1.78171839542428        1391.51289421289     
   3.04049500454133        1.54133272677286        1393.05422693966     
   3.06816621253406        1.31804766187573        1394.37227460154     
   3.09583742052680        1.11412104790927        1395.48639564944     
   3.12350862851953       0.930867772395497        1396.41726342184     
   3.15117983651226       0.768740874354132        1397.18600429619     
   3.17885104450500       0.627452476467584        1397.81345677266     
   3.20652225249773       0.506116816377385        1398.31957358904     
   3.23419346049046       0.403399779832693        1398.72297336887     
   3.26186466848320       0.317662623113014        1399.04063599198     
   3.28953587647593       0.247091272010938        1399.28772726400     
   3.31720708446867       0.189806107343611        1399.47753337134     
   3.34487829246140       0.143950110095995        1399.62148348144     
   3.37254950045413       0.107755470529645        1399.72923895196     
   3.40022070844687       7.959026169362135E-002   1399.80882921366     
   3.42789191643960       5.798764400723686E-002   1399.86681685767     
   3.45556312443233       4.166045685212875E-002   1399.90847731452     
   3.48323433242507       2.950411843125031E-002   1399.93798143295     
   3.51090554041780       2.059062139859376E-002   1399.95857205435     
   3.53857674841054       1.415616590155976E-002   1399.97272822025     
   3.56624795640327       9.584666430081533E-003   1399.98231288668     
   3.59391916439601       6.389033175322709E-003   1399.98870191985     
   3.62159037238874       4.191779043745524E-003   1399.99289369890     
   3.64926158038147       2.706152840897667E-003   1399.99559985174     
   3.67693278837421       1.718660760485911E-003   1399.99731851250     
   3.70460399636694       1.073526562134854E-003   1399.99839203906     
   3.73227520435967       6.593692997534741E-004   1399.99905140836     
   3.75994641235241       3.981565256263228E-004   1399.99944956489     
   3.78761762034514       2.363257841800527E-004   1399.99968589067     
   3.81528882833788       1.378574328280555E-004   1399.99982374810     
   3.84296003633061       7.902181375566959E-005   1399.99990276992     
   3.87063124432335       4.450443190085238E-005   1399.99994727435     
   3.89830245231608       2.462329045009582E-005   1399.99997189764     
   3.92597366030881       1.338219915259973E-005   1399.99998527984     
   3.95364486830155       7.143383568843011E-006   1399.99999242322     
   3.98131607629428       3.744864627702033E-006   1399.99999616809     
   4.00898728428701       1.927916579570689E-006   1399.99999809600     
   4.03665849227975       9.746034727466492E-007   1399.99999907061     
   4.06432970027248       4.837555184517440E-007   1399.99999955436     
   4.09200090826521       2.357520909648239E-007   1399.99999979011     
   4.11967211625795       1.127957274537380E-007   1399.99999990291     
   4.14734332425068       5.298040351803214E-008   1399.99999995589     
   4.17501453224342       2.442887133639188E-008   1399.99999998032     
   4.20268574023615       1.105703981168658E-008   1399.99999999138     
   4.23035694822888       4.912528341202097E-009   1399.99999999629     
   4.25802815622162       2.142332262923454E-009   1399.99999999843     
   4.28569936421435       9.170022215523876E-010   1399.99999999935     
   4.31337057220708       3.852500310951024E-010   1399.99999999973     
   4.34104178019982       1.588519191403695E-010   1399.99999999989     
   4.36871298819255       6.428469920011920E-011   1399.99999999996     
   4.39638419618529       2.553196028079810E-011   1399.99999999998     
   4.42405540417802       9.951647904175853E-012   1399.99999999999     
   4.45172661217076       3.806661528962113E-012   1400.00000000000     
   4.47939782016349       1.429129980589500E-012   1400.00000000000     
   4.50706902815622       5.263979898674498E-013   1400.00000000000     
   4.53474023614896       1.902277706015976E-013   1400.00000000000     
   4.56241144414169       6.748985051374667E-014   1400.00000000000     
   4.59008265213442       2.360693021272176E-014   1400.00000000000     
   4.61775386012716       8.101917574332429E-015   1400.00000000000     
   4.64542506811989       2.717010644248674E-015   1400.00000000000     
   4.67309627611263       9.520921377681457E-016   1400.00000000000     
   4.70076748410536       3.011371534078489E-016   1400.00000000000     
   4.72843869209809       1.149796403920877E-016   1400.00000000000     
   4.75610990009083       0.000000000000000E+000   1400.00000000000     
   4.78378110808356       0.000000000000000E+000   1400.00000000000     
   4.81145231607629       0.000000000000000E+000   1400.00000000000     
   4.83912352406903       0.000000000000000E+000   1400.00000000000     
   4.86679473206176       0.000000000000000E+000   1400.00000000000     
   4.89446594005450       0.000000000000000E+000   1400.00000000000     
   4.92213714804723       0.000000000000000E+000   1400.00000000000     
   4.94980835603997       0.000000000000000E+000   1400.00000000000     
   4.97747956403270       0.000000000000000E+000   1400.00000000000     
   5.00515077202543       0.000000000000000E+000   1400.00000000000     
   5.03282198001817       0.000000000000000E+000   1400.00000000000     
   5.06049318801090       0.000000000000000E+000   1400.00000000000     
   5.08816439600363       0.000000000000000E+000   1400.00000000000     
