  -25.3501643960036       0.000000000000000E+000  0.000000000000000E+000
  -25.3224931880109       0.000000000000000E+000  0.000000000000000E+000
  -25.2948219800182       0.000000000000000E+000  0.000000000000000E+000
  -25.2671507720254       0.000000000000000E+000  0.000000000000000E+000
  -25.2394795640327       0.000000000000000E+000  0.000000000000000E+000
  -25.2118083560400       0.000000000000000E+000  0.000000000000000E+000
  -25.1841371480472       0.000000000000000E+000  0.000000000000000E+000
  -25.1564659400545       0.000000000000000E+000  0.000000000000000E+000
  -25.1287947320618       0.000000000000000E+000  0.000000000000000E+000
  -25.1011235240690       0.000000000000000E+000  0.000000000000000E+000
  -25.0734523160763       0.000000000000000E+000  0.000000000000000E+000
  -25.0457811080836       1.108381904812478E-016  1.108381904812478E-016
  -25.0181099000908       4.849170841819912E-016  5.957552746632389E-016
  -24.9904386920981       1.516664766116173E-015  2.112420040779412E-015
  -24.9627674841054       4.673604853193895E-015  6.786024893973307E-015
  -24.9350962761126       1.371389883675765E-014  2.049992373073096E-014
  -24.9074250681199       4.060709707398442E-014  6.110702080471538E-014
  -24.8797538601272       1.172765465803274E-013  1.783835673850428E-013
  -24.8520826521344       3.325774574125438E-013  5.109610247975866E-013
  -24.8244114441417       9.250215454032751E-013  1.435982570200862E-012
  -24.7967402361490       2.524565726544582E-012  3.960548296745444E-012
  -24.7690690281562       6.758429741572603E-012  1.071897803831805E-011
  -24.7413978201635       1.775143360781101E-011  2.847041164612905E-011
  -24.7137266121708       4.574259374065905E-011  7.421300538678811E-011
  -24.6860554041780       1.156420332365919E-010  1.898550386233801E-010
  -24.6583841961853       2.868245468221889E-010  4.766795854455689E-010
  -24.6307129881926       6.979466377129601E-010  1.174626223158529E-009
  -24.6030417801998       1.666227102214279E-009  2.840853325372807E-009
  -24.5753705722071       3.902582695760078E-009  6.743436021132885E-009
  -24.5476993642144       8.967595966239821E-009  1.571103198737271E-008
  -24.5200281562216       2.021649981826888E-008  3.592753180564158E-008
  -24.4923569482289       4.471383676815964E-008  8.064136857380121E-008
  -24.4646857402361       9.702506907142798E-008  1.776664376452292E-007
  -24.4370145322434       2.065532659715203E-007  3.842197036167494E-007
  -24.4093433242507       4.314060944514583E-007  8.156257980682078E-007
  -24.3816721162579       8.839884921709540E-007  1.699614290239162E-006
  -24.3540009082652       1.777105020893260E-006  3.476719311132422E-006
  -24.3263297002725       3.504981618218213E-006  6.981700929350634E-006
  -24.2986584922797       6.782106168249318E-006  1.376380709759995E-005
  -24.2709872842870       1.287507097981102E-005  2.663887807741097E-005
  -24.2433160762943       2.397954331955421E-005  5.061842139696518E-005
  -24.2156448683015       4.381657534659500E-005  9.443499674356018E-005
  -24.1879736603088       7.854928178256837E-005  1.729842785261285E-004
  -24.1603024523161       1.381504452965148E-004  3.111347238226433E-004
  -24.1326312443233       2.383793657433305E-004  5.495140895659739E-004
  -24.1049600363306       4.035444209885504E-004  9.530585105545243E-004
  -24.0772888283379       6.702246062900941E-004  1.623283116844618E-003
  -24.0496176203451       1.092083229154777E-003  2.715366345999396E-003
  -24.0219464123524       1.745811988889102E-003  4.461178334888498E-003
  -23.9942752043597       2.738076542707901E-003  7.199254877596399E-003
  -23.9666039963669       4.213083746382310E-003  1.141233862397871E-002
  -23.9389327883742       6.360057012569443E-003  1.777239563654815E-002
  -23.9112615803815       9.419510849521489E-003  2.719190648606964E-002
  -23.8835903723887       1.368680673674416E-002  4.087871322281380E-002
  -23.8559191643960       1.951112813271631E-002  6.038984135553011E-002
  -23.8282479564033       2.728783706349973E-002  8.767767841902983E-002
  -23.8005767484105       3.744228660924449E-002  0.125119965028274     
  -23.7729055404178       5.040367191434092E-002  0.175523636942615     
  -23.7452343324251       6.656847639412740E-002  0.242092113336743     
  -23.7175631244323       8.625450494288067E-002  0.328346618279623     
  -23.6898919164396       0.109648284881762       0.437994903161385     
  -23.6622207084469       0.136750535153473       0.574745438314858     
  -23.6345495004541       0.167326128313211       0.742071566628069     
  -23.6068782924614       0.200866110737932       0.942937677366001     
  -23.5792070844687       0.236569527366209        1.17950720473221     
  -23.5515358764759       0.273351741526285        1.45285894625850     
  -23.5238646684832       0.309883559794538        1.76274250605303     
  -23.4961934604905       0.344661929719411        2.10740443577245     
  -23.4685222524977       0.376108704984976        2.48351314075742     
  -23.4408510445050       0.402689619108413        2.88620275986583     
  -23.4131798365123       0.423041938992052        3.30924469885789     
  -23.3855086285195       0.436097009356244        3.74534170821413     
  -23.3578374205268       0.441183573645539        4.18652528185967     
  -23.3301662125341       0.438099558013286        4.62462483987296     
  -23.3024950045413       0.427143722434687        5.05176856230764     
  -23.2748237965486       0.409103625849011        5.46087218815665     
  -23.2471525885559       0.385201858525868        5.84607404668252     
  -23.2194813805631       0.357007508865660        6.20308155554818     
  -23.1918101725704       0.326323507428600        6.52940506297678     
  -23.1641389645777       0.295062272063221        6.82446733504000     
  -23.1364677565849       0.265121812261069        7.08958914730107     
  -23.1087965485922       0.238272409305403        7.32786155660647     
  -23.0811253405995       0.216060787537085        7.54392234414356     
  -23.0534541326067       0.199735136955464        7.74365748109902     
  -23.0257829246140       0.190191240072796        7.93384872117182     
  -22.9981117166213       0.187937908496495        8.12178662966831     
  -22.9704405086285       0.193079235736492        8.31486586540480     
  -22.9427693006358       0.205311734893586        8.52017760029839     
  -22.9150980926431       0.223935828660332        8.74411342895872     
  -22.8874268846503       0.247882751627094        8.99199618058582     
  -22.8597556766576       0.275759020066899        9.26775520065272     
  -22.8320844686649       0.305910663630844        9.57366586428356     
  -22.8044132606721       0.336508120316218        9.91017398459978     
  -22.7767420526794       0.365650158947742        10.2758241435475     
  -22.7490708446866       0.391481860062466        10.6673060036100     
  -22.7213996366939       0.412318270250757        11.0796242738607     
  -22.6937284287012       0.426762664244560        11.5063869381053     
  -22.6660572207084       0.433807131275661        11.9401940693810     
  -22.6383860127157       0.432903906830305        12.3730979762113     
  -22.6107148047230       0.423998568266506        12.7970965444778     
  -22.5830435967302       0.407520552664246        13.2046170971420     
  -22.5553723887375       0.384331733402147        13.5889488305442     
  -22.5277011807448       0.355639098530833        13.9445879290750     
  -22.5000299727520       0.322881988768868        14.2674699178439     
  -22.4723587647593       0.287607138771937        14.5550770566158     
  -22.4446875567666       0.251345514754011        14.8064225713698     
  -22.4170163487738       0.215503643601036        15.0219262149709     
  -22.3893451407811       0.181279145117617        15.2032053600885     
  -22.3616739327884       0.149606142404572        15.3528115024930     
  -22.3340027247956       0.121131888424726        15.4739433909178     
  -22.3063315168029       9.622202374858024E-002   15.5701654146663     
  -22.2786603088102       7.498891568195759E-002   15.6451543303483     
  -22.2509891008174       5.733581945182296E-002   15.7024901498001     
  -22.2233178928247       4.300918240458414E-002   15.7454993322047     
  -22.1956466848320       3.165209486300966E-002   15.7771514270677     
  -22.1679754768392       2.285334436365197E-002   15.8000047714314     
  -22.1403042688465       1.618836708057232E-002   15.8161931385119     
  -22.1126330608538       1.125025199157993E-002   15.8274433905035     
  -22.0849618528610       7.670564768326454E-003   15.8351139552719     
  -22.0572906448683       5.130955862982338E-003   15.8402449111348     
  -22.0296194368756       3.367247400445189E-003   15.8436121585353     
  -22.0019482288828       2.167991367365793E-003   15.8457801499026     
  -21.9742770208901       1.369448834828461E-003   15.8471495987375     
  -21.9466058128974       8.486718135539952E-004   15.8479982705510     
  -21.9189346049046       5.159877802273057E-004   15.8485142583313     
  -21.8912633969119       3.077830441878556E-004   15.8488220413754     
  -21.8635921889192       1.801173577339134E-004   15.8490021587332     
  -21.8359209809264       1.034122576432471E-004   15.8491055709908     
  -21.8082497729337       5.824974833818563E-005   15.8491638207392     
  -21.7805785649410       3.219006335607917E-005   15.8491960108025     
  -21.7529073569482       1.745244400840863E-005   15.8492134632465     
  -21.7252361489555       9.283285045275338E-006   15.8492227465316     
  -21.6975649409628       4.844832837279174E-006   15.8492275913644     
  -21.6698937329700       2.481331986761655E-006   15.8492300726964     
  -21.6422225249773       1.248466188419929E-006   15.8492313211626     
  -21.6145513169846       6.201368776275797E-007   15.8492319412995     
  -21.5868801089918       3.109719460061909E-007   15.8492322522714     
  -21.5592089009991       1.723828254031722E-007   15.8492324246542     
  -21.5315376930064       1.346607226502570E-007   15.8492325593150     
  -21.5038664850136       1.783445714936299E-007   15.8492327376595     
  -21.4761952770209       3.259983641646190E-007   15.8492330636579     
  -21.4485240690282       6.517646442046790E-007   15.8492337154225     
  -21.4208528610354       1.311765711397011E-006   15.8492350271882     
  -21.3931816530427       2.604746846780824E-006   15.8492376319351     
  -21.3655104450500       5.080452905914735E-006   15.8492427123880     
  -21.3378392370572       9.724267670214324E-006   15.8492524366557     
  -21.3101680290645       1.826171829685317E-005   15.8492706983740     
  -21.2824968210718       3.364636033265132E-005   15.8493043447343     
  -21.2548256130790       6.081943068522001E-005   15.8493651641650     
  -21.2271544050863       1.078583109882898E-004   15.8494730224760     
  -21.1994831970936       1.876600148394202E-004   15.8496606824908     
  -21.1718119891008       3.203293592531300E-004   15.8499810118501     
  -21.1441407811081       5.364492489551460E-004   15.8505174610990     
  -21.1164695731154       8.813886878286672E-004   15.8513988497868     
  -21.0887983651226       1.420735636319332E-003   15.8528195854232     
  -21.0611271571299       2.246808631258977E-003   15.8550663940544     
  -21.0334559491371       3.485988396765697E-003   15.8585523824512     
  -21.0057847411444       5.306313082607064E-003   15.8638586955338     
  -20.9781135331517       7.924409663130391E-003   15.8717831051969     
  -20.9504423251589       1.161042497945975E-002   15.8833935301764     
  -20.9227711171662       1.668923760628883E-002   15.9000827677827     
  -20.8950999091735       2.353596967481410E-002   15.9236187374575     
  -20.8674287011807       3.256378985965714E-002   15.9561825273172     
  -20.8397574931880       4.420232089387988E-002   16.0003848482110     
  -20.8120862851953       5.886572757338738E-002   16.0592505757844     
  -20.7844150772025       7.691079560584596E-002   16.1361613713903     
  -20.7567438692098       9.858695811479379E-002   16.2347483295051     
  -20.7290726612171       0.123982113213403        16.3587304427185     
  -20.7014014532243       0.152969918826697        16.5117003615452     
  -20.6737302452316       0.185165682735769        16.6968660442809     
  -20.6460590372389       0.219898595839554        16.9167646401205     
  -20.6183878292461       0.256207553673021        17.1729721937935     
  -20.5907166212534       0.292865995048728        17.4658381888422     
  -20.5630454132607       0.328438105147388        17.7942762939896     
  -20.5353742052679       0.361364698373355        18.1556409923630     
  -20.5077029972752       0.390072678060826        18.5457136704238     
  -20.4800317892825       0.413097898478726        18.9588115689025     
  -20.4523605812897       0.429208296993250        19.3880198658958     
  -20.4246893732970       0.437512961971327        19.8255328278671     
  -20.3970181653043       0.437543719550269        20.2630765474174     
  -20.3693469573115       0.429298846067129        20.6923753934845     
  -20.3416757493188       0.413243228019980        21.1056186215045     
  -20.3140045413261       0.390264948910701        21.4958835704152     
  -20.2863333333333       0.361593943202054        21.8574775136172     
  -20.2586621253406       0.328693082235730        22.1861705958530     
  -20.2309909173479       0.293135094404878        22.4793056902578     
  -20.2033197093551       0.256479654786662        22.7357853450445     
  -20.1756485013624       0.220163791307529        22.9559491363520     
  -20.1479772933697       0.185415807460485        23.1413649438125     
  -20.1203060853769       0.153198855404278        23.2945637992168     
  -20.0926348773842       0.124185875046627        23.4187496742634     
  -20.0649636693915       9.876357796683591E-002   23.5175132522303     
  -20.0372924613987       7.706006550890906E-002   23.5945733177392     
  -20.0096212534060       5.898884483627718E-002   23.6535621625754     
  -19.9819500454133       4.430149483083200E-002   23.6978636574063     
  -19.9542788374205       3.264185659778348E-002   23.7305055140041     
  -19.9266076294278       2.359605058840185E-002   23.7541015645925     
  -19.8989364214351       1.673446333007669E-002   23.7708360279225     
  -19.8712652134423       1.164373396252858E-002   23.7824797618851     
  -19.8435940054496       7.948419538263441E-003   23.7904281814233     
  -19.8159227974569       5.323255630037699E-003   23.7957514370534     
  -19.7882515894641       3.497694719295444E-003   23.7992491317727     
  -19.7605803814714       2.254729915515845E-003   23.8015038616882     
  -19.7329091734787       1.425985816300705E-003   23.8029298475045     
  -19.7052379654859       8.847976169582697E-004   23.8038146451214     
  -19.6775667574932       5.386178624626370E-004   23.8043532629839     
  -19.6498955495005       3.216811801277575E-004   23.8046749441640     
  -19.6222243415077       1.884858439787676E-004   23.8048634300080     
  -19.5945531335150       1.083528621183465E-004   23.8049717828701     
  -19.5668819255223       6.110999406867204E-005   23.8050328928642     
  -19.5392107175295       3.381437968579481E-005   23.8050667072439     
  -19.5115395095368       1.835857182566350E-005   23.8050850658157     
  -19.4838683015441       9.782708590740932E-006   23.8050948485243     
  -19.4561970935513       5.123246974913894E-006   23.8050999717713     
  -19.4285258855586       2.652216338693143E-006   23.8051026239876     
  -19.4008546775658       1.390419750807964E-006   23.8051040144074     
  -19.3731834695731       8.072555314641882E-007   23.8051048216629     
  -19.3455122615804       6.457332964712347E-007   23.8051054673962     
  -19.3178410535876       8.328853334006270E-007   23.8051063002815     
  -19.2901698455949       1.453601862065054E-006   23.8051077538834     
  -19.2624986376022       2.781238289018151E-006   23.8051105351217     
  -19.2348274296094       5.372845201747358E-006   23.8051159079669     
  -19.2071562216167       1.025236346441857E-005   23.8051261603303     
  -19.1794850136240       1.922328472079048E-005   23.8051453836151     
  -19.1518138056312       3.537435635565765E-005   23.8051807579714     
  -19.1241425976385       6.386831197177395E-005   23.8052446262834     
  -19.0964713896458       1.131332684634859E-004   23.8053577595519     
  -19.0688001816530       1.966060219339430E-004   23.8055543655738     
  -19.0411289736603       3.351995415938329E-004   23.8058895651154     
  -19.0134577656676       5.606732124916348E-004   23.8064502383279     
  -18.9857865576748       9.200595203339940E-004   23.8073702978482     
  -18.9581153496821       1.481227476692478E-003   23.8088515253249     
  -18.9304441416894       2.339523020590732E-003   23.8111910483455     
  -18.9027729336966       3.625205448810787E-003   23.8148162537943     
  -18.8751017257039       5.511092161049861E-003   23.8203273459554     
  -18.8474305177112       8.219444783203073E-003   23.8285467907386     
  -18.8197593097184       1.202671611599389E-002   23.8405735068546     
  -18.7920881017257       1.726439706479763E-002   23.8578379039193     
  -18.7644168937330       2.431395224653052E-002   23.8821518561659     
  -18.7367456857402       3.359382837493060E-002   23.9157456845408     
  -18.7090744777475       4.553687706402703E-002   23.9612825616048     
  -18.6814032697548       6.055734123970666E-002   24.0218399028445     
  -18.6537320617620       7.900783740947255E-002   24.1008477402540     
  -18.6260608537693       0.101128455776722        24.2019761960307     
  -18.5983896457766       0.126992013443340        24.3289682094741     
  -18.5707184377838       0.156451337462493        24.4854195469366     
  -18.5430472297911       0.189095848704990        24.6745153956416     
  -18.5153760217984       0.224225270975187        24.8987406666167     
  -18.4877048138056       0.260847676912279        25.1595883435290     
  -18.4600336058129       0.297707137218397        25.4572954807474     
  -18.4323623978202       0.333343032583277        25.7906385133307     
  -18.4046911898274       0.366178959139993        26.1568174724707     
  -18.3770199818347       0.394634696927009        26.5514521693977     
  -18.3493487738420       0.417250666076427        26.9687028354741     
  -18.3216775658492       0.432811438659432        27.4015142741336     
  -18.2940063578565       0.440453835246649        27.8419681093802     
  -18.2663351498638       0.439746253313930        28.2817143626941     
  -18.2386639418710       0.430729101023218        28.7124434637174     
  -18.2109927338783       0.413911092979330        29.1263545566967     
  -18.1833215258856       0.390221924710873        29.5165764814076     
  -18.1556503178928       0.360927523753835        29.8775040051614     
  -18.1279791099001       0.327518737983182        30.2050227431446     
  -18.1003079019074       0.291587232734038        30.4966099758786     
  -18.0726366939146       0.254703139704651        30.7513131155833     
  -18.0449654859219       0.218307650509707        30.9696207660930     
  -18.0172942779292       0.183630668163081        31.1532514342561     
  -17.9896230699364       0.151639478125595        31.3048909123817     
  -17.9619518619437       0.123019944251751        31.4279108566334     
  -17.9342806539510       9.818768968831344E-002   31.5260985463217     
  -17.9066094459582       7.732362197909236E-002   31.6034221683008     
  -17.8789382379655       6.042628301605213E-002   31.6638484513169     
  -17.8512670299728       4.737286231412741E-002   31.7112213136310     
  -17.8235958219800       3.798110747409036E-002   31.7492024211051     
  -17.7959246139873       3.206547438386437E-002   31.7812678954889     
  -17.7682534059945       2.948233139775887E-002   31.8107502268867     
  -17.7405821980018       3.016057609515398E-002   31.8409108029819     
  -17.7129109900091       3.411546450348665E-002   31.8750262674853     
  -17.6852397820163       4.144474434808016E-002   31.9164710118334     
  -17.6575685740236       5.230738466115692E-002   31.9687783964946     
  -17.6298973660309       6.688641485994386E-002   32.0356648113545     
  -17.6022261580381       8.533872359246741E-002   32.1210035349470     
  -17.5745549500454       0.107736140458723        32.2287396754057     
  -17.5468837420527       0.134003632515086        32.3627433079208     
  -17.5192125340599       0.163861766178869        32.5266050740997     
  -17.4915413260672       0.196781393702191        32.7233864678019     
  -17.4638701180745       0.231958477205082        32.9553449450069     
  -17.4361989100817       0.268315786782260        33.2236607317892     
  -17.4085277020890       0.304535792043881        33.5281965238331     
  -17.3808564940963       0.339125536429850        33.8673220602629     
  -17.3531852861035       0.370510032547480        34.2378320928104     
  -17.3255140781108       0.397146363702064        34.6349784565125     
  -17.2978428701181       0.417646968248227        35.0526254247607     
  -17.2701716621253       0.430898246968919        35.4835236717296     
  -17.2425004541326       0.436160216593108        35.9196838883227     
  -17.2148292461399       0.433134664541845        36.3528185528646     
  -17.1871580381471       0.421992977530702        36.7748115303953     
  -17.1594868301544       0.403359972110524        37.1781715025058     
  -17.1318156221617       0.378255813697438        37.5564273162032     
  -17.1041444141689       0.348003514492055        37.9044308306953     
  -17.0764732061762       0.314113663467326        38.2185444941626     
  -17.0488019981835       0.278160325138699        38.4967048193013     
  -17.0211307901907       0.241662176863089        38.7383669961644     
  -16.9934595821980       0.205981067035839        38.9443480632002     
  -16.9657883742053       0.172246746802759        39.1165948100030     
  -16.9381171662125       0.141312258908917        39.2579070689119     
  -16.9104459582198       0.113740128982360        39.3716471978943     
  -16.8827747502271       8.981577919294387E-002   39.4614629770872     
  -16.8551035422343       6.958195002388422E-002   39.5310449271111     
  -16.8274323342416       5.288658896593330E-002   39.5839315160770     
  -16.7997611262489       3.943660366357618E-002   39.6233681197406     
  -16.7720899182561       2.885083721107854E-002   39.6522189569517     
  -16.7444187102634       2.070724294292279E-002   39.6729261998946     
  -16.7167475022707       1.458112587015042E-002   39.6875073257648     
  -16.6890762942779       1.007313694027189E-002   39.6975804627050     
  -16.6614050862852       6.827210487542694E-003   39.7044076731926     
  -16.6337338782925       4.539695242868012E-003   39.7089473684354     
  -16.6060626702997       2.961521791113043E-003   39.7119088902266     
  -16.5783914623070       1.895430953645377E-003   39.7138043211802     
  -16.5507202543143       1.190161183567927E-003   39.7149944823638     
  -16.5230490463215       7.331761792798684E-004   39.7157276585430     
  -16.4953778383288       4.431141675651753E-004   39.7161707727106     
  -16.4677066303361       2.627408637849246E-004   39.7164335135744     
  -16.4400354223433       1.528425524262075E-004   39.7165863561268     
  -16.4123642143506       8.722994184687167E-005   39.7166735860687     
  -16.3846930063579       4.884178178036302E-005   39.7167224278504     
  -16.3570217983651       2.683008205034906E-005   39.7167492579325     
  -16.3293505903724       1.445962598231349E-005   39.7167637175585     
  -16.3016793823797       7.645337215478150E-006   39.7167713628957     
  -16.2740081743869       3.965890620342667E-006   39.7167753287863     
  -16.2463369663942       2.018316653818199E-006   39.7167773471030     
  -16.2186657584015       1.007725894950636E-006   39.7167783548289     
  -16.1909945504087       4.936288673277139E-007   39.7167788484577     
  -16.1633233424160       2.372283148210489E-007   39.7167790856860     
  -16.1356521344233       1.118552884744353E-007   39.7167791975413     
  -16.1079809264305       5.175620166351476E-008   39.7167792492975     
  -16.0803097184378       2.352904426088580E-008   39.7167792728266     
  -16.0526385104450       1.058052342399456E-008   39.7167792834071     
  -16.0249673024523       4.881136494049096E-009   39.7167792882882     
  -15.9972960944596       2.722303256354959E-009   39.7167792910105     
  -15.9696248864668       2.647389953260459E-009   39.7167792936579     
  -15.9419536784741       4.606029480456698E-009   39.7167792982640     
  -15.9142824704814       9.925082773032613E-009   39.7167793081890     
  -15.8866112624886       2.208245340576880E-008   39.7167793302715     
  -15.8589400544959       4.865784632783658E-008   39.7167793789293     
  -15.8312688465032       1.053623997176661E-007   39.7167794842917     
  -15.8035976385104       2.238960496599995E-007   39.7167797081878     
  -15.7759264305177       4.667983925783084E-007   39.7167801749862     
  -15.7482552225250       9.548073448652595E-007   39.7167811297935     
  -15.7205840145322       1.916030196681420E-006   39.7167830458237     
  -15.6929128065395       3.772146767966414E-006   39.7167868179705     
  -15.6652415985468       7.285751653642456E-006   39.7167941037222     
  -15.6375703905540       1.380574004777455E-005   39.7168079094622     
  -15.6098991825613       2.566519563421822E-005   39.7168335746578     
  -15.5822279745686       4.680896519777976E-005   39.7168803836230     
  -15.5545567665758       8.375545268321353E-005   39.7169641390757     
  -15.5268855585831       1.470268806389975E-004   39.7171111659564     
  -15.4992143505904       2.532095102207177E-004   39.7173643754666     
  -15.4715431425976       4.278218030123551E-004   39.7177921972696     
  -15.4438719346049       7.091620026985449E-004   39.7185013592723     
  -15.4162007266122       1.153261139742365E-003   39.7196546204120     
  -15.3885295186194       1.839964854330193E-003   39.7214945852664     
  -15.3608583106267       2.879990648010587E-003   39.7243745759144     
  -15.3331871026340       4.422545606351075E-003   39.7287971215207     
  -15.3055158946412       6.662746154357090E-003   39.7354598676751     
  -15.2778446866485       9.847680073387058E-003   39.7453075477485     
  -15.2501734786558       1.427954351090508E-002   39.7595870912594     
  -15.2225022706630       2.031395382394479E-002   39.7799010450833     
  -15.1948310626703       2.835139014859065E-002   39.8082524352319     
  -15.1671598546776       3.881986658947356E-002   39.8470723018214     
  -15.1394886466848       5.214750462743797E-002   39.8992198064488     
  -15.1118174386921       6.872470443769906E-002   39.9679445108865     
  -15.0841462306994       8.885710385084926E-002   40.0568016147374     
  -15.0564750227066       0.112712337552526        40.1695139522899     
  -15.0288038147139       0.140265530381483        40.3097794826714     
  -15.0011326067212       0.171250139124348        40.4810296217957     
  -14.9734613987284       0.205121804796394        40.6861514265921     
  -14.9457901907357       0.241042920532334        40.9271943471244     
  -14.9181189827430       0.277894399137398        41.2050887462618     
  -14.8904477747502       0.314318578227555        41.5194073244894     
  -14.8627765667575       0.348793526759968        41.8682008512494     
  -14.8351053587648       0.379734678242595        42.2479355294920     
  -14.8074341507720       0.405615388981557        42.6535509184735     
  -14.7797629427793       0.425094478010333        43.0786453964839     
  -14.7520917347866       0.437136764735714        43.5157821612196     
  -14.7244205267938       0.441112576761944        43.9568947379815     
  -14.6967493188011       0.436864301067839        44.3937590390493     
  -14.6690781108084       0.424732035896010        44.8184910749453     
  -14.6414069028156       0.405535630148364        45.2240267050937     
  -14.6137356948229       0.380515975361754        45.6045426804555     
  -14.5860644868302       0.351243370953235        45.9557860514087     
  -14.5583932788374       0.319504274516980        46.2752903259257     
  -14.5307220708447       0.287179240980125        46.5624695669058     
  -14.5030508628520       0.256124228299851        46.8185937952057     
  -14.4753796548592       0.228065013096313        47.0466588083020     
  -14.4477084468665       0.204510873735262        47.2511696820372     
  -14.4200372388738       0.186689806959399        47.4378594889966     
  -14.3923660308810       0.175504189260888        47.6133636782575     
  -14.3646948228883       0.171503628726972        47.7848673069845     
  -14.3370236148955       0.174871104951740        47.9597384119362     
  -14.3093524069028       0.185419307608833        48.1451577195451     
  -14.2816811989101       0.202595946123249        48.3477536656683     
  -14.2540099909173       0.225499051333404        48.5732527170017     
  -14.2263387829246       0.252905172894893        48.8261578898966     
  -14.1986675749319       0.283314230193754        49.1094721200904     
  -14.1709963669391       0.315014184960728        49.4244863050511     
  -14.1433251589464       0.346166609956650        49.7706529150077     
  -14.1156539509537       0.374910951019257        50.1455638660270     
  -14.0879827429609       0.399481463224913        50.5450453292519     
  -14.0603115349682       0.418327277535609        50.9633726067875     
  -14.0326403269755       0.430223658087506        51.3935962648750     
  -14.0049691189827       0.434361891229729        51.8279581561048     
  -13.9772979109900       0.430406712374721        52.2583648684795     
  -13.9496267029973       0.418513609087185        52.6768784775667     
  -13.9219554950045       0.399303212290466        53.0761816898571     
  -13.8942842870118       0.373795472854498        53.4499771627116     
  -13.8666130790191       0.343311461502393        53.7932886242140     
  -13.8389418710263       0.309354543643828        54.1026431678579     
  -13.8112706630336       0.273484739776330        54.3761279076342     
  -13.7835994550409       0.237200030736713        54.6133279383709     
  -13.7559282470481       0.201836351379523        54.8151642897504     
  -13.7282570390554       0.168494525296494        54.9836588150469     
  -13.7005858310627       0.137998132159719        55.1216569472066     
  -13.6729146230699       0.110882029672633        55.2325389768793     
  -13.6452434150772       8.740763881386644E-002   55.3199466156931     
  -13.6175722070845       6.759859956136258E-002   55.3875452152545     
  -13.5899009990917       5.128920755341603E-002   55.4388344228079     
  -13.5622297910990       3.817808938742614E-002   55.4770125121953     
  -13.5345585831063       2.788060913421454E-002   55.5048931213296     
  -13.5068873751135       1.997515513450991E-002   55.5248682764641     
  -13.4792161671208       1.404034815676772E-002   55.5389086246208     
  -13.4515449591281       9.682006942795038E-003   55.5485906315636     
  -13.4238737511353       6.550171729635360E-003   55.5551408032933     
  -13.3962025431426       4.347501705144952E-003   55.5594883049984     
  -13.3685313351499       2.830913693294317E-003   55.5623192186917     
  -13.3408601271571       1.808478639844442E-003   55.5641276973316     
  -13.3131889191644       1.133444903151651E-003   55.5652611422347     
  -13.2855177111717       6.969301353089304E-004   55.5659580723700     
  -13.2578465031789       4.204222968874913E-004   55.5663784946669     
  -13.2301752951862       2.488355321780699E-004   55.5666273301991     
  -13.2025040871935       1.445291030079734E-004   55.5667718593021     
  -13.1748328792007       8.244107682105401E-005   55.5668543003789     
  -13.1471616712080       4.631598937853380E-005   55.5669006163683     
  -13.1194904632153       2.590715918550735E-005   55.5669265235275     
  -13.0918192552225       1.499351675318933E-005   55.5669415170442     
  -13.0641480472298       1.005071212250927E-005   55.5669515677564     
  -13.0364768392371       9.442359704408195E-006   55.5669610101161     
  -13.0088056312443       1.303906361660336E-005   55.5669740491797     
  -12.9811344232516       2.222398959299691E-005   55.5669962731693     
  -12.9534632152589       4.030123291468672E-005   55.5670365744022     
  -12.9257920072661       7.338609220171204E-005   55.5671099604944     
  -12.8981207992734       1.319238511114970E-004   55.5672418843455     
  -12.8704495912807       2.330532690602707E-004   55.5674749376146     
  -12.8427783832879       4.040962243962641E-004   55.5678790338390     
  -12.8151071752952       6.875033669486120E-004   55.5685665372059     
  -12.7874359673025       1.147597204772698E-003   55.5697141344107     
  -12.7597647593097       1.879400919036953E-003   55.5715935353297     
  -12.7320935513170       3.019689569267092E-003   55.5746132248990     
  -12.7044223433243       4.760115511442522E-003   55.5793733404104     
  -12.6767511353315       7.361815062969815E-003   55.5867351554734     
  -12.6490799273388       1.117029252109353E-002   55.5979054479945     
  -12.6214087193461       1.662862980775272E-002   55.6145340778022     
  -12.5937375113533       2.428626398845794E-002   55.6388203417907     
  -12.5660663033606       3.479984737638940E-002   55.6736201891671     
  -12.5383950953678       4.892224768561269E-002   55.7225424368527     
  -12.5107238873751       6.747578613396084E-002   55.7900182229867     
  -12.4830526793824       9.130657342363487E-002   55.8813247964103     
  -12.4553814713896       0.121218450756483        56.0025432471668     
  -12.4277102633969       0.157887612485631        56.1604308596524     
  -12.4000390554042       0.201762328150846        56.3621931878033     
  -12.3723678474114       0.252955920361312        56.6151491081646     
  -12.3446966394187       0.311144701943363        56.9262938101079     
  -12.3170254314260       0.375485192904713        57.3017790030126     
  -12.2893542234332       0.444565863830246        57.7463448668429     
  -12.2616830154405       0.516407271390274        58.2627521382332     
  -12.2340118074478       0.588520471284154        58.8512726095173     
  -12.2063405994550       0.658027187929839        59.5092997974472     
  -12.1786693914623       0.721837089545574        60.2311368869927     
  -12.1509981834696       0.776868836134992        61.0080057231277     
  -12.1233269754768       0.820293806567245        61.8282995296950     
  -12.0956557674841       0.849776060529971        62.6780755902249     
  -12.0679845594914       0.863680345692391        63.5417559359173     
  -12.0403133514986       0.861222431513306        64.4029783674306     
  -12.0126421435059       0.842542589464533        65.2455209568952     
  -11.9849709355132       0.808692716832814        66.0542136737280     
  -11.9572997275204       0.761538867709276        66.8157525414373     
  -11.9296285195277       0.703591940206079        67.5193444816433     
  -11.9019573115350       0.637788160618670        68.1571326422620     
  -11.8742861035422       0.567246411181964        68.7243790534440     
  -11.8466148955495       0.495030660590231        69.2194097140342     
  -11.8189436875568       0.423942857281804        69.6433525713160     
  -11.7912724795640       0.356365435528735        69.9997180068447     
  -11.7636012715713       0.294164366128157        70.2938823729729     
  -11.7359300635786       0.238654958355215        70.5325373313281     
  -11.7082588555858       0.190624777659187        70.7231621089873     
  -11.6805876475931       0.150402115747954        70.8735642247352     
  -11.6529164396004       0.117954972896148        70.9915191976314     
  -11.6252452316076       9.300451723468277E-002   71.0845237148661     
  -11.5975740236149       7.513809308452730E-002   71.1596618079506     
  -11.5699028156222       6.390943340204135E-002   71.2235712413527     
  -11.5422316076294       5.891709626729863E-002   71.2824883376200     
  -11.5145603996367       5.985568411115909E-002   71.3423440217311     
  -11.4868891916440       6.653769100137841E-002   71.4088817127325     
  -11.4592179836512       7.888664204001251E-002   71.4877683547725     
  -11.4315467756585       9.690450246248127E-002   71.5846728572350     
  -11.4038755676658       0.120618211996768        71.7052910692317     
  -11.3762043596730       0.150011734300927        71.8553028035327     
  -11.3485331516803       0.184951243642573        72.0402540471753     
  -11.3208619436876       0.225111952232188        72.2653659994074     
  -11.2931907356948       0.269915471214668        72.5352814706221     
  -11.2655195277021       0.318486302657449        72.8537677732796     
  -11.2378483197094       0.369634897846053        73.2234026711256     
  -11.2101771117166       0.421872594700909        73.6452752658265     
  -11.1825059037239       0.473460719726576        74.1187359855531     
  -11.1548346957312       0.522492445222216        74.6412284307753     
  -11.1271634877384       0.567002040597666        75.2082304713730     
  -11.0994922797457       0.605092476622773        75.8133229479958     
  -11.0718210717530       0.635069492998502        76.4483924409943     
  -11.0441498637602       0.655568707966307        77.1039611489606     
  -11.0164786557675       0.665662445623857        77.7696235945844     
  -10.9888074477748       0.664934750942435        78.4345583455269     
  -10.9611362397820       0.653516355713912        79.0880747012408     
  -10.9334650317893       0.632075712988820        79.7201504142296     
  -10.9057938237965       0.601767030243012        80.3219174444726     
  -10.8781226158038       0.564140839739322        80.8860582842119     
  -10.8504514078111       0.521026438630267        81.4070847228422     
  -10.8227801998183       0.474398052729560        81.8814827755718     
  -10.7951089918256       0.426237583517379        82.3077203590891     
  -10.7674377838329       0.378406280839783        82.6861266399289     
  -10.7397665758401       0.332535849861930        83.0186624897908     
  -10.7120953678474       0.289946711651244        83.3086092014421     
  -10.6844241598547       0.251597833257818        83.5602070346999     
  -10.6567529518619       0.218069168246779        83.7782762029467     
  -10.6290817438692       0.189574683406689        83.9678508863534     
  -10.6014105358765       0.166001470477650        84.1338523568310     
  -10.5737393278837       0.146968714760372        84.2808210715914     
  -10.5460681198910       0.131899367293972        84.4127204388854     
  -10.5183969118983       0.120097207928190        84.5328176468136     
  -10.4907257039055       0.110822495851650        84.6436401426652     
  -10.4630544959128       0.103360447441100        84.7470005901063     
  -10.4353832879201       9.707820364997394E-002   84.8440787937563     
  -10.4077120799273       9.146758464425206E-002   84.9355463784005     
  -10.3800408719346       8.617260667635307E-002   85.0217189850769     
  -10.3523696639419       8.100228443061654E-002   85.1027212695075     
  -10.3246984559491       7.593050128349071E-002   85.1786517707910     
  -10.2970272479564       7.108556717332692E-002   85.2497373379643     
  -10.2693560399637       6.673241366049527E-002   85.3164697516248     
  -10.2416848319709       6.325018054794455E-002   85.3797199321727     
  -10.2140136239782       6.110729193644488E-002   85.4408272241092     
  -10.1863424159855       6.083514898148650E-002   85.5016623730907     
  -10.1586712079927       6.300049844413580E-002   85.5646628715348     
  -10.1310000000000       6.817562587409737E-002   85.6328384974089     
  -10.1033287920073       7.690502050969786E-002   85.7097435179186     
  -10.0756575840145       8.966726051810761E-002   85.7994107784367     
  -10.0479863760218       0.106831662110980        85.9062424405477     
  -10.0203151680291       0.128610673073375        86.0348531136211     
  -9.99264396003633       0.155010863288354        86.1898639769094     
  -9.96497275204360       0.185787324589874        86.3756513014993     
  -9.93730154405086       0.220407900545516        86.5960592020448     
  -9.90963033605813       0.258034470434536        86.8540936724794     
  -9.88195912806539       0.297528139941583        87.1516218124209     
  -9.85428792007266       0.337483451815405        87.4891052642363     
  -9.82661671207993       0.376293683441929        87.8653989476783     
  -9.79894550408719       0.412245287582283        88.2776442352605     
  -9.77127429609446       0.443635152082423        88.7212793873430     
  -9.74360308810173       0.468900358344102        89.1901797456871     
  -9.71593188010899       0.486747278507860        89.6769270241949     
  -9.68826067211626       0.496265793467529        90.1731928176625     
  -9.66058946412352       0.497015470193418        90.6702082878559     
  -9.63291825613079       0.489073651617788        91.1592819394737     
  -9.60524704813806       0.473040128486604        91.6323220679603     
  -9.57757584014532       0.449998598327440        92.0823206662877     
  -9.54990463215259       0.421440518308802        92.5037611845965     
  -9.52223342415986       0.389161296021445        92.8929224806179     
  -9.49456221616712       0.355141320975600        93.2480638015935     
  -9.46689100817439       0.321424766618807        93.5694885682123     
  -9.43921980018165       0.290007459218436        93.8594960274308     
  -9.41154859218892       0.262741881794810        94.1222379092256     
  -9.38387738419619       0.241263305218857        94.3635012144444     
  -9.35620617620345       0.226936974977173        94.5904381894216     
  -9.32853496821072       0.220823023653780        94.8112612130754     
  -9.30086376021798       0.223653895862073        95.0349151089375     
  -9.27319255222525       0.235818813215591        95.2707339221531     
  -9.24552134423251       0.257351073714850        95.5280849958679     
  -9.21785013623978       0.287916370958251        95.8160013668262     
  -9.19017892824705       0.326803226837782        96.1428045936639     
  -9.16250772025431       0.372919372553993        96.5157239662179     
  -9.13483651226158       0.424799856694675        96.9405238229126     
  -9.10716530426885       0.480633341138548        97.4211571640512     
  -9.07949409627611       0.538312241669047        97.9594694057202     
  -9.05182288828338       0.595510127579091        98.5549795332993     
  -9.02415168029064       0.649786417239931        99.2047659505392     
  -8.99648047229791       0.698714402223003        99.9034803527622     
  -8.96880926430518       0.740024630322119        100.643504983084     
  -8.94113805631244       0.771752330330362        101.415257313415     
  -8.91346684831971       0.792375443900014        102.207632757315     
  -8.88579564032698       0.800929350233937        103.008562107549     
  -8.85812443233424       0.797085702025178        103.805647809574     
  -8.83045322434151       0.781185843771647        104.586833653346     
  -8.80278201634878       0.754223704825989        105.341057358171     
  -8.77511080835604       0.717778286662444        106.058835644834     
  -8.74743960036331       0.673901206541929        106.732736851376     
  -8.71976839237057       0.624969506131767        107.357706357508     
  -8.69209718437784       0.573517460962312        107.931223818470     
  -8.66442597638510       0.522062996727548        108.453286815197     
  -8.63675476839237       0.472944340090240        108.926231155288     
  -8.60908356039964       0.428180778615134        109.354411933903     
  -8.58141235240690       0.389368188183280        109.743780122086     
  -8.55374114441417       0.357615791442023        110.101395913528     
  -8.52606993642144       0.333526009929628        110.434921923458     
  -8.49839872842870       0.317214837562995        110.752136761021     
  -8.47072752043597       0.308366391576237        111.060503152597     
  -8.44305631244323       0.306312560352228        111.366815712949     
  -8.41538510445050       0.310127185747681        111.676942898697     
  -8.38771389645776       0.318724053216689        111.995666951914     
  -8.36004268846503       0.330949030177051        112.326615982091     
  -8.33237148047230       0.345658772955865        112.672274755047     
  -8.30470027247956       0.361781186841785        113.034055941888     
  -8.27702906448683       0.378355865824915        113.412411807713     
  -8.24935785649410       0.394555618664225        113.806967426377     
  -8.22168664850136       0.409692491089598        114.216659917467     
  -8.19401544050863       0.423213097347215        114.639873014814     
  -8.16634423251589       0.434688410561858        115.074561425376     
  -8.13867302452316       0.443802461553678        115.518363886930     
  -8.11100181653043       0.450342895251190        115.968706782181     
  -8.08333060853769       0.454194432354381        116.422901214535     
  -8.05565940054496       0.455334461848775        116.878235676384     
  -8.02798819255223       0.453828698233581        117.332064374618     
  -8.00031698455949       0.449824386940822        117.781888761559     
  -7.97264577656676       0.443539023265854        118.225427784824     
  -7.94497456857402       0.435243808638267        118.660671593463     
  -7.91730336058129       0.425242739102168        119.085914332565     
  -7.88963215258856       0.413849825963723        119.499764158529     
  -7.86196094459582       0.401368021121108        119.901132179650     
  -7.83428973660309       0.388073629076566        120.289205808726     
  -7.80661852861035       0.374209227526814        120.663415036253     
  -7.77894732061762       0.359986534166159        121.023401570419     
  -7.75127611262489       0.345598607331897        121.369000177751     
  -7.72360490463215       0.331238729954159        121.700238907705     
  -7.69593369663942       0.317121774877466        122.017360682583     
  -7.66826248864669       0.303503140951795        122.320863823535     
  -7.64059128065395       0.290690639603247        122.611554463138     
  -7.61292007266122       0.279045930853376        122.890600393991     
  -7.58524886466848       0.268973989597046        123.159574383588     
  -7.55757765667575       0.260901238289340        123.420475621878     
  -7.52990644868301       0.255244993366568        123.675720615244     
  -7.50223524069028       0.252378382465035        123.928098997709     
  -7.47456403269755       0.252595664086488        124.180694661796     
  -7.44689282470481       0.256082837466766        124.436777499262     
  -7.41922161671208       0.262897626698375        124.699675125961     
  -7.39155040871935       0.272961526930621        124.972636652891     
  -7.36387920072661       0.286064843890792        125.258701496782     
  -7.33620799273388       0.301883797238078        125.560585294020     
  -7.30853678474114       0.320007043450212        125.880592337470     
  -7.28086557674841       0.339967630158362        126.220559967629     
  -7.25319436875568       0.361275608640278        126.581835576269     
  -7.22552316076294       0.383446441010307        126.965282017279     
  -7.19785195277021       0.406021009492737        127.371303026772     
  -7.17018074477748       0.428574438107238        127.799877464879     
  -7.14250953678474       0.450712926202394        128.250590391082     
  -7.11483832879201       0.472060097812998        128.722650488895     
  -7.08716712079927       0.492236613757111        129.214887102652     
  -7.05949591280654       0.510838542706529        129.725725645358     
  -7.03182470481380       0.527420836859935        130.253146482218     
  -7.00415349682107       0.541491922063940        130.794638404282     
  -6.97648228882834       0.552523813328747        131.347162217611     
  -6.94881108083560       0.559979485030360        131.907141702641     
  -6.92113987284287       0.563355894350064        132.470497596991     
  -6.89346866485014       0.562237695258431        133.032735292250     
  -6.86579745685740       0.556353970242886        133.589089262493     
  -6.83812624886467       0.545628843721851        134.134718106215     
  -6.81045504087194       0.530216994823867        134.664935101038     
  -6.78278383287920       0.510516908629782        135.175452009668     
  -6.75511262488647       0.487157903134714        135.662609912803     
  -6.72744141689373       0.460960968447685        136.123570881251     
  -6.69977020890100       0.432877517458372        136.556448398709     
  -6.67209900090826       0.403913531582208        136.960361930291     
  -6.64442779291553       0.375048699580392        137.335410629872     
  -6.61675658492280       0.347160664581250        137.682571294453     
  -6.58908537693006       0.320963401692437        138.003534696145     
  -6.56141416893733       0.296966327754317        138.300501023900     
  -6.53374296094460       0.275457492469611        138.575958516369     
  -6.50607175295186       0.256510713143809        138.832469229513     
  -6.47840054495913       0.240013369780367        139.072482599293     
  -6.45072933696639       0.225709228191057        139.298191827484     
  -6.42305812897366       0.213249376354194        139.511441203839     
  -6.39538692098093       0.202244209078684        139.713685412917     
  -6.36771571298819       0.192310258127692        139.905995671045     
  -6.34004450499546       0.183107280727102        140.089102951772     
  -6.31237329700273       0.174363052634861        140.263466004407     
  -6.28470208900999       0.165885411025806        140.429351415433     
  -6.25703088101726       0.157562943805777        140.586914359239     
  -6.22935967302452       0.149357089286558        140.736271448525     
  -6.20168846503179       0.141289156629563        140.877560605155     
  -6.17401725703905       0.133425871481914        141.010986476637     
  -6.14634604904632       0.125866557313840        141.136853033950     
  -6.11867484105359       0.118734121235786        141.255587155186     
  -6.09100363306085       0.112170811206977        141.367757966393     
  -6.06333242506812       0.106338453979593        141.474096420373     
  -6.03566121707539       0.101421762176007        141.575518182549     
  -6.00799000908265       9.763247186290926E-002   141.673150654412     
  -5.98031880108992       9.521164662318429E-002   141.768362301035     
  -5.95264759309718       9.442751291174838E-002   141.862789813947     
  -5.92497638510445       9.556667288367274E-002   141.958356486830     
  -5.89730517711171       9.891742456349491E-002   142.057273911394     
  -5.86963396911898       0.104745112045789        142.162019023440     
  -5.84196276112625       0.113260799508856        142.275279822948     
  -5.81429155313351       0.124585948315788        142.399865771264     
  -5.78662034514078       0.138716986839774        142.538582758104     
  -5.75894913714805       0.155494496750694        142.694077254855     
  -5.73127792915531       0.174582008574417        142.868659263429     
  -5.70360672116258       0.195458960855487        143.064118224285     
  -5.67593551316985       0.217431173915540        143.281549398200     
  -5.64826430517711       0.239660283571525        143.521209681772     
  -5.62059309718438       0.261211172891966        143.782420854664     
  -5.59292188919164       0.281113860539489        144.063534715203     
  -5.56525068119891       0.298433968290416        144.361968683494     
  -5.53757947320618       0.312344227873613        144.674312911367     
  -5.50990826521344       0.322188853179439        144.996501764547     
  -5.48223705722071       0.327533192394494        145.324034956941     
  -5.45456584922798       0.328192860538117        145.652227817479     
  -5.42689464123524       0.324239278239619        145.976467095719     
  -5.39922343324251       0.315981756829250        146.292448852548     
  -5.37155222524977       0.303929417531700        146.596378270080     
  -5.34388101725704       0.288738769377602        146.885117039457     
  -5.31620980926430       0.271154278709706        147.156271318167     
  -5.28853860127157       0.251949538264973        147.408220856432     
  -5.26086739327884       0.231875729673250        147.640096586105     
  -5.23319618528610       0.211622238702617        147.851718824808     
  -5.20552497729337       0.191791946941296        148.043510771749     
  -5.17785376930064       0.172891352044192        148.216402123793     
  -5.15018256130790       0.155333666363555        148.371735790157     
  -5.12251135331517       0.139451675266544        148.511187465423     
  -5.09484014532243       0.125516488765623        148.636703954189     
  -5.06716893732970       0.113758314960681        148.750462269150     
  -5.03949772933696       0.104385830385255        148.854848099535     
  -5.01182652134423       9.760139215597231E-002   148.952449491691     
  -4.98415531335150       9.361003760311659E-002   149.046059529294     
  -4.95648410535876       9.262084506308760E-002   149.138680374357     
  -4.92881289736603       9.483978671642569E-002   149.233520161074     
  -4.90114168937330       0.100453777933903        149.333973939008     
  -4.87347048138056       0.109606339471108        149.443580278479     
  -4.84579927338783       0.122366231250159        149.565946509729     
  -4.81812806539509       0.138691593204989        149.704638102934     
  -4.79045685740236       0.158393420761659        149.863031523695     
  -4.76278564940963       0.181103370762593        150.044134894458     
  -4.73511444141689       0.206251621457151        150.250386515915     
  -4.70744323342416       0.233060479435955        150.483446995351     
  -4.67977202543143       0.260558408872102        150.744005404223     
  -4.65210081743869       0.287617099610664        151.031622503834     
  -4.62442960944596       0.313011261407859        151.344633765242     
  -4.59675840145323       0.335497429449512        151.680131194691     
  -4.56908719346049       0.353904758631054        152.034035953322     
  -4.54141598546776       0.367228201526365        152.401264154849     
  -4.51374477747502       0.374713166020128        152.775977320869     
  -4.48607356948229       0.375921087958539        153.151898408827     
  -4.45840236148955       0.370767388214253        153.522665797042     
  -4.43073115349682       0.359526739028812        153.882192536070     
  -4.40305994550409       0.342804882118262        154.224997418189     
  -4.37538873751135       0.321480685872938        154.546478104062     
  -4.34771752951862       0.296625942230394        154.843104046292     
  -4.32004632152589       0.269412959438215        155.112517005730     
  -4.29237511353315       0.241020935760102        155.353537941490     
  -4.26470390554042       0.212551351666587        155.566089293157     
  -4.23703269754768       0.184960453900160        155.751049747057     
  -4.20936148955495       0.159013816385363        155.910063563442     
  -4.18169028156222       0.135264555473712        156.045328118916     
  -4.15401907356948       0.114053637159144        156.159381756075     
  -4.12634786557675       9.552829825969701E-002   156.254910054335     
  -4.09867665758402       7.967316965045017E-002   156.334583223985     
  -4.07100544959128       6.634827901639928E-002   156.400931503002     
  -4.04333424159855       5.532857969758543E-002   156.456260082699     
  -4.01566303360581       4.634073571672830E-002   156.502600818416     
  -3.98799182561308       3.909427984459506E-002   156.541695098261     
  -3.96032061762034       3.330566363245758E-002   156.575000761893     
  -3.93264940962761       2.871491963093645E-002   156.603715681524     
  -3.90497820163488       2.509553446514470E-002   156.628811215989     
  -3.87730699364214       2.225865636698520E-002   156.651069872356     
  -3.84963578564941       2.005297225452610E-002   156.671122844611     
  -3.82196457765668       1.836156901975384E-002   156.689484413631     
  -3.79429336966394       1.709693505968629E-002   156.706581348690     
  -3.76662216167121       1.619504430018706E-002   156.722776392990     
  -3.73895095367847       1.560925493159258E-002   156.738385647922     
  -3.71127974568574       1.530457965036504E-002   156.753690227572     
  -3.68360853769300       1.525274968598917E-002   156.768942977258     
  -3.65593732970027       1.542839100297417E-002   156.784371368261     
  -3.62826612170754       1.580654027914455E-002   156.800177908541     
  -3.60059491371480       1.636163412072879E-002   156.816539542661     
  -3.57292370572207       1.706799784135706E-002   156.833607540503     
  -3.54525249772934       1.790173970314872E-002   156.851509280206     
  -3.51758128973660       1.884383125606943E-002   156.870353111462     
  -3.48991008174387       1.988403855820372E-002   156.890237150020     
  -3.46223887375114       2.102527830196513E-002   156.911262428322     
  -3.43456766575840       2.228791991080244E-002   156.933550348233     
  -3.40689645776567       2.371354589447231E-002   156.957263894127     
  -3.37922524977293       2.536771690371131E-002   156.982631611031     
  -3.35155404178020       2.734135712838697E-002   157.009972968159     
  -3.32388283378747       2.975046843320490E-002   157.039723436593     
  -3.29621162579473       3.273398672969279E-002   157.072457423322     
  -3.26854041780200       3.644970407659175E-002   157.108907127399     
  -3.24086920980927       4.106829262380149E-002   157.149975420023     
  -3.21319800181653       4.676558345085100E-002   157.196741003474     
  -3.18552679382380       5.371337644014995E-002   157.250454379914     
  -3.15785558583106       6.206918364606851E-002   157.312523563560     
  -3.13018437783833       7.196542665234962E-002   157.384488990212     
  -3.10251316984559       8.349869758661120E-002   157.467987687799     
  -3.07484196185286       9.671972852353763E-002   157.564707416322     
  -3.04717075386013       0.111624673822154        157.676332090144     
  -3.01949954586739       0.128148188330452        157.804480278475     
  -2.99182833787466       0.146158598907255        157.950638877382     
  -2.96415712988193       0.165455260861030        158.116094138243     
  -2.93648592188919       0.185768026690185        158.301862164933     
  -2.90881471389646       0.206758695196091        158.508620860129     
  -2.88114350590372       0.228024395934080        158.736645256064     
  -2.85347229791099       0.249103094341262        158.985748350405     
  -2.82580108991825       0.269481717658929        159.255230068064     
  -2.79812988192552       0.288607690026055        159.543837758090     
  -2.77045867393279       0.305904787932569        159.849742546022     
  -2.74278746594005       0.320794056973186        160.170536602996     
  -2.71511625794732       0.332719995903863        160.503256598899     
  -2.68744504995459       0.341181334891913        160.844437933791     
  -2.65977384196185       0.345764638596164        161.190202572387     
  -2.63210263396912       0.346177869303485        161.536380441691     
  -2.60443142597638       0.342280214814654        161.878660656506     
  -2.57676021798365       0.334104165867930        162.212764822374     
  -2.54908900999092       0.321866179367128        162.534631001741     
  -2.52141780199818       0.305963312297144        162.840594314038     
  -2.49374659400545       0.286954829714255        163.127549143752     
  -2.46607538601272       0.265529718843647        163.393078862596     
  -2.43840417801998       0.242462942406764        163.635541805003     
  -2.41073297002725       0.218564796617201        163.854106601620     
  -2.38306176203452       0.194628632825704        164.048735234445     
  -2.35539055404178       0.171382313794094        164.220117548239     
  -2.32771934604905       0.149448114706934        164.369565662946     
  -2.30004813805631       0.129314494048620        164.498880156995     
  -2.27237693006358       0.111321498157126        164.610201655152     
  -2.24470572207084       9.565981445832575E-002   164.705861469610     
  -2.21703451407811       8.238192271157317E-002   164.788243392322     
  -2.18936330608538       7.142261644745368E-002   164.859666008769     
  -2.16169209809264       6.262549196664785E-002   164.922291500736     
  -2.13402089009991       5.577184822360717E-002   164.978063348960     
  -2.10634968210718       5.060874553540300E-002   165.028672094495     
  -2.07867847411444       4.687361784150590E-002   165.075545712337     
  -2.05100726612171       4.431368065149576E-002   165.119859392988     
  -2.02333605812897       4.269928422174107E-002   165.162558677210     
  -1.99566485013624       4.183120798450111E-002   165.204389885194     
  -1.96799364214350       4.154258737191775E-002   165.245932472566     
  -1.94032243415077       4.169665184970137E-002   165.287629124416     
  -1.91265122615804       4.218171059078729E-002   165.329810835007     
  -1.88498001816530       4.290485695608631E-002   165.372715691963     
  -1.85730881017257       4.378570654032335E-002   165.416501398503     
  -1.82963760217984       4.475118596904964E-002   165.461252584472     
  -1.80196639418710       4.573201181238062E-002   165.506984596285     
  -1.77429518619437       4.666110454487469E-002   165.553645700830     
  -1.74662397820163       4.747382924179073E-002   165.601119530071     
  -1.71895277020890       4.810968687698792E-002   165.649229216948     
  -1.69128156221617       4.851492267577677E-002   165.697744139624     
  -1.66361035422343       4.864547452156114E-002   165.746389614146     
  -1.63593914623070       4.846973877384066E-002   165.794859352919     
  -1.60826793823797       4.797075264596794E-002   165.842830105565     
  -1.58059673024523       4.714754477948117E-002   165.889977650345     
  -1.55292552225250       4.601555416998048E-002   165.935993204515     
  -1.52525431425976       4.460613649223149E-002   165.980599341007     
  -1.49758310626703       4.296525341348084E-002   166.023564594421     
  -1.46991189827429       4.115147509945721E-002   166.064716069520     
  -1.44224069028156       3.923342929333182E-002   166.103949498813     
  -1.41456948228883       3.728681748465522E-002   166.141236316298     
  -1.38689827429609       3.539110460390401E-002   166.176627420902     
  -1.35922706630336       3.362598338887348E-002   166.210253404291     
  -1.33155585831063       3.206772134283277E-002   166.242321125634     
  -1.30388465031789       3.078551414933081E-002   166.273106639783     
  -1.27621344232516       2.983798793973665E-002   166.302944627723     
  -1.24854223433243       2.927000686431864E-002   166.332214634587     
  -1.22087102633969       2.910994717035793E-002   166.361324581757     
  -1.19319981834696       2.936759314537512E-002   166.390692174903     
  -1.16552861035422       3.003279563979617E-002   166.420724970543     
  -1.13785740236149       3.107501354800572E-002   166.451799984091     
  -1.11018619436875       3.244383474079774E-002   166.484243818831     
  -1.08251498637602       3.407054495599411E-002   166.518314363787     
  -1.05484377838329       3.587077745606292E-002   166.554185141243     
  -1.02717257039055       3.774822744851674E-002   166.591933368692     
 -0.999501362397819       3.959934870476643E-002   166.631532717397     
 -0.971830154405087       4.131886463391039E-002   166.672851582031     
 -0.944158946412351       4.280582747175998E-002   166.715657409502     
 -0.916487738419619       4.396985919540659E-002   166.759627268698     
 -0.888816530426883       4.473712358097155E-002   166.804364392279     
 -0.861145322434151       4.505552981638344E-002   166.849419922095     
 -0.833474114441415       4.489867116670362E-002   166.894318593262     
 -0.805802906448683       4.426806746664566E-002   166.938586660729     
 -0.778131698455947       4.319340785419670E-002   166.981780068583     
 -0.750460490463215       4.173066937536290E-002   167.023510737958     
 -0.722789282470480       3.995819747227286E-002   167.063468935430     
 -0.695118074477747       3.797104919888309E-002   167.101439984629     
 -0.667446866485012       3.587409074081124E-002   167.137314075370     
 -0.639775658492280       3.377448166860025E-002   167.171088557039     
 -0.612104450499544       3.177425014846985E-002   167.202862807187     
 -0.584433242506812       2.996365598927085E-002   167.232826463176     
 -0.556762034514076       2.841595192853547E-002   167.261242415105     
 -0.529090826521344       2.718399770818944E-002   167.288426412813     
 -0.501419618528608       2.629897437629560E-002   167.314725387189     
 -0.473748410535876       2.577121222172011E-002   167.340496599411     
 -0.446077202543140       2.559291269552550E-002   167.366089512107     
 -0.418405994550408       2.574234089735667E-002   167.391831853004     
 -0.390734786557672       2.618891596913512E-002   167.418020768973     
 -0.363063578564940       2.689855078909896E-002   167.444919319762     
 -0.335392370572205       2.783859891400695E-002   167.472757918676     
 -0.307721162579472       2.898185354308080E-002   167.501739772219     
 -0.280049954586740       3.030919646893688E-002   167.532048968688     
 -0.252378746594005       3.181069079192420E-002   167.563859659480     
 -0.224707538601272       3.348511981111647E-002   167.597344779291     
 -0.197036330608537       3.533816528202624E-002   167.632682944573     
 -0.169365122615805       3.737956506449749E-002   167.670062509638     
 -0.141693914623069       3.961967622011624E-002   167.709682185858     
 -0.114022706630337       4.206588992044692E-002   167.751748075778     
 -8.635149863760105E-002  4.471930618829557E-002   167.796467381967     
 -5.868029064486890E-002  4.757199615076693E-002   167.844039378117     
 -3.100908265213320E-002  5.060507885434517E-002   167.894644456972     
 -3.337874659401052E-003  5.378774024674900E-002   167.948432197218     
  2.433333333333465E-002  5.707723999077476E-002   168.005509437209     
  5.200454132606680E-002  6.041989524670062E-002   168.065929332456     
  7.967574931880250E-002  6.375299804006535E-002   168.129682330496     
  0.107346957311535       6.700760525505464E-002   168.196689935751     
  0.135018165304270       7.011212460912167E-002   168.266802060360     
  0.162689373297003       7.299659382116758E-002   168.339798654181     
  0.190360581289738       7.559750632879446E-002   168.415396160510     
  0.218031789282470       7.786297603811625E-002   168.493259136548     
  0.245702997275206       7.975796481220017E-002   168.573017101360     
  0.273374205267938       8.126923507174115E-002   168.654286336432     
  0.301045413260674       8.240965329073878E-002   168.736695989723     
  0.328716621253406       8.322147229710866E-002   168.819917462020     
  0.356387829246142       8.377826707683726E-002   168.903695729097     
  0.384059037238874       8.418528547781290E-002   168.987881014575     
  0.411730245231610       8.457808678046751E-002   169.072459101355     
  0.439401453224342       8.511945592263082E-002   169.157578557278     
  0.467072661217077       8.599467721968111E-002   169.243573234497     
  0.494743869209810       8.740531335052552E-002   169.330978547848     
  0.522415077202545       8.956166024483521E-002   169.420540208093     
  0.550086285195277       9.267404819605177E-002   169.513214256289     
  0.577757493188013       9.694315849392801E-002   169.610157414783     
  0.605428701180745       0.102549553139643        169.712706967922     
  0.633099909173481       0.109642698044947        169.822349665967     
  0.660771117166213       0.118329907170672        169.940679573138     
  0.688442325158949       0.128665832384114        170.069345405522     
  0.716113533151681       0.140643332008816        170.209988737531     
  0.743784741144417       0.154186711354137        170.364175448885     
  0.771455949137149       0.169148376557829        170.533323825443     
  0.799127157129885       0.185309827230452        170.718633652673     
  0.826798365122617       0.202387612862951        170.921021265536     
  0.854469573115349       0.220044414649486        171.141065680186     
  0.882140781108085       0.237904853682189        171.378970533868     
  0.909811989100817       0.255575065025998        171.634545598894     
  0.937483197093552       0.272664619624177        171.907210218518     
  0.965154405086285       0.288809106925262        172.196019325443     
  0.992825613079020       0.303691650935828        172.499710976379     
   1.02049682107175       0.317061805371815        172.816772781751     
   1.04816802906449       0.328750593526020        173.145523375277     
   1.07583923705722       0.338680831373685        173.484204206651     
   1.10351044504996       0.346872209339297        173.831076415990     
   1.13118165304269       0.353440857105767        174.184517273096     
   1.15885286103542       0.358593281039319        174.543110554135     
   1.18652406902816       0.362614703457087        174.905725257592     
   1.21419527702089       0.365852035069684        175.271577292662     
   1.24186648501362       0.368692054999640        175.640269347662     
   1.26953769300636       0.371535885292713        176.011805232954     
   1.29720890099909       0.374771480801314        176.386576713756     
   1.32488010899183       0.378746485401386        176.765323199157     
   1.35255131698456       0.383744256892359        177.149067456049     
   1.38022252497730       0.389965960752006        177.539033416801     
   1.40789373297003       0.397521258042032        177.936554674843     
   1.43556494096276       0.406429245700242        178.342983920544     
   1.46323614895550       0.416630045430624        178.759613965974     
   1.49090735694823       0.428005978164226        179.187619944139     
   1.51857856494096       0.440409857891271        179.628029802030     
   1.54624977293370       0.453696840140896        180.081726642171     
   1.57392098092643       0.467755652972503        180.549482295143     
   1.60159218891917       0.482535008136024        181.032017303279     
   1.62926339691190       0.498061513163868        181.530078816443     
   1.65693460490463       0.514446366722155        182.044525183165     
   1.68460581289737       0.531879352758056        182.576404535923     
   1.71227702089010       0.550609980237981        183.127014516161     
   1.73994822888283       0.570916901494493        183.697931417656     
   1.76761943687557       0.593067890291727        184.290999307948     
   1.79529064486830       0.617273625998351        184.908272933946     
   1.82296185286104       0.643639297600184        185.551912231546     
   1.85063306085377       0.672118597885737        186.224030829432     
   1.87830426884651       0.702474988949569        186.926505818381     
   1.90597547683924       0.734255115930817        187.660760934312     
   1.93364668483197       0.766778829934935        188.427539764247     
   1.96131789282471       0.799149355242788        189.226689119490     
   1.98898910081744       0.830285640551476        190.056974760041     
   2.01666030881017       0.858976891277412        190.915951651319     
   2.04433151680291       0.883956827122157        191.799908478441     
   2.07200272479564       0.903992608553825        192.703901086995     
   2.09967393278837       0.917980993035180        193.621882080030     
   2.12734514078111       0.925042529508848        194.546924609539     
   2.15501634877384       0.924603856809167        195.471528466348     
   2.18268755676658       0.916458694181339        196.387987160529     
   2.21035876475931       0.900799957914533        197.288787118444     
   2.23802997275205       0.878218429204945        198.167005547649     
   2.26570118074478       0.849667134228078        199.016672681877     
   2.29337238873751       0.816394522111076        199.833067203988     
   2.32104359673025       0.779853036654113        200.612920240642     
   2.34871480472298       0.741592245676437        201.354512486318     
   2.37638601271571       0.703146973654575        202.057659459973     
   2.40405722070845       0.665930782282074        202.723590242255     
   2.43172842870118       0.631143814730267        203.354734056985     
   2.45939963669392       0.599701813953333        203.954435870939     
   2.48707084468665       0.572190493049448        204.526626363988     
   2.51474205267938       0.548846813154157        205.075473177142     
   2.54241326067212       0.529566441387026        205.605039618529     
   2.57008446866485       0.513934888867514        206.118974507397     
   2.59775567665758       0.501278578944575        206.620253086341     
   2.62542688465032       0.490731268319960        207.110984354661     
   2.65309809264305       0.481310698562116        207.592295053224     
   2.68076930063579       0.471999984908220        208.064295038132     
   2.70844050862852       0.461828025917593        208.526123064049     
   2.73611171662126       0.449943203699776        208.976066267749     
   2.76378292461399       0.435674961692736        209.411741229442     
   2.79145413260672       0.418578619317532        209.830319848759     
   2.81912534059946       0.398460073846423        210.228779922606     
   2.84679654859219       0.375378805844118        210.604158728450     
   2.87446775658492       0.349629680051920        210.953788408502     
   2.90213896457766       0.321706153893605        211.275494562395     
   2.92981017257039       0.292249360660805        211.567743923056     
   2.95748138056313       0.261988837062998        211.829732760119     
   2.98515258855586       0.231681216644348        212.061413976764     
   3.01282379654859       0.202052944722037        212.263466921486     
   3.04049500454133       0.173752063509801        212.437218984995     
   3.06816621253406       0.147312566635977        212.584531551631     
   3.09583742052680       0.123133004665092        212.707664556296     
   3.12350862851953       0.101469228874633        212.809133785171     
   3.15117983651226       8.243964204618558E-002   212.891573427217     
   3.17885104450500       6.604025536031573E-002   212.957613682578     
   3.20652225249773       5.216630386782287E-002   213.009779986445     
   3.23419346049046       4.063712840150933E-002   213.050417114847     
   3.26186466848320       3.122139417351229E-002   213.081638509020     
   3.28953587647593       2.366034797154288E-002   213.105298856992     
   3.31720708446867       1.768756917500327E-002   213.122986426167     
   3.34487829246140       1.304441433295395E-002   213.136030840500     
   3.37254950045413       9.490994987369430E-003   213.145521835487     
   3.40022070844687       6.813009246479289E-003   213.152334844734     
   3.42789191643960       4.825053401905308E-003   213.157159898136     
   3.45556312443233       3.371184592952694E-003   213.160531082729     
   3.48323433242507       2.323521573855165E-003   213.162854604303     
   3.51090554041780       1.579597901574357E-003   213.164434202204     
   3.53857674841054       1.059058969270735E-003   213.165493261173     
   3.56624795640327       7.001531890740388E-004   213.166193414363     
   3.59391916439601       4.563311043971326E-004   213.166649745467     
   3.62159037238874       2.931480317351577E-004   213.166942893499     
   3.64926158038147       1.855721598062642E-004   213.167128465658     
   3.67693278837421       1.157315856460108E-004   213.167244197244     
   3.70460399636694       7.108792954161407E-005   213.167315285174     
   3.73227520435967       4.299674265030588E-005   213.167358281916     
   3.75994641235241       2.560133986328727E-005   213.167383883256     
   3.78761762034514       1.500276468929330E-005   213.167398886021     
   3.81528882833788       8.650850867293813E-006   213.167407536872     
   3.84296003633061       4.907124577958589E-006   213.167412443996     
   3.87063124432335       2.737681203909180E-006   213.167415181678     
   3.89830245231608       1.501891039865302E-006   213.167416683569     
   3.92597366030881       8.100496491559987E-007   213.167417493618     
   3.95364486830155       4.294634021336866E-007   213.167417923082     
   3.98131607629428       2.237748878385097E-007   213.167418146856     
   4.00898728428701       1.145782322488258E-007   213.167418261435     
   4.03665849227975       5.764195808234972E-008   213.167418319077     
   4.06432970027248       2.848829756286624E-008   213.167418347565     
   4.09200090826521       1.383042479137285E-008   213.167418361395     
   4.11967211625795       6.594780218485801E-009   213.167418367990     
   4.14734332425068       3.088300625989459E-009   213.167418371078     
   4.17501453224342       1.420220075017769E-009   213.167418372499     
   4.20268574023615       6.413196295239852E-010   213.167418373140     
   4.23035694822888       2.843446786258043E-010   213.167418373424     
   4.25802815622162       1.237768798641262E-010   213.167418373548     
   4.28569936421435       5.289713534359402E-011   213.167418373601     
   4.31337057220708       2.219217061495354E-011   213.167418373623     
   4.34104178019982       9.139472763307864E-012   213.167418373632     
   4.36871298819255       3.694693147770743E-012   213.167418373636     
   4.39638419618529       1.466058773481012E-012   213.167418373638     
   4.42405540417802       5.709670001878068E-013   213.167418373638     
   4.45172661217076       2.183011252349354E-013   213.167418373638     
   4.47939782016349       8.191455910596176E-014   213.167418373638     
   4.50706902815622       3.011874301151363E-014   213.167418373638     
   4.53474023614896       1.088654658491984E-014   213.167418373638     
   4.56241144414169       3.864449051051207E-015   213.167418373638     
   4.59008265213442       1.348437057446956E-015   213.167418373638     
   4.61775386012716       4.639134067137119E-016   213.167418373638     
   4.64542506811989       1.539183200118207E-016   213.167418373638     
   4.67309627611263       5.375571490056567E-017   213.167418373638     
   4.70076748410536       1.700646779513973E-017   213.167418373638     
   4.72843869209809       6.632598347697816E-018   213.167418373638     
   4.75610990009083       0.000000000000000E+000   213.167418373638     
   4.78378110808356       0.000000000000000E+000   213.167418373638     
   4.81145231607629       0.000000000000000E+000   213.167418373638     
   4.83912352406903       0.000000000000000E+000   213.167418373638     
   4.86679473206176       0.000000000000000E+000   213.167418373638     
   4.89446594005450       0.000000000000000E+000   213.167418373638     
   4.92213714804723       0.000000000000000E+000   213.167418373638     
   4.94980835603997       0.000000000000000E+000   213.167418373638     
   4.97747956403270       0.000000000000000E+000   213.167418373638     
   5.00515077202543       0.000000000000000E+000   213.167418373638     
   5.03282198001817       0.000000000000000E+000   213.167418373638     
   5.06049318801090       0.000000000000000E+000   213.167418373638     
   5.08816439600363       0.000000000000000E+000   213.167418373638     
