# nkptgw: 16  neig: 180
# E(DFT) E(GW)
-19.472 -27.101
-18.993 -25.122
-16.901 -23.256
-14.915 -20.983
-14.042 -20.934
-11.794 -18.497
-11.406 -13.204
-11.192 -18.400
-10.351 -11.915
-10.273 -12.046
-10.264 -11.986
-9.902 -11.687
-9.887 -11.663
-9.524 -16.146
-9.462 -16.695
-9.223 -10.793
-9.218 -10.750
-8.863 -10.454
-8.852 -10.467
-8.811 -10.661
-8.782 -10.679
-8.771 -10.619
-8.763 -10.680
-8.742 -10.625
-8.627 -15.376
-8.225 -15.616
-7.761 -9.425
-7.738 -9.428
-7.735 -9.410
-7.726 -9.383
-7.676 -9.386
-7.650 -9.332
-7.335 -9.097
-7.296 -9.079
-7.151 -13.930
-6.924 -8.915
-19.472 -27.102
-18.993 -25.121
-16.901 -23.256
-14.915 -20.983
-14.042 -20.939
-11.794 -18.497
-11.311 -13.100
-11.192 -18.392
-10.555 -12.297
-10.256 -11.804
-10.178 -11.961
-10.170 -11.902
-9.526 -15.601
-9.502 -11.568
-9.462 -16.529
-9.427 -11.314
-9.420 -11.208
-9.130 -10.708
-9.121 -10.672
-9.048 -10.879
-8.727 -10.963
-8.628 -15.110
-8.381 -10.043
-8.374 -9.991
-8.225 -15.527
-8.009 -9.675
-7.971 -9.752
-7.936 -9.870
-7.922 -9.794
-7.600 -9.342
-7.589 -9.332
-7.152 -13.954
-6.911 -8.654
-6.897 -8.623
-6.867 -8.791
-6.851 -8.788
-19.472 -27.100
-18.993 -25.122
-16.901 -23.253
-14.915 -20.983
-14.042 -20.939
-11.794 -18.497
-11.193 -18.391
-11.034 -12.784
-11.020 -12.748
-9.986 -11.527
-9.969 -11.503
-9.909 -11.710
-9.895 -11.682
-9.879 -11.607
-9.875 -11.644
-9.523 -16.149
-9.462 -16.695
-8.864 -10.483
-8.856 -10.443
-8.836 -10.482
-8.827 -10.379
-8.639 -15.472
-8.453 -10.209
-8.409 -10.279
-8.224 -15.581
-8.040 -9.976
-8.015 -9.929
-7.340 -9.093
-7.337 -9.107
-7.312 -9.089
-7.293 -9.050
-7.150 -13.913
-7.009 -8.730
-6.974 -8.683
-6.939 -8.966
-6.924 -8.901
-19.472 -27.102
-18.993 -25.121
-16.901 -23.256
-14.915 -20.983
-14.042 -20.939
-11.794 -18.497
-11.311 -13.100
-11.192 -18.392
-10.555 -12.297
-10.256 -11.804
-10.178 -11.961
-10.170 -11.903
-9.526 -15.601
-9.502 -11.568
-9.462 -16.529
-9.427 -11.314
-9.420 -11.208
-9.130 -10.708
-9.121 -10.672
-9.048 -10.879
-8.727 -10.963
-8.628 -15.110
-8.381 -10.043
-8.374 -9.991
-8.225 -15.527
-8.009 -9.675
-7.971 -9.752
-7.936 -9.870
-7.922 -9.794
-7.600 -9.342
-7.589 -9.332
-7.152 -13.954
-6.911 -8.654
-6.897 -8.623
-6.867 -8.791
-6.851 -8.788
-19.472 -27.101
-18.993 -25.122
-16.901 -23.256
-14.915 -20.983
-14.042 -20.938
-11.794 -18.497
-11.335 -13.127
-11.192 -18.395
-10.764 -12.489
-10.278 -11.823
-9.834 -11.630
-9.818 -11.602
-9.710 -11.238
-9.634 -11.423
-9.523 -16.139
-9.462 -16.693
-9.268 -11.092
-9.250 -11.062
-8.792 -10.384
-8.781 -10.420
-8.736 -10.991
-8.631 -14.375
-8.577 -10.687
-8.243 -12.019
-8.227 -10.459
-8.208 -12.347
-8.158 -9.998
-8.141 -9.987
-8.129 -9.992
-7.955 -9.865
-7.268 -9.034
-7.241 -9.062
-7.152 -13.830
-7.120 -8.820
-7.107 -8.840
-7.038 -8.805
-19.472 -27.100
-18.993 -25.126
-16.901 -23.255
-14.915 -20.983
-14.042 -20.938
-11.794 -18.497
-11.241 -13.054
-11.192 -18.335
-10.670 -12.403
-10.484 -12.229
-10.183 -11.712
-9.917 -11.696
-9.619 -11.168
-9.542 -11.437
-9.523 -15.969
-9.463 -16.555
-9.427 -11.088
-8.983 -10.833
-8.869 -10.461
-8.794 -10.661
-8.674 -12.543
-8.614 -13.206
-8.491 -10.172
-8.418 -10.293
-8.226 -15.588
-8.085 -9.824
-7.940 -9.598
-7.897 -9.637
-7.863 -9.783
-7.744 -9.395
-7.382 -9.057
-7.338 -9.096
-7.309 -9.270
-7.152 -13.917
-7.128 -9.141
-6.972 -8.754
-19.472 -27.103
-18.993 -25.123
-16.901 -23.259
-14.915 -20.983
-14.042 -20.929
-11.794 -18.497
-11.192 -18.398
-10.963 -12.701
-10.949 -12.669
-10.394 -12.144
-10.379 -12.116
-9.912 -11.439
-9.889 -11.395
-9.523 -16.133
-9.462 -16.683
-9.348 -10.909
-9.325 -10.873
-9.263 -11.077
-9.253 -11.080
-8.643 -15.693
-8.384 -10.168
-8.352 -10.147
-8.234 -12.024
-8.217 -12.958
-8.198 -9.864
-7.971 -9.906
-7.947 -9.862
-7.822 -9.567
-7.785 -9.518
-7.596 -9.548
-7.580 -9.536
-7.414 -9.379
-7.386 -9.338
-7.152 -13.961
-6.939 -8.668
-6.905 -8.595
-19.472 -27.098
-18.993 -25.124
-16.901 -23.254
-14.915 -20.983
-14.042 -20.937
-11.794 -18.497
-11.241 -13.054
-11.192 -18.335
-10.670 -12.400
-10.484 -12.233
-10.184 -11.713
-9.916 -11.692
-9.618 -11.168
-9.544 -11.410
-9.523 -15.999
-9.463 -16.545
-9.426 -11.102
-8.983 -10.832
-8.869 -10.465
-8.794 -10.665
-8.673 -12.599
-8.613 -13.143
-8.490 -10.164
-8.420 -10.299
-8.226 -15.579
-8.086 -9.829
-7.937 -9.606
-7.896 -9.632
-7.863 -9.779
-7.749 -9.403
-7.384 -9.058
-7.340 -9.126
-7.305 -9.242
-7.152 -13.924
-7.127 -9.132
-6.972 -8.755
-19.472 -27.099
-18.993 -25.124
-16.901 -23.253
-14.915 -20.983
-14.042 -20.934
-11.794 -18.497
-11.193 -18.309
-11.149 -12.958
-11.091 -12.825
-10.087 -11.624
-10.045 -11.539
-9.646 -11.481
-9.638 -11.453
-9.595 -11.377
-9.568 -11.387
-9.523 -16.089
-9.462 -16.686
-8.867 -10.714
-8.864 -10.709
-8.656 -14.932
-8.594 -10.376
-8.583 -10.215
-8.573 -10.198
-8.557 -10.259
-8.539 -10.455
-8.445 -10.313
-8.223 -15.599
-7.827 -9.479
-7.813 -9.452
-7.394 -9.373
-7.384 -9.362
-7.373 -9.342
-7.368 -9.317
-7.154 -13.878
-7.067 -8.873
-7.064 -8.876
-19.472 -27.103
-18.993 -25.119
-16.901 -23.258
-14.915 -20.983
-14.042 -20.936
-11.794 -18.497
-11.193 -18.391
-11.055 -12.812
-10.996 -12.712
-10.299 -12.072
-10.243 -11.971
-9.992 -11.527
-9.947 -11.435
-9.523 -16.146
-9.462 -16.691
-9.240 -10.813
-9.199 -10.726
-8.804 -10.710
-8.775 -10.637
-8.768 -10.636
-8.736 -10.573
-8.644 -15.549
-8.457 -10.255
-8.406 -10.240
-8.225 -15.601
-8.029 -9.953
-8.027 -9.963
-7.754 -9.429
-7.748 -9.403
-7.729 -9.376
-7.716 -9.436
-7.690 -9.370
-7.640 -9.334
-7.152 -13.957
-6.996 -8.708
-6.982 -8.675
-19.472 -27.095
-18.993 -25.122
-16.901 -23.257
-14.915 -20.983
-14.042 -20.935
-11.794 -18.497
-11.192 -18.401
-10.780 -12.533
-10.764 -12.510
-10.720 -12.447
-10.704 -12.391
-9.721 -11.270
-9.706 -11.245
-9.682 -11.209
-9.644 -11.153
-9.521 -16.094
-9.462 -16.690
-8.642 -15.719
-8.501 -10.412
-8.495 -10.379
-8.489 -10.375
-8.481 -10.371
-8.232 -14.896
-8.182 -10.169
-8.175 -9.920
-8.153 -10.217
-8.102 -9.848
-7.787 -9.755
-7.771 -9.722
-7.740 -9.653
-7.701 -9.604
-7.463 -9.142
-7.462 -9.139
-7.447 -9.113
-7.419 -9.064
-7.151 -13.962
-19.472 -27.103
-18.993 -25.119
-16.901 -23.258
-14.915 -20.983
-14.042 -20.936
-11.794 -18.497
-11.193 -18.391
-11.055 -12.812
-10.996 -12.712
-10.299 -12.072
-10.243 -11.971
-9.992 -11.527
-9.947 -11.436
-9.523 -16.146
-9.462 -16.691
-9.240 -10.813
-9.199 -10.726
-8.804 -10.710
-8.775 -10.637
-8.768 -10.636
-8.736 -10.573
-8.644 -15.549
-8.457 -10.255
-8.406 -10.240
-8.225 -15.601
-8.029 -9.953
-8.027 -9.963
-7.754 -9.429
-7.748 -9.403
-7.729 -9.377
-7.716 -9.436
-7.690 -9.370
-7.640 -9.334
-7.152 -13.957
-6.996 -8.709
-6.982 -8.676
-19.472 -27.101
-18.993 -25.122
-16.901 -23.256
-14.915 -20.983
-14.042 -20.938
-11.794 -18.497
-11.335 -13.127
-11.192 -18.395
-10.764 -12.489
-10.278 -11.823
-9.834 -11.630
-9.818 -11.602
-9.710 -11.238
-9.634 -11.423
-9.523 -16.139
-9.462 -16.693
-9.268 -11.092
-9.250 -11.062
-8.792 -10.384
-8.781 -10.420
-8.736 -10.991
-8.631 -14.375
-8.577 -10.688
-8.243 -12.019
-8.227 -10.459
-8.208 -12.347
-8.158 -9.998
-8.141 -9.987
-8.129 -9.992
-7.955 -9.865
-7.268 -9.034
-7.241 -9.062
-7.152 -13.830
-7.120 -8.820
-7.107 -8.840
-7.038 -8.805
-19.472 -27.098
-18.993 -25.124
-16.901 -23.254
-14.915 -20.983
-14.042 -20.937
-11.794 -18.497
-11.241 -13.053
-11.192 -18.335
-10.670 -12.400
-10.484 -12.233
-10.184 -11.713
-9.916 -11.691
-9.618 -11.168
-9.544 -11.410
-9.523 -15.999
-9.463 -16.545
-9.426 -11.102
-8.983 -10.832
-8.869 -10.465
-8.794 -10.665
-8.673 -12.599
-8.613 -13.143
-8.490 -10.164
-8.420 -10.299
-8.226 -15.579
-8.086 -9.829
-7.937 -9.606
-7.896 -9.632
-7.863 -9.779
-7.749 -9.403
-7.384 -9.059
-7.340 -9.126
-7.305 -9.242
-7.152 -13.924
-7.127 -9.132
-6.972 -8.755
-19.472 -27.103
-18.993 -25.123
-16.901 -23.259
-14.915 -20.983
-14.042 -20.929
-11.794 -18.497
-11.192 -18.398
-10.963 -12.701
-10.949 -12.669
-10.394 -12.144
-10.379 -12.116
-9.912 -11.439
-9.889 -11.395
-9.523 -16.133
-9.462 -16.683
-9.348 -10.909
-9.325 -10.874
-9.263 -11.077
-9.253 -11.080
-8.643 -15.693
-8.384 -10.168
-8.352 -10.147
-8.234 -12.024
-8.217 -12.958
-8.198 -9.863
-7.971 -9.906
-7.947 -9.862
-7.822 -9.567
-7.785 -9.518
-7.596 -9.548
-7.580 -9.536
-7.414 -9.379
-7.386 -9.338
-7.152 -13.961
-6.939 -8.668
-6.905 -8.595
-19.472 -27.100
-18.993 -25.126
-16.901 -23.255
-14.915 -20.983
-14.042 -20.938
-11.794 -18.497
-11.241 -13.054
-11.192 -18.335
-10.670 -12.403
-10.484 -12.229
-10.183 -11.712
-9.917 -11.696
-9.619 -11.168
-9.542 -11.437
-9.523 -15.969
-9.463 -16.555
-9.427 -11.088
-8.983 -10.833
-8.869 -10.461
-8.794 -10.661
-8.674 -12.543
-8.614 -13.206
-8.491 -10.172
-8.418 -10.293
-8.226 -15.588
-8.085 -9.824
-7.940 -9.598
-7.897 -9.637
-7.863 -9.783
-7.744 -9.395
-7.382 -9.057
-7.338 -9.096
-7.309 -9.270
-7.152 -13.917
-7.128 -9.141
-6.972 -8.754
-6.915 -8.898
-6.817 -13.832
-6.660 -8.540
-6.530 -13.754
-6.237 -8.040
-6.224 -8.065
-6.211 -8.066
-6.183 -8.040
-6.059 -11.601
-5.940 -12.725
-5.897 -7.762
-5.878 -7.719
-5.556 -7.481
-5.534 -7.489
-5.491 -7.630
-5.483 -7.603
-5.475 -7.581
-5.445 -7.542
-5.440 -7.550
-5.429 -7.510
-5.191 -7.119
-5.164 -7.115
-4.778 -11.205
-4.758 -11.607
-4.507 -6.376
-4.476 -6.162
-4.469 -6.135
-4.462 -6.394
-4.455 -6.276
-4.443 -6.387
-4.411 -6.397
-4.395 -6.534
-4.387 -6.457
-4.379 -6.445
-4.351 -6.503
-4.333 -6.362
-6.831 -8.999
-6.824 -8.988
-6.817 -10.866
-6.811 -10.600
-6.573 -8.469
-6.532 -13.333
-6.474 -8.626
-6.102 -8.184
-6.093 -8.156
-6.061 -11.641
-5.942 -12.850
-5.835 -7.759
-5.810 -7.614
-5.798 -7.645
-5.781 -7.597
-5.731 -7.820
-5.717 -7.739
-5.472 -7.372
-5.453 -7.382
-5.395 -7.251
-5.367 -7.234
-5.089 -6.889
-5.065 -6.859
-4.789 -10.507
-4.764 -11.271
-4.739 -6.785
-4.734 -6.895
-4.703 -6.587
-4.680 -6.915
-4.654 -6.821
-4.643 -6.796
-4.371 -6.300
-4.335 -6.202
-4.320 -6.192
-4.286 -6.167
-4.012 -5.798
-6.906 -8.902
-6.896 -8.847
-6.818 -13.804
-6.567 -8.586
-6.556 -8.583
-6.548 -8.628
-6.542 -8.652
-6.529 -13.564
-6.298 -8.233
-6.280 -8.269
-6.060 -11.627
-5.937 -12.879
-5.916 -7.684
-5.900 -7.654
-5.870 -7.641
-5.867 -7.651
-5.548 -7.319
-5.543 -7.328
-5.535 -7.308
-5.505 -7.284
-5.488 -7.310
-5.446 -7.251
-5.199 -7.104
-5.188 -7.110
-5.176 -7.094
-5.146 -7.135
-4.776 -11.290
-4.758 -11.475
-4.425 -6.295
-4.415 -6.279
-4.391 -6.272
-4.372 -6.256
-4.086 -5.973
-4.083 -5.956
-4.056 -5.928
-4.026 -5.904
-6.831 -8.999
-6.824 -8.988
-6.817 -10.866
-6.811 -10.600
-6.573 -8.469
-6.532 -13.333
-6.474 -8.626
-6.102 -8.184
-6.093 -8.157
-6.061 -11.641
-5.942 -12.850
-5.835 -7.759
-5.810 -7.614
-5.798 -7.645
-5.781 -7.597
-5.731 -7.821
-5.717 -7.740
-5.472 -7.372
-5.453 -7.382
-5.395 -7.251
-5.367 -7.233
-5.089 -6.889
-5.065 -6.859
-4.789 -10.507
-4.764 -11.271
-4.739 -6.785
-4.734 -6.895
-4.703 -6.588
-4.680 -6.915
-4.654 -6.821
-4.643 -6.796
-4.371 -6.300
-4.335 -6.202
-4.320 -6.192
-4.286 -6.167
-4.012 -5.798
-6.920 -8.618
-6.818 -13.750
-6.712 -8.595
-6.677 -8.473
-6.583 -8.486
-6.527 -13.674
-6.491 -8.572
-6.474 -8.503
-6.068 -10.960
-6.031 -8.927
-5.930 -12.668
-5.755 -7.826
-5.616 -7.454
-5.583 -7.438
-5.477 -7.261
-5.464 -7.272
-5.409 -7.490
-5.396 -7.348
-5.373 -7.392
-5.123 -7.051
-5.095 -7.048
-4.929 -6.964
-4.866 -7.003
-4.833 -6.992
-4.777 -10.968
-4.759 -11.417
-4.733 -6.667
-4.575 -6.524
-4.547 -6.522
-4.404 -6.149
-4.377 -6.256
-4.327 -6.513
-4.310 -6.465
-4.043 -5.874
-4.039 -5.897
-4.002 -5.905
-6.828 -8.546
-6.818 -13.807
-6.758 -8.771
-6.531 -13.638
-6.504 -8.431
-6.415 -8.306
-6.281 -8.031
-6.232 -8.072
-6.209 -8.235
-6.094 -7.874
-6.062 -11.571
-5.962 -9.932
-5.924 -10.425
-5.857 -7.879
-5.762 -7.683
-5.715 -7.544
-5.670 -7.769
-5.657 -7.738
-5.327 -7.180
-5.214 -7.103
-5.168 -6.993
-5.116 -7.238
-4.944 -7.104
-4.850 -7.038
-4.795 -8.443
-4.763 -10.532
-4.754 -9.851
-4.663 -6.480
-4.634 -6.451
-4.602 -6.481
-4.299 -6.225
-4.260 -6.134
-4.134 -6.024
-4.085 -5.940
-3.971 -5.808
-3.945 -5.739
-6.819 -13.771
-6.713 -8.529
-6.681 -8.468
-6.565 -8.357
-6.543 -8.280
-6.530 -13.594
-6.382 -8.142
-6.347 -8.062
-6.313 -8.365
-6.286 -8.319
-6.228 -8.158
-6.204 -8.256
-6.058 -11.575
-5.935 -12.914
-5.673 -7.586
-5.649 -7.624
-5.436 -7.302
-5.404 -7.330
-5.398 -7.397
-5.385 -7.499
-5.293 -7.085
-5.249 -7.016
-5.072 -6.936
-5.040 -6.917
-4.889 -6.770
-4.849 -6.982
-4.777 -10.993
-4.758 -11.372
-4.685 -6.872
-4.658 -6.828
-4.575 -6.503
-4.543 -6.549
-4.394 -6.203
-4.366 -6.149
-3.830 -5.698
-3.792 -5.676
-6.827 -8.767
-6.818 -13.505
-6.760 -8.783
-6.531 -13.663
-6.504 -8.416
-6.415 -8.301
-6.277 -8.024
-6.235 -8.069
-6.207 -8.244
-6.094 -7.868
-6.062 -11.571
-5.962 -9.951
-5.924 -10.421
-5.858 -7.870
-5.762 -7.676
-5.715 -7.572
-5.667 -7.767
-5.657 -7.716
-5.323 -7.179
-5.216 -7.100
-5.168 -6.992
-5.119 -7.249
-4.943 -7.101
-4.850 -7.038
-4.794 -8.380
-4.769 -10.922
-4.747 -9.547
-4.657 -6.474
-4.647 -6.466
-4.598 -6.484
-4.300 -6.228
-4.261 -6.129
-4.134 -6.019
-4.089 -5.949
-3.978 -5.801
-3.933 -5.739
-7.049 -8.827
-6.984 -8.770
-6.816 -13.800
-6.528 -13.742
-6.394 -8.320
-6.388 -8.271
-6.367 -8.130
-6.360 -8.116
-6.353 -8.135
-6.345 -8.104
-6.296 -8.124
-6.243 -8.043
-6.058 -11.613
-5.933 -13.012
-5.234 -7.386
-5.206 -7.359
-5.174 -7.278
-5.146 -7.246
-4.925 -6.881
-4.919 -6.853
-4.917 -6.855
-4.907 -6.916
-4.880 -6.798
-4.865 -6.859
-4.849 -6.861
-4.811 -8.214
-4.761 -11.211
-4.736 -9.299
-4.469 -6.628
-4.467 -6.624
-4.233 -6.037
-4.203 -5.978
-4.195 -6.048
-4.185 -6.096
-4.143 -6.157
-4.141 -5.860
-6.818 -13.828
-6.584 -8.656
-6.555 -8.609
-6.552 -8.695
-6.531 -12.624
-6.519 -9.205
-6.304 -8.261
-6.299 -8.189
-6.241 -8.090
-6.224 -8.053
-6.212 -8.057
-6.152 -8.125
-6.056 -11.492
-5.933 -12.929
-5.567 -7.427
-5.562 -7.439
-5.551 -7.395
-5.536 -7.328
-5.522 -7.302
-5.508 -7.295
-5.481 -7.330
-5.417 -7.242
-4.779 -11.248
-4.759 -11.609
-4.408 -6.598
-4.399 -6.580
-4.357 -6.555
-4.348 -6.525
-4.119 -6.028
-4.117 -6.022
-4.102 -6.015
-4.095 -5.989
-4.089 -6.000
-4.062 -5.950
-4.047 -5.929
-3.994 -5.891
-6.821 -13.724
-6.743 -8.546
-6.728 -8.446
-6.717 -8.447
-6.658 -8.329
-6.528 -13.722
-6.073 -11.094
-6.031 -7.964
-6.023 -8.201
-6.021 -9.079
-6.011 -7.955
-5.964 -8.169
-5.955 -8.202
-5.944 -8.114
-5.897 -10.271
-5.866 -8.015
-5.565 -7.681
-5.562 -7.669
-5.536 -7.627
-5.532 -7.625
-5.242 -7.095
-5.233 -7.089
-5.212 -7.047
-5.147 -7.015
-4.778 -11.269
-4.759 -11.565
-4.567 -6.401
-4.546 -6.363
-4.522 -6.341
-4.512 -6.304
-4.120 -6.304
-4.115 -6.282
-4.106 -6.313
-4.101 -6.280
-3.845 -5.776
-3.840 -5.769
-6.818 -13.828
-6.584 -8.656
-6.555 -8.609
-6.552 -8.695
-6.531 -12.625
-6.519 -9.206
-6.304 -8.261
-6.299 -8.189
-6.241 -8.090
-6.224 -8.053
-6.212 -8.057
-6.152 -8.125
-6.056 -11.492
-5.933 -12.929
-5.567 -7.427
-5.562 -7.439
-5.551 -7.395
-5.536 -7.328
-5.522 -7.302
-5.508 -7.295
-5.481 -7.330
-5.417 -7.242
-4.779 -11.248
-4.759 -11.609
-4.408 -6.598
-4.399 -6.581
-4.357 -6.556
-4.348 -6.525
-4.119 -6.028
-4.117 -6.022
-4.102 -6.015
-4.095 -5.989
-4.089 -6.000
-4.062 -5.949
-4.047 -5.929
-3.994 -5.891
-6.920 -8.618
-6.818 -13.750
-6.712 -8.595
-6.677 -8.473
-6.583 -8.486
-6.527 -13.674
-6.491 -8.572
-6.474 -8.503
-6.068 -10.960
-6.031 -8.927
-5.930 -12.668
-5.755 -7.825
-5.616 -7.454
-5.583 -7.437
-5.477 -7.261
-5.464 -7.272
-5.409 -7.490
-5.396 -7.348
-5.373 -7.392
-5.123 -7.051
-5.095 -7.048
-4.929 -6.964
-4.866 -7.003
-4.833 -6.992
-4.777 -10.968
-4.759 -11.417
-4.733 -6.667
-4.575 -6.524
-4.547 -6.522
-4.404 -6.149
-4.377 -6.256
-4.327 -6.513
-4.310 -6.465
-4.043 -5.874
-4.039 -5.897
-4.002 -5.905
-6.827 -8.767
-6.818 -13.505
-6.760 -8.783
-6.531 -13.663
-6.504 -8.416
-6.415 -8.301
-6.277 -8.024
-6.235 -8.069
-6.207 -8.244
-6.094 -7.868
-6.062 -11.571
-5.962 -9.951
-5.924 -10.421
-5.858 -7.870
-5.762 -7.676
-5.715 -7.572
-5.667 -7.767
-5.657 -7.716
-5.323 -7.179
-5.216 -7.100
-5.168 -6.992
-5.119 -7.248
-4.943 -7.101
-4.850 -7.038
-4.794 -8.380
-4.769 -10.922
-4.747 -9.548
-4.657 -6.475
-4.647 -6.466
-4.598 -6.484
-4.300 -6.228
-4.261 -6.129
-4.134 -6.019
-4.089 -5.949
-3.978 -5.801
-3.933 -5.738
-6.819 -13.771
-6.713 -8.529
-6.681 -8.468
-6.565 -8.357
-6.543 -8.280
-6.530 -13.594
-6.382 -8.142
-6.347 -8.062
-6.313 -8.364
-6.286 -8.319
-6.228 -8.158
-6.204 -8.256
-6.058 -11.575
-5.935 -12.914
-5.673 -7.586
-5.649 -7.624
-5.436 -7.302
-5.404 -7.330
-5.398 -7.397
-5.385 -7.499
-5.293 -7.085
-5.249 -7.016
-5.072 -6.936
-5.040 -6.917
-4.889 -6.770
-4.849 -6.982
-4.777 -10.993
-4.758 -11.373
-4.685 -6.873
-4.658 -6.828
-4.575 -6.503
-4.543 -6.549
-4.394 -6.203
-4.366 -6.148
-3.830 -5.698
-3.792 -5.676
-6.828 -8.546
-6.818 -13.807
-6.758 -8.772
-6.531 -13.638
-6.504 -8.431
-6.415 -8.306
-6.281 -8.031
-6.232 -8.072
-6.209 -8.235
-6.094 -7.874
-6.062 -11.571
-5.962 -9.932
-5.924 -10.426
-5.857 -7.879
-5.762 -7.683
-5.715 -7.545
-5.670 -7.769
-5.657 -7.737
-5.327 -7.180
-5.214 -7.103
-5.168 -6.993
-5.116 -7.239
-4.944 -7.104
-4.850 -7.038
-4.795 -8.442
-4.763 -10.532
-4.754 -9.851
-4.663 -6.480
-4.634 -6.451
-4.602 -6.481
-4.299 -6.225
-4.260 -6.134
-4.134 -6.024
-4.085 -5.940
-3.971 -5.808
-3.945 -5.739
-4.114 -6.003
-4.110 -5.936
-4.093 -6.025
-4.091 -6.009
-4.040 -5.965
-3.417 -5.167
-3.413 -5.159
-3.363 -5.274
-3.362 -5.261
-3.184 -5.099
-3.180 -5.146
-3.164 -5.041
-3.085 -7.099
-3.044 -4.892
-2.981 -6.824
-2.789 -8.426
-2.705 -4.456
-2.677 -4.450
-2.627 -4.421
-2.622 -4.443
-2.594 -4.401
-2.402 -4.376
-2.388 -4.365
-2.169 -4.091
-2.149 -4.072
-1.673 -3.453
-1.665 -3.442
-1.654 -3.461
-1.635 -3.577
-1.626 -3.437
-1.615 -3.541
-1.510 -3.673
-1.502 -3.618
-1.287 -2.879
-1.257 -3.553
-1.253 -3.548
-3.944 -6.163
-3.828 -5.718
-3.800 -5.701
-3.443 -5.280
-3.414 -5.234
-3.319 -5.163
-3.310 -5.209
-3.293 -5.219
-3.268 -5.133
-3.251 -5.192
-3.056 -8.506
-2.972 -4.795
-2.952 -4.812
-2.913 -5.434
-2.871 -5.158
-2.866 -5.118
-2.789 -8.426
-2.640 -4.879
-2.633 -4.869
-2.260 -4.016
-2.241 -4.013
-2.173 -4.147
-2.161 -4.120
-2.089 -3.921
-2.065 -3.914
-2.035 -3.867
-1.931 -3.779
-1.904 -3.752
-1.889 -3.705
-1.560 -3.836
-1.551 -3.824
-1.367 -3.213
-1.341 -3.200
-1.328 -3.171
-1.312 -3.183
-1.305 -3.162
-3.761 -5.550
-3.740 -5.588
-3.693 -5.956
-3.677 -5.881
-3.663 -5.908
-3.651 -5.888
-3.431 -5.393
-3.392 -5.357
-3.043 -9.383
-2.790 -8.418
-2.733 -4.590
-2.720 -4.586
-2.707 -4.506
-2.700 -4.465
-2.687 -4.458
-2.673 -4.498
-2.649 -4.486
-2.642 -4.498
-2.421 -4.384
-2.413 -4.398
-2.396 -4.360
-2.358 -4.340
-2.215 -4.492
-2.197 -4.464
-1.811 -3.666
-1.795 -3.623
-1.777 -3.604
-1.749 -3.611
-1.276 -3.587
-1.268 -3.554
-1.259 -3.560
-1.256 -3.575
-1.187 -2.992
-1.182 -3.009
-1.098 -3.257
-1.091 -3.140
-3.944 -6.163
-3.828 -5.718
-3.800 -5.700
-3.443 -5.280
-3.414 -5.234
-3.319 -5.163
-3.310 -5.209
-3.293 -5.219
-3.268 -5.133
-3.251 -5.192
-3.056 -8.506
-2.972 -4.795
-2.952 -4.812
-2.913 -5.434
-2.871 -5.158
-2.866 -5.118
-2.789 -8.426
-2.640 -4.879
-2.633 -4.869
-2.260 -4.016
-2.241 -4.013
-2.173 -4.147
-2.161 -4.120
-2.089 -3.921
-2.065 -3.913
-2.035 -3.867
-1.931 -3.779
-1.904 -3.752
-1.889 -3.705
-1.560 -3.836
-1.551 -3.824
-1.367 -3.213
-1.341 -3.200
-1.328 -3.171
-1.312 -3.183
-1.305 -3.162
-3.867 -5.604
-3.830 -5.737
-3.792 -6.005
-3.755 -5.991
-3.521 -5.436
-3.508 -5.344
-3.490 -5.422
-3.321 -5.272
-3.306 -5.224
-3.278 -5.112
-3.230 -5.075
-3.117 -5.126
-3.067 -5.359
-3.026 -9.177
-2.825 -4.565
-2.789 -8.424
-2.772 -4.693
-2.636 -4.394
-2.611 -4.427
-2.588 -4.437
-2.540 -4.329
-2.438 -4.216
-2.232 -4.521
-2.202 -4.495
-2.169 -4.094
-2.108 -3.867
-2.076 -3.849
-2.008 -3.796
-1.911 -3.731
-1.876 -3.726
-1.676 -3.930
-1.663 -3.899
-1.565 -3.450
-1.540 -3.431
-1.499 -3.466
-1.423 -3.228
-3.877 -6.111
-3.763 -5.686
-3.720 -5.595
-3.542 -5.794
-3.516 -5.737
-3.419 -5.227
-3.339 -5.590
-3.254 -5.155
-3.240 -5.122
-3.224 -5.236
-3.163 -5.149
-3.026 -8.962
-2.983 -5.304
-2.895 -4.759
-2.799 -4.881
-2.789 -8.350
-2.733 -4.603
-2.718 -4.628
-2.695 -4.538
-2.470 -4.302
-2.368 -4.210
-2.356 -4.151
-2.299 -4.166
-2.279 -4.539
-2.170 -4.342
-2.116 -3.936
-1.970 -3.799
-1.947 -3.798
-1.845 -3.615
-1.693 -3.504
-1.475 -3.328
-1.407 -3.650
-1.338 -3.136
-1.316 -3.142
-1.246 -3.083
-1.196 -3.152
-3.724 -5.566
-3.691 -5.485
-3.689 -5.502
-3.657 -5.478
-3.366 -5.325
-3.330 -5.288
-3.164 -5.036
-3.155 -5.304
-3.078 -6.029
-3.070 -5.501
-2.992 -7.234
-2.926 -4.816
-2.895 -4.849
-2.841 -4.805
-2.798 -4.844
-2.790 -8.406
-2.745 -5.012
-2.737 -5.001
-2.440 -4.634
-2.413 -4.579
-2.154 -4.413
-2.136 -4.380
-2.111 -3.871
-2.089 -3.902
-2.051 -3.867
-2.025 -3.867
-1.954 -3.883
-1.932 -3.811
-1.624 -3.892
-1.605 -3.856
-1.439 -3.275
-1.402 -3.232
-1.381 -3.212
-1.371 -3.241
-1.116 -2.908
-1.113 -2.931
-3.877 -6.108
-3.763 -5.684
-3.722 -5.599
-3.545 -5.792
-3.515 -5.735
-3.417 -5.224
-3.338 -5.594
-3.249 -5.217
-3.241 -5.053
-3.225 -5.233
-3.170 -5.107
-3.028 -9.076
-2.984 -5.257
-2.894 -4.754
-2.804 -4.864
-2.789 -8.382
-2.730 -4.595
-2.722 -4.614
-2.687 -4.562
-2.464 -4.294
-2.374 -4.211
-2.353 -4.151
-2.296 -4.267
-2.277 -4.451
-2.158 -4.338
-2.116 -3.927
-1.976 -3.810
-1.944 -3.789
-1.842 -3.612
-1.697 -3.506
-1.477 -3.338
-1.410 -3.638
-1.339 -3.138
-1.319 -3.148
-1.248 -3.085
-1.182 -3.108
-3.852 -5.630
-3.817 -5.613
-3.478 -5.327
-3.471 -5.315
-3.178 -5.423
-3.175 -5.405
-3.165 -5.425
-3.149 -5.484
-3.062 -5.324
-3.057 -5.320
-3.038 -8.224
-3.025 -5.511
-3.012 -5.912
-2.950 -4.859
-2.892 -4.836
-2.789 -8.424
-2.698 -4.671
-2.690 -4.639
-2.682 -4.661
-2.653 -4.598
-2.446 -4.207
-2.438 -4.189
-2.431 -4.179
-2.388 -4.160
-2.367 -4.222
-2.350 -4.150
-2.322 -4.239
-2.308 -4.090
-2.067 -3.995
-2.059 -3.993
-1.887 -3.697
-1.869 -3.693
-1.844 -3.633
-1.831 -3.621
-1.765 -3.556
-1.726 -3.492
-3.764 -5.553
-3.734 -5.600
-3.703 -5.942
-3.679 -5.921
-3.669 -5.886
-3.642 -5.865
-3.436 -5.339
-3.430 -5.386
-3.417 -5.187
-3.393 -5.239
-3.361 -5.136
-3.346 -5.394
-3.064 -7.195
-3.053 -4.957
-2.978 -6.682
-2.789 -8.426
-2.722 -4.583
-2.699 -4.559
-2.687 -4.531
-2.667 -4.506
-2.210 -4.436
-2.209 -4.433
-2.161 -4.096
-2.136 -4.067
-1.805 -3.656
-1.792 -3.618
-1.783 -3.612
-1.764 -3.592
-1.671 -3.460
-1.663 -3.436
-1.655 -3.447
-1.635 -3.527
-1.629 -3.536
-1.594 -3.446
-1.518 -3.683
-1.515 -3.682
-3.828 -5.763
-3.810 -5.749
-3.503 -5.287
-3.493 -5.272
-3.485 -5.243
-3.453 -5.292
-3.316 -5.206
-3.303 -5.184
-3.296 -5.197
-3.251 -5.226
-3.170 -5.124
-3.164 -5.141
-3.157 -5.108
-3.109 -5.855
-3.000 -8.386
-2.917 -4.751
-2.904 -4.739
-2.893 -4.739
-2.826 -4.656
-2.790 -8.425
-1.977 -4.273
-1.969 -4.256
-1.929 -4.186
-1.894 -4.118
-1.594 -3.440
-1.578 -3.428
-1.569 -3.419
-1.543 -3.508
-1.533 -3.512
-1.527 -3.528
-1.521 -3.482
-1.488 -3.364
-1.089 -3.125
-1.079 -4.322
-1.064 -3.258
-1.054 -3.143
-3.764 -5.553
-3.734 -5.600
-3.703 -5.942
-3.679 -5.921
-3.669 -5.886
-3.642 -5.865
-3.436 -5.339
-3.430 -5.386
-3.417 -5.188
-3.393 -5.239
-3.361 -5.136
-3.346 -5.394
-3.064 -7.195
-3.053 -4.957
-2.978 -6.682
-2.789 -8.426
-2.722 -4.582
-2.699 -4.559
-2.687 -4.531
-2.667 -4.506
-2.210 -4.436
-2.209 -4.433
-2.161 -4.096
-2.136 -4.067
-1.805 -3.656
-1.792 -3.618
-1.783 -3.612
-1.764 -3.592
-1.671 -3.460
-1.663 -3.435
-1.655 -3.447
-1.635 -3.527
-1.629 -3.535
-1.594 -3.446
-1.518 -3.683
-1.515 -3.682
-3.867 -5.604
-3.830 -5.738
-3.792 -6.005
-3.755 -5.991
-3.521 -5.436
-3.508 -5.344
-3.490 -5.422
-3.321 -5.272
-3.306 -5.224
-3.278 -5.111
-3.230 -5.075
-3.117 -5.126
-3.067 -5.359
-3.026 -9.177
-2.825 -4.565
-2.789 -8.424
-2.772 -4.693
-2.636 -4.394
-2.611 -4.427
-2.588 -4.437
-2.540 -4.329
-2.438 -4.216
-2.232 -4.521
-2.202 -4.495
-2.169 -4.094
-2.108 -3.867
-2.076 -3.849
-2.008 -3.796
-1.911 -3.731
-1.876 -3.726
-1.676 -3.930
-1.663 -3.899
-1.565 -3.450
-1.540 -3.431
-1.499 -3.466
-1.423 -3.228
-3.877 -6.108
-3.763 -5.684
-3.722 -5.599
-3.545 -5.792
-3.515 -5.735
-3.417 -5.224
-3.338 -5.595
-3.249 -5.217
-3.241 -5.053
-3.225 -5.233
-3.170 -5.108
-3.028 -9.076
-2.984 -5.257
-2.894 -4.754
-2.804 -4.864
-2.789 -8.382
-2.730 -4.595
-2.722 -4.614
-2.687 -4.562
-2.464 -4.294
-2.374 -4.211
-2.353 -4.151
-2.296 -4.267
-2.277 -4.451
-2.158 -4.338
-2.116 -3.927
-1.976 -3.810
-1.944 -3.789
-1.842 -3.612
-1.697 -3.505
-1.477 -3.338
-1.410 -3.638
-1.339 -3.138
-1.319 -3.148
-1.248 -3.086
-1.182 -3.108
-3.724 -5.566
-3.691 -5.485
-3.689 -5.502
-3.657 -5.478
-3.366 -5.325
-3.330 -5.289
-3.164 -5.036
-3.155 -5.304
-3.078 -6.029
-3.070 -5.501
-2.992 -7.234
-2.926 -4.816
-2.895 -4.849
-2.841 -4.805
-2.798 -4.844
-2.790 -8.406
-2.745 -5.012
-2.737 -5.001
-2.440 -4.634
-2.413 -4.579
-2.154 -4.413
-2.136 -4.379
-2.111 -3.871
-2.089 -3.902
-2.051 -3.867
-2.025 -3.867
-1.954 -3.883
-1.932 -3.811
-1.624 -3.892
-1.605 -3.856
-1.439 -3.275
-1.402 -3.232
-1.381 -3.212
-1.371 -3.241
-1.116 -2.908
-1.113 -2.931
-3.877 -6.110
-3.763 -5.685
-3.720 -5.595
-3.542 -5.794
-3.516 -5.737
-3.419 -5.227
-3.339 -5.590
-3.254 -5.155
-3.240 -5.122
-3.224 -5.236
-3.163 -5.149
-3.026 -8.962
-2.983 -5.304
-2.895 -4.758
-2.799 -4.881
-2.789 -8.350
-2.733 -4.603
-2.718 -4.628
-2.695 -4.538
-2.470 -4.303
-2.368 -4.210
-2.356 -4.150
-2.299 -4.166
-2.279 -4.539
-2.170 -4.342
-2.116 -3.936
-1.970 -3.799
-1.947 -3.798
-1.845 -3.615
-1.693 -3.504
-1.475 -3.328
-1.407 -3.650
-1.338 -3.136
-1.316 -3.142
-1.246 -3.083
-1.196 -3.152
-1.082 -3.444
-1.062 -3.269
-1.029 -6.640
-0.850 -2.638
-0.835 -2.648
-0.813 -2.631
-0.699 -2.553
-0.682 -2.571
-0.674 -2.574
-0.652 -2.487
-0.645 -2.525
-0.279 -1.822
-0.268 -1.892
-0.224 -1.882
-0.214 -1.792
-0.139 -2.253
-0.108 -2.215
-0.102 -2.091
-0.091 -2.143
-0.022 -1.807
-0.010 -1.819
0.052 -1.463
0.087 -1.444
0.337 -1.274
0.359 -1.282
0.438 -1.419
0.464 -1.268
0.550 -1.021
0.585 -1.061
0.854 -0.713
0.892 -0.697
0.900 -0.703
0.920 -0.666
1.104 -0.583
1.137 -0.580
1.235 -0.501
-1.198 -2.808
-1.043 -4.834
-1.028 -3.083
-1.003 -4.459
-0.989 -2.816
-0.961 -3.026
-0.572 -2.401
-0.547 -2.381
-0.545 -2.453
-0.528 -2.367
-0.491 -2.086
-0.370 -2.498
-0.193 -1.712
-0.145 -1.655
-0.060 -1.785
-0.052 -1.761
0.007 -1.788
0.025 -1.767
0.048 -1.682
0.065 -1.678
0.163 -1.803
0.173 -1.761
0.260 -1.486
0.274 -1.380
0.312 -1.412
0.362 -1.326
0.376 -1.333
0.512 -1.334
0.523 -1.310
0.622 -1.021
0.671 -1.395
0.682 -1.334
0.728 -1.060
0.944 -0.679
0.960 -0.687
1.002 -0.785
-1.072 -3.303
-1.069 -3.173
-1.061 -3.290
-1.055 -3.681
-1.035 -3.834
-1.026 -3.887
-0.975 -3.626
-0.951 -2.509
-0.911 -2.669
-0.801 -2.496
-0.771 -2.500
-0.265 -1.989
-0.223 -1.795
-0.218 -1.869
-0.210 -1.773
-0.050 -1.730
-0.034 -1.751
-0.018 -1.852
-0.008 -1.808
0.026 -1.524
0.043 -1.512
0.061 -1.456
0.121 -1.407
0.296 -1.420
0.308 -1.335
0.324 -1.347
0.350 -1.271
0.369 -1.315
0.377 -1.245
0.489 -1.143
0.498 -1.130
0.505 -1.117
0.571 -1.071
0.886 -0.936
0.894 -0.911
0.916 -0.875
-1.198 -2.808
-1.043 -4.834
-1.028 -3.083
-1.003 -4.459
-0.989 -2.816
-0.961 -3.026
-0.572 -2.401
-0.547 -2.381
-0.545 -2.453
-0.528 -2.367
-0.491 -2.086
-0.370 -2.498
-0.193 -1.712
-0.145 -1.655
-0.060 -1.785
-0.052 -1.761
0.007 -1.788
0.025 -1.767
0.048 -1.682
0.065 -1.678
0.163 -1.804
0.173 -1.761
0.260 -1.486
0.274 -1.380
0.312 -1.412
0.362 -1.326
0.376 -1.333
0.512 -1.334
0.523 -1.310
0.622 -1.021
0.671 -1.395
0.682 -1.334
0.728 -1.059
0.944 -0.679
0.960 -0.688
1.002 -0.785
-1.224 -2.812
-1.181 -2.933
-1.133 -2.926
-1.047 -5.965
-0.995 -2.784
-0.963 -2.768
-0.939 -3.483
-0.777 -2.553
-0.700 -2.331
-0.656 -2.394
-0.596 -2.486
-0.495 -2.217
-0.462 -2.170
-0.362 -2.363
-0.354 -2.167
-0.182 -1.885
-0.049 -2.197
0.069 -1.961
0.114 -1.399
0.144 -1.389
0.234 -1.564
0.296 -1.236
0.332 -1.411
0.366 -1.399
0.450 -1.519
0.541 -1.018
0.559 -1.016
0.595 -1.034
0.652 -0.958
0.795 -0.848
0.874 -0.814
0.917 -0.799
0.960 -0.670
0.985 -0.572
1.014 -0.743
1.156 -0.688
-1.148 -2.934
-1.134 -2.850
-1.033 -6.380
-0.969 -2.890
-0.943 -2.839
-0.895 -2.913
-0.778 -2.896
-0.762 -2.629
-0.725 -2.537
-0.671 -2.426
-0.601 -2.174
-0.527 -2.564
-0.435 -1.941
-0.307 -2.420
-0.266 -2.089
-0.212 -1.920
-0.182 -1.825
-0.015 -1.657
0.017 -1.712
0.072 -1.480
0.140 -1.990
0.214 -1.828
0.243 -1.490
0.288 -1.457
0.319 -1.274
0.356 -1.242
0.444 -1.297
0.512 -1.175
0.689 -0.911
0.780 -1.002
0.825 -1.145
0.871 -0.842
1.100 -0.643
1.125 -0.584
1.177 -0.521
1.195 -0.433
-1.032 -6.756
-0.887 -2.439
-0.859 -2.462
-0.745 -2.520
-0.737 -2.523
-0.726 -2.529
-0.700 -2.517
-0.617 -2.389
-0.613 -2.349
-0.570 -2.620
-0.557 -2.579
-0.448 -2.070
-0.430 -2.047
-0.363 -1.872
-0.325 -1.884
-0.243 -1.896
-0.227 -1.999
-0.212 -1.950
-0.184 -2.054
-0.091 -1.947
-0.052 -1.912
0.010 -1.920
0.026 -1.859
0.044 -1.898
0.071 -1.769
0.364 -1.373
0.401 -1.363
0.506 -1.526
0.531 -1.466
0.555 -1.205
0.572 -1.155
0.806 -0.901
0.835 -0.762
0.848 -0.711
0.855 -0.875
0.879 -0.669
-1.148 -2.896
-1.128 -2.926
-1.034 -6.281
-0.969 -3.013
-0.944 -2.903
-0.903 -2.817
-0.784 -2.906
-0.758 -2.611
-0.729 -2.539
-0.681 -2.499
-0.601 -2.171
-0.535 -2.571
-0.432 -1.941
-0.307 -2.430
-0.267 -2.073
-0.212 -1.897
-0.180 -1.856
-0.014 -1.631
0.027 -1.729
0.072 -1.472
0.146 -1.990
0.215 -1.851
0.240 -1.470
0.285 -1.470
0.328 -1.249
0.346 -1.271
0.445 -1.278
0.513 -1.168
0.688 -0.923
0.780 -0.998
0.825 -1.160
0.877 -0.818
1.103 -0.639
1.122 -0.598
1.159 -0.511
1.197 -0.505
-1.715 -3.488
-1.674 -3.337
-1.059 -4.696
-1.025 -2.786
-0.987 -4.416
-0.872 -2.663
-0.832 -2.716
-0.615 -2.326
-0.589 -2.316
-0.513 -2.230
-0.495 -2.281
-0.454 -2.250
-0.445 -2.209
-0.439 -2.319
-0.397 -2.248
-0.245 -1.902
-0.240 -1.947
-0.226 -1.903
-0.195 -1.891
-0.019 -1.742
0.006 -1.658
0.283 -1.237
0.302 -1.195
0.311 -1.176
0.358 -1.161
0.454 -1.274
0.477 -1.266
0.681 -1.086
0.715 -1.021
1.194 -0.877
1.212 -0.843
1.487 0.088
1.525 -0.133
1.529 -0.194
1.538 -0.108
1.554 -0.197
-1.202 -3.022
-1.184 -3.014
-1.085 -2.924
-1.064 -4.099
-1.056 -3.000
-1.037 -3.479
-1.015 -4.249
-0.939 -2.581
-0.920 -2.764
-0.792 -2.490
-0.756 -2.595
-0.695 -2.518
-0.657 -2.428
-0.253 -1.755
-0.238 -1.779
-0.139 -2.278
-0.119 -2.243
-0.101 -2.182
-0.071 -2.158
0.308 -1.438
0.320 -1.433
0.439 -1.336
0.457 -1.382
0.482 -1.142
0.502 -1.141
0.514 -1.110
0.547 -1.071
0.578 -0.974
0.603 -1.076
0.853 -0.756
0.867 -0.788
0.884 -0.808
0.896 -0.775
0.898 -0.853
0.923 -0.796
0.932 -0.814
-1.006 -4.955
-0.961 -2.760
-0.938 -2.748
-0.926 -2.793
-0.916 -2.814
-0.900 -2.787
-0.882 -2.710
-0.880 -2.678
-0.833 -2.847
-0.699 -2.265
-0.686 -2.243
-0.663 -2.183
-0.636 -2.206
-0.552 -2.190
-0.538 -2.184
-0.525 -2.136
-0.472 -2.170
-0.188 -1.896
-0.154 -1.891
-0.134 -1.824
-0.126 -1.824
-0.007 -2.075
0.009 -2.061
0.013 -2.020
0.042 -2.056
0.537 -1.189
0.544 -1.197
0.558 -1.169
0.620 -1.188
0.635 -1.219
0.649 -1.211
0.661 -1.182
0.704 -1.103
1.220 -0.405
1.236 -0.388
1.269 -0.382
-1.202 -3.022
-1.184 -3.014
-1.085 -2.924
-1.064 -4.099
-1.056 -3.000
-1.037 -3.479
-1.015 -4.249
-0.939 -2.581
-0.920 -2.764
-0.792 -2.490
-0.756 -2.595
-0.695 -2.518
-0.657 -2.428
-0.253 -1.755
-0.238 -1.779
-0.139 -2.279
-0.119 -2.243
-0.101 -2.182
-0.071 -2.158
0.308 -1.438
0.320 -1.433
0.439 -1.336
0.457 -1.382
0.482 -1.142
0.502 -1.141
0.514 -1.110
0.547 -1.071
0.578 -0.974
0.603 -1.076
0.853 -0.756
0.867 -0.788
0.884 -0.808
0.896 -0.775
0.898 -0.853
0.923 -0.796
0.932 -0.814
-1.224 -2.812
-1.181 -2.933
-1.133 -2.926
-1.047 -5.965
-0.995 -2.784
-0.963 -2.768
-0.939 -3.483
-0.777 -2.553
-0.700 -2.331
-0.656 -2.394
-0.596 -2.486
-0.495 -2.217
-0.462 -2.170
-0.362 -2.363
-0.354 -2.167
-0.182 -1.885
-0.049 -2.197
0.069 -1.960
0.114 -1.399
0.144 -1.389
0.234 -1.564
0.296 -1.236
0.332 -1.411
0.366 -1.399
0.450 -1.519
0.541 -1.018
0.559 -1.016
0.595 -1.034
0.652 -0.959
0.795 -0.848
0.874 -0.814
0.917 -0.799
0.960 -0.670
0.985 -0.572
1.014 -0.743
1.156 -0.688
-1.148 -2.896
-1.128 -2.926
-1.034 -6.281
-0.969 -3.013
-0.944 -2.903
-0.903 -2.817
-0.784 -2.906
-0.758 -2.611
-0.729 -2.539
-0.681 -2.499
-0.601 -2.171
-0.535 -2.571
-0.432 -1.941
-0.307 -2.429
-0.267 -2.073
-0.212 -1.897
-0.180 -1.856
-0.014 -1.631
0.027 -1.728
0.072 -1.472
0.146 -1.990
0.215 -1.851
0.240 -1.470
0.285 -1.470
0.328 -1.249
0.346 -1.271
0.445 -1.279
0.513 -1.168
0.688 -0.923
0.780 -0.998
0.825 -1.159
0.877 -0.818
1.103 -0.638
1.122 -0.598
1.159 -0.511
1.197 -0.505
-1.032 -6.756
-0.887 -2.439
-0.859 -2.462
-0.745 -2.519
-0.737 -2.523
-0.726 -2.529
-0.700 -2.517
-0.617 -2.389
-0.613 -2.349
-0.570 -2.620
-0.557 -2.579
-0.448 -2.070
-0.430 -2.047
-0.363 -1.872
-0.325 -1.884
-0.243 -1.896
-0.227 -2.000
-0.212 -1.950
-0.184 -2.054
-0.091 -1.947
-0.052 -1.912
0.010 -1.920
0.026 -1.859
0.044 -1.898
0.071 -1.769
0.364 -1.373
0.401 -1.363
0.506 -1.526
0.531 -1.466
0.555 -1.205
0.572 -1.155
0.806 -0.901
0.835 -0.762
0.848 -0.711
0.855 -0.875
0.879 -0.669
-1.148 -2.934
-1.134 -2.850
-1.033 -6.380
-0.969 -2.890
-0.943 -2.839
-0.895 -2.913
-0.778 -2.896
-0.762 -2.629
-0.725 -2.537
-0.671 -2.426
-0.601 -2.174
-0.527 -2.564
-0.435 -1.942
-0.307 -2.420
-0.266 -2.089
-0.212 -1.920
-0.182 -1.825
-0.015 -1.657
0.017 -1.712
0.072 -1.480
0.140 -1.990
0.214 -1.828
0.243 -1.490
0.288 -1.457
0.319 -1.274
0.356 -1.242
0.444 -1.297
0.512 -1.175
0.689 -0.911
0.780 -1.002
0.825 -1.145
0.871 -0.842
1.100 -0.643
1.125 -0.584
1.177 -0.521
1.195 -0.433
1.251 -0.414
1.280 0.108
1.320 -0.295
1.333 -0.254
1.339 -0.264
1.359 -0.229
1.428 -0.128
1.442 -0.097
1.465 -0.029
1.684 -0.244
1.705 -0.204
1.738 0.102
1.748 0.094
1.760 0.131
1.775 0.123
1.791 0.139
2.223 -0.260
2.231 1.066
2.309 1.048
2.314 0.762
2.343 0.785
2.358 0.695
2.372 0.756
2.478 1.827
2.519 1.038
2.551 1.090
2.712 1.185
2.724 1.273
2.727 0.949
2.731 1.202
2.738 1.128
2.748 0.852
2.777 0.980
2.823 1.585
2.828 1.235
2.843 1.499
1.043 -0.684
1.153 -0.414
1.185 -0.419
1.212 -0.391
1.346 -0.180
1.372 -0.203
1.383 -0.156
1.401 -0.047
1.430 -0.044
1.509 -0.190
1.530 -0.195
1.800 0.218
1.809 0.141
1.838 0.290
1.857 0.399
1.958 0.239
1.986 0.282
2.049 0.983
2.138 0.475
2.203 0.139
2.240 0.589
2.252 0.740
2.270 0.633
2.310 0.932
2.355 0.746
2.367 0.762
2.394 0.752
2.467 0.870
2.569 1.894
2.775 1.616
2.912 1.618
2.947 1.425
2.958 1.390
2.977 1.459
2.991 1.434
3.008 1.493
0.946 -0.852
1.101 -0.615
1.122 -0.613
1.143 -0.535
1.178 -0.491
1.628 0.603
1.648 0.459
1.684 -0.153
1.698 -0.090
1.706 -0.149
1.722 -0.101
1.729 0.034
1.740 0.090
1.752 0.073
1.779 0.109
1.910 0.408
1.935 0.414
2.047 0.060
2.058 0.120
2.062 0.093
2.077 0.138
2.214 -0.333
2.384 0.682
2.428 0.720
2.661 1.116
2.701 1.049
2.722 1.093
2.745 1.253
2.753 1.136
2.768 1.702
2.776 1.873
2.823 1.741
2.851 1.600
2.902 1.900
2.911 1.546
2.928 1.521
1.043 -0.684
1.153 -0.414
1.185 -0.419
1.212 -0.391
1.346 -0.180
1.372 -0.203
1.383 -0.156
1.401 -0.047
1.430 -0.044
1.509 -0.190
1.530 -0.195
1.800 0.218
1.809 0.141
1.838 0.290
1.857 0.399
1.958 0.239
1.986 0.283
2.049 0.983
2.138 0.475
2.203 0.139
2.240 0.589
2.252 0.740
2.270 0.633
2.310 0.932
2.355 0.746
2.367 0.762
2.394 0.752
2.467 0.870
2.569 1.894
2.775 1.616
2.912 1.618
2.947 1.426
2.958 1.390
2.977 1.460
2.991 1.434
3.008 1.493
1.336 0.040
1.360 -0.247
1.388 0.035
1.502 -0.033
1.634 -0.337
1.643 -0.299
1.731 -0.096
1.742 -0.027
1.752 -0.086
1.786 0.217
1.797 0.192
1.820 0.282
1.899 0.761
2.044 0.627
2.102 0.641
2.222 -0.314
2.285 0.339
2.304 0.388
2.333 0.594
2.400 0.745
2.440 0.676
2.474 0.865
2.506 1.784
2.614 0.985
2.640 1.036
2.666 0.990
2.674 1.017
2.696 1.107
2.733 1.108
2.762 1.245
2.776 1.145
2.794 1.229
2.803 1.247
2.814 1.258
2.840 1.146
2.866 1.379
1.210 -0.722
1.233 -0.476
1.279 -0.211
1.305 -0.352
1.327 -0.573
1.348 -0.213
1.424 -0.317
1.455 0.091
1.502 -0.004
1.686 -0.016
1.722 0.104
1.746 0.178
1.824 0.130
1.938 0.679
1.972 0.608
2.030 0.364
2.057 0.515
2.086 0.454
2.110 0.770
2.123 0.621
2.173 0.540
2.200 0.531
2.226 0.207
2.243 0.335
2.373 0.721
2.496 0.782
2.540 1.006
2.592 1.779
2.619 0.999
2.748 1.279
2.768 1.081
2.803 1.422
2.854 1.208
2.875 1.003
2.913 1.636
2.977 1.700
0.920 -0.690
1.030 -1.014
1.065 -0.959
1.316 -0.380
1.340 -0.362
1.559 -0.055
1.586 0.000
1.669 0.333
1.691 0.489
1.707 0.334
1.751 0.418
1.852 0.227
1.891 0.256
1.920 0.285
1.943 0.345
1.958 0.404
1.980 0.472
2.125 0.672
2.136 0.667
2.149 0.707
2.198 0.914
2.237 0.021
2.263 0.549
2.299 0.594
2.370 0.819
2.377 0.845
2.433 0.743
2.476 0.781
2.515 0.899
2.537 0.968
2.579 0.989
2.614 0.985
2.640 1.184
2.662 1.192
2.746 1.623
2.904 2.255
1.218 -0.627
1.228 -0.499
1.284 -0.202
1.306 -0.327
1.321 -0.551
1.355 -0.271
1.420 -0.252
1.462 -0.021
1.499 0.034
1.685 -0.018
1.708 0.044
1.755 0.223
1.823 0.133
1.942 0.671
1.974 0.654
2.031 0.354
2.063 0.537
2.079 0.492
2.107 0.623
2.125 0.661
2.174 0.557
2.199 0.484
2.231 0.402
2.239 0.230
2.369 0.712
2.493 0.775
2.539 1.017
2.590 1.745
2.622 0.991
2.744 1.254
2.770 1.129
2.809 1.399
2.859 1.178
2.881 1.050
2.916 1.614
2.976 1.733
1.558 -0.125
1.571 0.166
1.598 0.228
1.667 0.012
1.675 -0.070
1.684 0.010
1.710 0.038
1.826 0.013
1.843 0.024
1.899 -0.055
1.909 -0.043
1.940 0.031
1.967 0.184
1.984 0.249
1.997 0.276
2.128 0.390
2.153 0.389
2.201 0.595
2.218 -0.059
2.224 0.467
2.399 0.694
2.414 0.700
2.506 1.144
2.520 1.143
2.536 1.241
2.546 1.077
2.560 1.140
2.571 1.093
2.603 1.181
2.788 1.383
2.885 1.394
2.896 1.410
2.933 1.405
2.940 1.731
2.968 1.287
2.975 1.594
0.944 -0.782
1.223 -0.520
1.244 -0.485
1.310 -0.307
1.333 -0.300
1.339 -0.271
1.380 -0.208
1.629 0.590
1.667 0.680
1.893 0.398
1.931 0.477
2.034 0.010
2.055 0.081
2.065 0.101
2.080 0.133
2.204 -0.006
2.271 0.967
2.302 1.027
2.319 0.681
2.328 0.715
2.345 0.733
2.381 0.739
2.416 0.727
2.423 0.731
2.517 1.025
2.533 1.075
2.623 1.775
2.735 0.850
2.751 0.847
2.756 0.872
2.774 0.885
2.825 1.159
2.847 1.276
2.868 1.290
2.893 1.376
2.933 1.440
1.276 -0.395
1.359 -0.308
1.384 -0.221
1.402 -0.123
1.407 -0.165
1.525 -0.022
1.530 -0.046
1.541 0.011
1.563 0.044
1.601 0.087
1.623 0.035
1.636 -0.013
1.640 0.091
1.820 0.043
1.833 0.275
1.837 0.101
1.851 0.185
1.864 0.733
1.904 0.857
1.917 0.877
2.010 0.794
2.224 -0.303
2.442 0.765
2.446 0.842
2.455 0.825
2.492 0.825
2.717 1.025
2.737 1.108
2.741 1.086
2.745 1.067
2.747 1.210
2.765 1.178
2.779 1.109
2.802 1.166
2.848 1.233
2.932 1.458
0.944 -0.782
1.223 -0.520
1.244 -0.485
1.310 -0.307
1.333 -0.300
1.339 -0.271
1.380 -0.208
1.629 0.590
1.667 0.680
1.893 0.398
1.931 0.477
2.034 0.010
2.055 0.081
2.065 0.101
2.080 0.133
2.204 -0.006
2.271 0.967
2.302 1.027
2.319 0.680
2.328 0.715
2.345 0.733
2.381 0.738
2.416 0.727
2.423 0.731
2.517 1.025
2.533 1.075
2.623 1.775
2.735 0.850
2.751 0.847
2.756 0.872
2.774 0.885
2.825 1.159
2.847 1.276
2.868 1.290
2.893 1.376
2.933 1.440
1.336 0.040
1.360 -0.247
1.388 0.035
1.502 -0.033
1.634 -0.337
1.643 -0.299
1.731 -0.096
1.742 -0.027
1.752 -0.086
1.786 0.217
1.797 0.192
1.820 0.281
1.899 0.761
2.044 0.627
2.102 0.641
2.222 -0.314
2.285 0.339
2.304 0.388
2.333 0.593
2.400 0.745
2.440 0.676
2.474 0.865
2.506 1.784
2.614 0.985
2.640 1.036
2.666 0.990
2.674 1.017
2.696 1.107
2.733 1.108
2.762 1.245
2.776 1.145
2.794 1.229
2.803 1.247
2.814 1.258
2.840 1.146
2.866 1.379
1.218 -0.626
1.228 -0.499
1.284 -0.202
1.306 -0.327
1.321 -0.551
1.355 -0.271
1.420 -0.252
1.462 -0.021
1.499 0.034
1.685 -0.018
1.708 0.044
1.755 0.223
1.823 0.133
1.942 0.671
1.974 0.654
2.031 0.354
2.063 0.537
2.079 0.492
2.107 0.623
2.125 0.661
2.174 0.557
2.199 0.484
2.231 0.402
2.239 0.230
2.369 0.712
2.493 0.775
2.539 1.016
2.590 1.745
2.622 0.991
2.744 1.254
2.770 1.129
2.809 1.399
2.859 1.178
2.881 1.050
2.916 1.614
2.976 1.733
0.920 -0.690
1.030 -1.014
1.065 -0.959
1.316 -0.380
1.340 -0.362
1.559 -0.055
1.586 0.000
1.669 0.333
1.691 0.489
1.707 0.334
1.751 0.418
1.852 0.227
1.891 0.256
1.920 0.285
1.943 0.346
1.958 0.404
1.980 0.472
2.125 0.672
2.136 0.667
2.149 0.707
2.198 0.914
2.237 0.021
2.263 0.549
2.299 0.594
2.370 0.819
2.377 0.845
2.433 0.743
2.476 0.781
2.515 0.899
2.537 0.968
2.579 0.989
2.614 0.985
2.640 1.184
2.662 1.192
2.746 1.623
2.904 2.255
1.210 -0.722
1.233 -0.476
1.279 -0.211
1.305 -0.352
1.327 -0.573
1.348 -0.213
1.424 -0.317
1.455 0.091
1.502 -0.003
1.686 -0.016
1.722 0.104
1.746 0.178
1.824 0.130
1.938 0.679
1.972 0.608
2.030 0.364
2.057 0.515
2.086 0.454
2.110 0.770
2.123 0.621
2.173 0.540
2.200 0.531
2.226 0.207
2.243 0.335
2.373 0.721
2.496 0.782
2.540 1.006
2.592 1.779
2.619 0.999
2.748 1.279
2.768 1.081
2.803 1.422
2.854 1.208
2.875 1.003
2.913 1.636
2.977 1.700
