  -29.0875090826521       0.000000000000000E+000  0.000000000000000E+000
  -29.0565272479564       0.000000000000000E+000  0.000000000000000E+000
  -29.0255454132607       0.000000000000000E+000  0.000000000000000E+000
  -28.9945635785649       0.000000000000000E+000  0.000000000000000E+000
  -28.9635817438692       0.000000000000000E+000  0.000000000000000E+000
  -28.9325999091735       0.000000000000000E+000  0.000000000000000E+000
  -28.9016180744777       0.000000000000000E+000  0.000000000000000E+000
  -28.8706362397820       0.000000000000000E+000  0.000000000000000E+000
  -28.8396544050863       0.000000000000000E+000  0.000000000000000E+000
  -28.8086725703906       0.000000000000000E+000  0.000000000000000E+000
  -28.7776907356948       0.000000000000000E+000  0.000000000000000E+000
  -28.7467089009991       0.000000000000000E+000  0.000000000000000E+000
  -28.7157270663034       0.000000000000000E+000  0.000000000000000E+000
  -28.6847452316076       0.000000000000000E+000  0.000000000000000E+000
  -28.6537633969119       0.000000000000000E+000  0.000000000000000E+000
  -28.6227815622162       0.000000000000000E+000  0.000000000000000E+000
  -28.5917997275204       0.000000000000000E+000  0.000000000000000E+000
  -28.5608178928247       0.000000000000000E+000  0.000000000000000E+000
  -28.5298360581290       0.000000000000000E+000  0.000000000000000E+000
  -28.4988542234332       0.000000000000000E+000  0.000000000000000E+000
  -28.4678723887375       0.000000000000000E+000  0.000000000000000E+000
  -28.4368905540418       0.000000000000000E+000  0.000000000000000E+000
  -28.4059087193461       0.000000000000000E+000  0.000000000000000E+000
  -28.3749268846503       0.000000000000000E+000  0.000000000000000E+000
  -28.3439450499546       0.000000000000000E+000  0.000000000000000E+000
  -28.3129632152589       0.000000000000000E+000  0.000000000000000E+000
  -28.2819813805631       0.000000000000000E+000  0.000000000000000E+000
  -28.2509995458674       0.000000000000000E+000  0.000000000000000E+000
  -28.2200177111717       0.000000000000000E+000  0.000000000000000E+000
  -28.1890358764759       0.000000000000000E+000  0.000000000000000E+000
  -28.1580540417802       0.000000000000000E+000  0.000000000000000E+000
  -28.1270722070845       0.000000000000000E+000  0.000000000000000E+000
  -28.0960903723887       0.000000000000000E+000  0.000000000000000E+000
  -28.0651085376930       0.000000000000000E+000  0.000000000000000E+000
  -28.0341267029973       0.000000000000000E+000  0.000000000000000E+000
  -28.0031448683015       0.000000000000000E+000  0.000000000000000E+000
  -27.9721630336058       0.000000000000000E+000  0.000000000000000E+000
  -27.9411811989101       4.611682777672774E-016  4.611682777672774E-016
  -27.9101993642144       6.851774158057447E-015  7.312942435824725E-015
  -27.8792175295186       7.978369506374067E-014  8.709663749956539E-014
  -27.8482356948229       8.352682444774740E-013  9.223648819770394E-013
  -27.8172538601272       7.966412107367770E-012  8.888776989344810E-012
  -27.7862720254314       6.906602406726361E-011  7.795480105660841E-011
  -27.7552901907357       5.443389138280835E-010  6.222937148846919E-010
  -27.7243083560400       3.900144479225115E-009  4.522438194109807E-009
  -27.6933265213442       2.540406301233428E-008  2.992650120644409E-008
  -27.6623446866485       1.504324813809736E-007  1.803589825874177E-007
  -27.6313628519528       8.098426171370397E-007  9.902015997244574E-007
  -27.6003810172570       3.963553184147109E-006  4.953754783871566E-006
  -27.5693991825613       1.763592095766426E-005  2.258967574153582E-005
  -27.5384173478656       7.134198082697482E-005  9.393165656851064E-005
  -27.5074355131698       2.623794082419808E-004  3.563110648104914E-004
  -27.4764536784741       8.773153073805937E-004  1.233626372191085E-003
  -27.4454718437784       2.667022288975409E-003  3.900648661166494E-003
  -27.4144900090827       7.371331660991499E-003  1.127198032215799E-002
  -27.3835081743869       1.852323291020261E-002  2.979521323236060E-002
  -27.3525263396912       4.231965039797944E-002  7.211486363034005E-002
  -27.3215445049955       8.790720482595793E-002  0.160022068456298     
  -27.2905626702997       0.166022287145624       0.326044355601922     
  -27.2595808356040       0.285082113599015       0.611126469200937     
  -27.2285990009083       0.445078953870058        1.05620542307099     
  -27.1976171662125       0.631784877707960        1.68799030077896     
  -27.1666353315168       0.815394446479225        2.50338474725818     
  -27.1356534968211       0.956827402945104        3.46021215020328     
  -27.1046716621253        1.02086301509089        4.48107516529417     
  -27.0736898274296       0.990306703007088        5.47138186830126     
  -27.0427079927339       0.873454768074848        6.34483663637611     
  -27.0117261580382       0.700453547821461        7.04529018419757     
  -26.9807443233424       0.510723615905358        7.55601380010293     
  -26.9497624886467       0.338578507583666        7.89459230768659     
  -26.9187806539510       0.204079107846833        8.09867141553342     
  -26.8877988192552       0.111841247308223        8.21051266284165     
  -26.8568169845595       5.572730588209135E-002   8.26623996872374     
  -26.8258351498638       2.524612373605388E-002   8.29148609245979     
  -26.7948533151680       1.039871639148455E-002   8.30188480885128     
  -26.7638714804723       3.894221307555006E-003   8.30577903015883     
  -26.7328896457766       1.325911829075092E-003   8.30710494198791     
  -26.7019078110808       4.104486223506462E-004   8.30751539061026     
  -26.6709259763851       1.155180628085478E-004   8.30763090867307     
  -26.6399441416894       2.955864475234824E-005   8.30766046731782     
  -26.6089623069936       6.876367134134408E-006   8.30766734368495     
  -26.5779804722979       1.454352627810899E-006   8.30766879803758     
  -26.5469986376022       2.796485366526660E-007   8.30766907768612     
  -26.5160168029064       4.888587940744792E-008   8.30766912657200     
  -26.4850349682107       7.769232486259588E-009   8.30766913434123     
  -26.4540531335150       1.122515089778233E-009   8.30766913546375     
  -26.4230712988193       1.474420198557182E-010   8.30766913561119     
  -26.3920894641235       1.760626423979242E-011   8.30766913562879     
  -26.3611076294278       1.911096468209280E-012   8.30766913563071     
  -26.3301257947321       1.886405330089116E-013   8.30766913563089     
  -26.2991439600363       1.685395302117673E-014   8.30766913563091     
  -26.2681621253406       1.372525187084379E-015   8.30766913563091     
  -26.2371802906449       0.000000000000000E+000   8.30766913563091     
  -26.2061984559491       0.000000000000000E+000   8.30766913563091     
  -26.1752166212534       0.000000000000000E+000   8.30766913563091     
  -26.1442347865577       0.000000000000000E+000   8.30766913563091     
  -26.1132529518619       0.000000000000000E+000   8.30766913563091     
  -26.0822711171662       0.000000000000000E+000   8.30766913563091     
  -26.0512892824705       0.000000000000000E+000   8.30766913563091     
  -26.0203074477748       0.000000000000000E+000   8.30766913563091     
  -25.9893256130790       0.000000000000000E+000   8.30766913563091     
  -25.9583437783833       1.459486468144624E-015   8.30766913563091     
  -25.9273619436876       1.631654426883324E-014   8.30766913563093     
  -25.8963801089918       1.857537673557095E-013   8.30766913563112     
  -25.8653982742961       1.907771119095199E-012   8.30766913563302     
  -25.8344164396004       1.779953037338314E-011   8.30766913565082     
  -25.8034346049046       1.509704152234234E-010   8.30766913580179     
  -25.7724527702089       1.164071907191613E-009   8.30766913696587     
  -25.7414709355132       8.159689599158812E-009   8.30766914512555     
  -25.7104891008174       5.199695981602882E-008   8.30766919712251     
  -25.6795072661217       3.012293398401692E-007   8.30766949835185     
  -25.6485254314260       1.586485096699183E-006   8.30767108483695     
  -25.6175435967302       7.596235262830413E-006   8.30767868107221     
  -25.5865617620345       3.306652971399792E-005   8.30771174760193     
  -25.5555799273388       1.308611055956066E-004   8.30784260870752     
  -25.5245980926431       4.708342835658175E-004   8.30831344299109     
  -25.4936162579473       1.540155871476682E-003   8.30985359886257     
  -25.4626344232516       4.580403608639533E-003   8.31443400247120     
  -25.4316525885559       1.238478424191340E-002   8.32681878671312     
  -25.4006707538601       3.044539995259870E-002   8.35726418666572     
  -25.3696889191644       6.804655400963339E-002   8.42531074067535     
  -25.3387070844687       0.138275176632061        8.56358591730741     
  -25.3077252497729       0.255468931625834        8.81905484893325     
  -25.2767434150772       0.429130739179132        9.24818558811238     
  -25.2457615803815       0.655390915163810        9.90357650327619     
  -25.2147797456857       0.910063666867268        10.8136401701435     
  -25.1837979109900        1.14895948441129        11.9625996545547     
  -25.1528160762943        1.31886379370616        13.2814634482609     
  -25.1218342415985        1.37644189063078        14.6579053388917     
  -25.0908524069028        1.30610661260097        15.9640119514927     
  -25.0598705722071        1.12683930819115        17.0908512596838     
  -25.0288887375114       0.883908804498111        17.9747600641819     
  -24.9979069028156       0.630397146890253        18.6051572110722     
  -24.9669250681199       0.408772078051823        19.0139292891240     
  -24.9359432334242       0.240994435493007        19.2549237246170     
  -24.9049613987284       0.129178408676994        19.3841021332940     
  -24.8739795640327       6.295467737236862E-002   19.4470568106664     
  -24.8429977293370       2.789452642790329E-002   19.4749513370943     
  -24.8120158946412       1.123725916466505E-002   19.4861885962589     
  -24.7810340599455       4.115754470280649E-003   19.4903043507292     
  -24.7500522252498       1.370513054741908E-003   19.4916748637840     
  -24.7190703905540       4.149142206745005E-004   19.4920897780046     
  -24.6880885558583       1.142014025576509E-004   19.4922039794072     
  -24.6571067211626       2.857714728986267E-005   19.4922325565545     
  -24.6261248864669       6.501248659560375E-006   19.4922390578031     
  -24.5951430517711       1.344624814037067E-006   19.4922404024279     
  -24.5641612170754       2.528294814440173E-007   19.4922406552574     
  -24.5331793823797       4.321875046803488E-008   19.4922406984762     
  -24.5021975476839       6.716300452965734E-009   19.4922407051925     
  -24.4712157129882       9.488485491123645E-010   19.4922407061413     
  -24.4402338782925       1.218618061727515E-010   19.4922407062632     
  -24.4092520435967       1.422798058468565E-011   19.4922407062774     
  -24.3782702089010       1.510085608495052E-012   19.4922407062789     
  -24.3472883742053       1.457496437659039E-013   19.4922407062791     
  -24.3163065395095       1.278665032050271E-014   19.4922407062791     
  -24.2853247048138       9.663886008534327E-016   19.4922407062791     
  -24.2543428701181       0.000000000000000E+000   19.4922407062791     
  -24.2233610354223       0.000000000000000E+000   19.4922407062791     
  -24.1923792007266       0.000000000000000E+000   19.4922407062791     
  -24.1613973660309       0.000000000000000E+000   19.4922407062791     
  -24.1304155313352       0.000000000000000E+000   19.4922407062791     
  -24.0994336966394       7.101991277343276E-016   19.4922407062791     
  -24.0684518619437       9.639098126617942E-015   19.4922407062791     
  -24.0374700272480       1.124334336359586E-013   19.4922407062792     
  -24.0064881925522       1.184519021787159E-012   19.4922407062804     
  -23.9755063578565       1.133919731022797E-011   19.4922407062917     
  -23.9445245231608       9.867521751066126E-011   19.4922407063904     
  -23.9135426884650       7.805980105975816E-010   19.4922407071710     
  -23.8825608537693       5.613602966661855E-009   19.4922407127846     
  -23.8515790190736       3.669902712445806E-008   19.4922407494836     
  -23.8205971843778       2.181075098465208E-007   19.4922409675912     
  -23.7896153496821       1.178404334554301E-006   19.4922421459955     
  -23.7586335149864       5.788019705741428E-006   19.4922479340152     
  -23.7276516802906       2.584531263982378E-005   19.4922737793278     
  -23.6966698455949       1.049188927365988E-004   19.4923786982206     
  -23.6656880108992       3.872126627283011E-004   19.4927659108833     
  -23.6347061762035       1.299190938406329E-003   19.4940651018217     
  -23.6037243415077       3.963030591626952E-003   19.4980281324133     
  -23.5727425068120       1.099046563641999E-002   19.5090185980498     
  -23.5417606721163       2.771034758661258E-002   19.5367289456364     
  -23.5107788374205       6.351960859808914E-002   19.6002485542345     
  -23.4797970027248       0.132378089012349        19.7326266432468     
  -23.4488151680291       0.250823999603125        19.9834506428499     
  -23.4178333333333       0.432084532152450        20.4155351750024     
  -23.3868514986376       0.676731953003750        21.0922671280061     
  -23.3558696639419       0.963639014881729        22.0559061428879     
  -23.3248878292461        1.24756418862758        23.3034703315154     
  -23.2939059945504        1.46846318849444        24.7719335200099     
  -23.2629241598547        1.57150357572220        26.3434370957321     
  -23.2319423251589        1.52904416875283        27.8724812644849     
  -23.2009604904632        1.35262351941655        29.2251047839015     
  -23.1699786557675        1.08789174158834        30.3129965254898     
  -23.1389968210718       0.795509846763267        31.1085063722531     
  -23.1080149863760       0.528878080449099        31.6373844527022     
  -23.0770331516803       0.319679217820269        31.9570636705224     
  -23.0460513169846       0.175679253746817        32.1327429242693     
  -23.0150694822888       8.777521819464436E-002   32.2205181424639     
  -22.9840876475931       3.987186739208996E-002   32.2603900098560     
  -22.9531058128974       1.646652814588427E-002   32.2768565380019     
  -22.9221239782016       6.182663965668507E-003   32.2830392019675     
  -22.8911421435059       2.110495683377818E-003   32.2851496976509     
  -22.8601603088102       6.549759742685864E-004   32.2858046736252     
  -22.8291784741144       1.847970259855520E-004   32.2859894706512     
  -22.7981966394187       4.740124129622201E-005   32.2860368718925     
  -22.7672148047230       1.105365250241071E-005   32.2860479255450     
  -22.7362329700272       2.343361555319407E-006   32.2860502689065     
  -22.7052511353315       4.516334205644418E-007   32.2860507205399     
  -22.6742693006358       7.913012389679675E-008   32.2860507996701     
  -22.6432874659401       1.260382017458895E-008   32.2860508122739     
  -22.6123056312443       1.824999028164452E-009   32.2860508140989     
  -22.5813237965486       2.402250705673522E-010   32.2860508143391     
  -22.5503419618529       2.874529340427221E-011   32.2860508143679     
  -22.5193601271571       3.126837081157732E-012   32.2860508143710     
  -22.4883782924614       3.091548191340953E-013   32.2860508143713     
  -22.4573964577657       2.772861510899863E-014   32.2860508143713     
  -22.4264146230699       2.307178781251612E-015   32.2860508143713     
  -22.3954327883742       0.000000000000000E+000   32.2860508143713     
  -22.3644509536785       0.000000000000000E+000   32.2860508143713     
  -22.3334691189827       0.000000000000000E+000   32.2860508143713     
  -22.3024872842870       0.000000000000000E+000   32.2860508143713     
  -22.2715054495913       0.000000000000000E+000   32.2860508143713     
  -22.2405236148956       0.000000000000000E+000   32.2860508143713     
  -22.2095417801998       0.000000000000000E+000   32.2860508143713     
  -22.1785599455041       0.000000000000000E+000   32.2860508143713     
  -22.1475781108084       0.000000000000000E+000   32.2860508143713     
  -22.1165962761126       0.000000000000000E+000   32.2860508143713     
  -22.0856144414169       0.000000000000000E+000   32.2860508143713     
  -22.0546326067212       0.000000000000000E+000   32.2860508143713     
  -22.0236507720254       0.000000000000000E+000   32.2860508143713     
  -21.9926689373297       0.000000000000000E+000   32.2860508143713     
  -21.9616871026340       0.000000000000000E+000   32.2860508143713     
  -21.9307052679382       0.000000000000000E+000   32.2860508143713     
  -21.8997234332425       0.000000000000000E+000   32.2860508143713     
  -21.8687415985468       0.000000000000000E+000   32.2860508143713     
  -21.8377597638510       0.000000000000000E+000   32.2860508143713     
  -21.8067779291553       3.301485038879955E-015   32.2860508143713     
  -21.7757960944596       4.295412562753494E-014   32.2860508143714     
  -21.7448142597639       4.646933434931111E-013   32.2860508143718     
  -21.7138324250681       4.631426204905312E-012   32.2860508143765     
  -21.6828505903724       4.192723475135619E-011   32.2860508144184     
  -21.6518687556767       3.452304887308747E-010   32.2860508147636     
  -21.6208869209809       2.585541148646529E-009   32.2860508173492     
  -21.5899050862852       1.761422771799789E-008   32.2860508349634     
  -21.5589232515895       1.091666223498069E-007   32.2860509441300     
  -21.5279414168937       6.155732661328634E-007   32.2860515597033     
  -21.4969595821980       3.158554325852713E-006   32.2860547182576     
  -21.4659777475023       1.474948219502414E-005   32.2860694677398     
  -21.4349959128065       6.269206727613412E-005   32.2861321598071     
  -21.4040140781108       2.425885246415370E-004   32.2863747483317     
  -21.3730322434151       8.547348580591754E-004   32.2872294831898     
  -21.3420504087193       2.742743153509273E-003   32.2899722263433     
  -21.3110685740236       8.017296071338527E-003   32.2979895224146     
  -21.2800867393279       2.135322634229603E-002   32.3193427487569     
  -21.2491049046322       5.183252832130691E-002   32.3711752770782     
  -21.2181230699364       0.114699376487821        32.4858746535661     
  -21.1871412352407       0.231451879013478        32.7173265325795     
  -21.1561594005450       0.426015786403266        33.1433423189828     
  -21.1251775658492       0.715453448280933        33.8587957672637     
  -21.0941957311535        1.09660869538330        34.9554044626470     
  -21.0632138964578        1.53446203487265        36.4898664975197     
  -21.0322320617620        1.96068020573931        38.4505467032590     
  -21.0012502270663        2.28825623714921        40.7388029404082     
  -20.9702683923706        2.43970191544705        43.1785048558553     
  -20.9392865576748        2.37669155744359        45.5551964132988     
  -20.9083047229791        2.11574206176986        47.6709384750687     
  -20.8773228882834        1.72121286126574        49.3921513363345     
  -20.8463410535877        1.27965716335264        50.6718084996871     
  -20.8153592188919       0.869404651426474        51.5412131511136     
  -20.7843773841962       0.539733313382558        52.0809464644961     
  -20.7533955495005       0.306128824792554        52.3870752892887     
  -20.7224137148047       0.158605118548444        52.5456804078371     
  -20.6914318801090       7.504516086286087E-002   52.6207255687000     
  -20.6604500454133       3.241998160976555E-002   52.6531455503097     
  -20.6294682107175       1.278410488105411E-002   52.6659296551908     
  -20.5984863760218       4.600154518843549E-003   52.6705298097096     
  -20.5675045413261       1.510056788639869E-003   52.6720398664983     
  -20.5365227066303       4.520714036644559E-004   52.6724919379019     
  -20.5055408719346       1.233928558060382E-004   52.6726153307577     
  -20.4745590372389       3.069888470108368E-005   52.6726460296424     
  -20.4435772025431       6.959701678681537E-006   52.6726529893441     
  -20.4125953678474       1.437428997601221E-006   52.6726544267731     
  -20.3816135331517       2.704016490332552E-007   52.6726546971748     
  -20.3506316984559       4.631975483014168E-008   52.6726547434945     
  -20.3196498637602       7.223896077397354E-009   52.6726547507184     
  -20.2886680290645       1.025526108693488E-009   52.6726547517439     
  -20.2576861943688       1.325017820239894E-010   52.6726547518765     
  -20.2267043596730       1.557894962001445E-011   52.6726547518920     
  -20.1957225249773       1.665891279823871E-012   52.6726547518937     
  -20.1647406902816       1.629358018233282E-013   52.6726547518939     
  -20.1337588555858       1.375660192476812E-014   52.6726547518939     
  -20.1027770208901       1.164563472638433E-015   52.6726547518939     
  -20.0717951861944       0.000000000000000E+000   52.6726547518939     
  -20.0408133514986       0.000000000000000E+000   52.6726547518939     
  -20.0098315168029       0.000000000000000E+000   52.6726547518939     
  -19.9788496821072       0.000000000000000E+000   52.6726547518939     
  -19.9478678474114       0.000000000000000E+000   52.6726547518939     
  -19.9168860127157       0.000000000000000E+000   52.6726547518939     
  -19.8859041780200       0.000000000000000E+000   52.6726547518939     
  -19.8549223433243       0.000000000000000E+000   52.6726547518939     
  -19.8239405086285       0.000000000000000E+000   52.6726547518939     
  -19.7929586739328       0.000000000000000E+000   52.6726547518939     
  -19.7619768392371       0.000000000000000E+000   52.6726547518939     
  -19.7309950045413       0.000000000000000E+000   52.6726547518939     
  -19.7000131698456       0.000000000000000E+000   52.6726547518939     
  -19.6690313351499       0.000000000000000E+000   52.6726547518939     
  -19.6380495004541       0.000000000000000E+000   52.6726547518939     
  -19.6070676657584       0.000000000000000E+000   52.6726547518939     
  -19.5760858310627       0.000000000000000E+000   52.6726547518939     
  -19.5451039963669       0.000000000000000E+000   52.6726547518939     
  -19.5141221616712       0.000000000000000E+000   52.6726547518939     
  -19.4831403269755       0.000000000000000E+000   52.6726547518939     
  -19.4521584922797       0.000000000000000E+000   52.6726547518939     
  -19.4211766575840       0.000000000000000E+000   52.6726547518939     
  -19.3901948228883       0.000000000000000E+000   52.6726547518939     
  -19.3592129881926       0.000000000000000E+000   52.6726547518939     
  -19.3282311534968       1.787704553468643E-015   52.6726547518939     
  -19.2972493188011       2.085655312380083E-014   52.6726547518939     
  -19.2662674841054       2.335933949865693E-013   52.6726547518941     
  -19.2352856494096       2.375745234793739E-012   52.6726547518965     
  -19.2043038147139       2.193843863211991E-011   52.6726547519184     
  -19.1733219800182       1.841554637698979E-010   52.6726547521026     
  -19.1423401453224       1.405288814657277E-009   52.6726547535079     
  -19.1113583106267       9.748912295682890E-009   52.6726547632568     
  -19.0803764759310       6.148481626854804E-008   52.6726548247416     
  -19.0493946412352       3.525453315325122E-007   52.6726551772869     
  -19.0184128065395       1.837871436308581E-006   52.6726570151584     
  -18.9874309718438       8.711454053325993E-006   52.6726657266124     
  -18.9564491371480       3.754656146248348E-005   52.6727032731739     
  -18.9254673024523       1.471604312526038E-004   52.6728504336052     
  -18.8944854677566       5.245690847087125E-004   52.6733750026899     
  -18.8635036330609       1.700869934080159E-003   52.6750758726239     
  -18.8325217983651       5.017475890843811E-003   52.6800933485148     
  -18.8015399636694       1.346995471116613E-002   52.6935633032260     
  -18.7705581289737       3.292143221561770E-002   52.7264847354416     
  -18.7395762942779       7.329080657251091E-002   52.7997755420141     
  -18.7085944595822       0.148727029718234        52.9485025717323     
  -18.6776126248865       0.275377488127956        53.2238800598603     
  -18.6466307901907       0.465857693662967        53.6897377535232     
  -18.6156489554950       0.721384061209855        54.4111218147331     
  -18.5846671207993        1.02505845997303        55.4361802747061     
  -18.5536852861035        1.34098754425132        56.7771678189575     
  -18.5227034514078        1.62186382233572        58.3990316412932     
  -18.4917216167121        1.82275546070946        60.2217871020026     
  -18.4607397820164        1.91453666894457        62.1363237709472     
  -18.4297579473206        1.89038789832598        64.0267116692732     
  -18.3987761126249        1.76343254648188        65.7901442157551     
  -18.3677942779292        1.55901328346019        67.3491574992153     
  -18.3368124432334        1.30695824382593        68.6561157430412     
  -18.3058306085377        1.03674280629409        69.6928585493353     
  -18.2748487738420       0.774914214359554        70.4677727636948     
  -18.2438669391462       0.542885553394680        71.0106583170895     
  -18.2128851044505       0.354538438272041        71.3651967553616     
  -18.1819032697548       0.214760113835191        71.5799568691968     
  -18.1509214350590       0.120157305570661        71.7001141747674     
  -18.1199396003633       6.188440414199887E-002   71.7619985789094     
  -18.0889577656676       2.926138147801126E-002   71.7912599603874     
  -18.0579759309718       1.267654231976013E-002   71.8039365027072     
  -18.0269940962761       5.023571390232953E-003   71.8089600740974     
  -17.9960122615804       1.818854532939702E-003   71.8107789286304     
  -17.9650304268847       6.010918570049215E-004   71.8113800204874     
  -17.9340485921889       1.811808994611044E-004   71.8115612013868     
  -17.9030667574932       4.977945871257185E-005   71.8116109808455     
  -17.8720849227975       1.246070445977349E-005   71.8116234415500     
  -17.8411030881017       2.840651076862911E-006   71.8116262822011     
  -17.8101212534060       5.895703493627366E-007   71.8116268717714     
  -17.7791394187103       1.113731388052228E-007   71.8116269831446     
  -17.7481575840145       1.914508108515887E-008   71.8116270022896     
  -17.7171757493188       2.994243507988425E-009   71.8116270052839     
  -17.6861939146231       4.259951675285986E-010   71.8116270057099     
  -17.6552120799273       5.512595982976944E-011   71.8116270057650     
  -17.6242302452316       6.487717489515648E-012   71.8116270057715     
  -17.5932484105359       6.943022411816271E-013   71.8116270057722     
  -17.5622665758401       6.755816371017305E-014   71.8116270057723     
  -17.5312847411444       6.362072260234099E-015   71.8116270057723     
  -17.5003029064487       4.811640327412009E-015   71.8116270057723     
  -17.4693210717530       5.014135997379076E-014   71.8116270057723     
  -17.4383392370572       5.201329540338939E-013   71.8116270057728     
  -17.4073574023615       4.909470839434911E-012   71.8116270057778     
  -17.3763755676658       4.212376145937466E-011   71.8116270058199     
  -17.3453937329700       3.285733231559262E-010   71.8116270061484     
  -17.3144118982743       2.329977250400415E-009   71.8116270084784     
  -17.2834300635786       1.502065578279445E-008   71.8116270234991     
  -17.2524482288828       8.803364878345187E-008   71.8116271115327     
  -17.2214663941871       4.690678627964918E-007   71.8116275806006     
  -17.1904845594914       2.272240538231342E-006   71.8116298528411     
  -17.1595027247956       1.000711671776000E-005   71.8116398599578     
  -17.1285208900999       4.006858306941485E-005   71.8116799285409     
  -17.0975390554042       1.458625009264155E-004   71.8118257910418     
  -17.0665572207084       4.827611483351078E-004   71.8123085521902     
  -17.0355753860127       1.452695013177408E-003   71.8137612472033     
  -17.0045935513170       3.974430417122588E-003   71.8177356776205     
  -16.9736117166213       9.886422335475993E-003   71.8276220999559     
  -16.9426298819255       2.236010555516784E-002   71.8499822055111     
  -16.9116480472298       4.598195940816185E-002   71.8959641649193     
  -16.8806662125341       8.597884477956670E-002   71.9819430096988     
  -16.8496843778383       0.146184976720306        72.1281279864191     
  -16.8187025431426       0.226019136233861        72.3541471226530     
  -16.7877207084469       0.317801321373790        72.6719484440268     
  -16.7567388737511       0.406434288147648        73.0783827321744     
  -16.7257570390554       0.472863440424881        73.5512461725993     
  -16.6947752043597       0.500640641184934        74.0518868137842     
  -16.6637933696639       0.482580562192896        74.5344673759771     
  -16.6328115349682       0.423829366656313        74.9582967426334     
  -16.6018297002725       0.339545237575321        75.2978419802088     
  -16.5708478655767       0.248605806420069        75.5464477866288     
  -16.5398660308810       0.166921896028997        75.7133696826578     
  -16.5088841961853       0.103598495522047        75.8169681781799     
  -16.4779023614896       6.098279025045686E-002   75.8779509684303     
  -16.4469205267938       3.744572274283110E-002   75.9153966911732     
  -16.4159386920981       3.088887559540093E-002   75.9462855667686     
  -16.3849568574024       4.138016226621533E-002   75.9876657290348     
  -16.3539750227066       7.210543050936576E-002   76.0597711595442     
  -16.3229931880109       0.128352167856117        76.1881233274003     
  -16.2920113533152       0.214634572271483        76.4027578996718     
  -16.2610295186194       0.330766064079625        76.7335239637514     
  -16.2300476839237       0.468661554879038        77.2021855186304     
  -16.1990658492280       0.612094653276769        77.8142801719072     
  -16.1680840145322       0.740572684648792        78.5548528565560     
  -16.1371021798365       0.835998475260443        79.3908513318164     
  -16.1061203451408       0.888522520207650        80.2793738520241     
  -16.0751385104451       0.898077244762820        81.1774510967869     
  -16.0441566757493       0.870991260626950        82.0484423574138     
  -16.0131748410536       0.814664611711595        82.8631069691254     
  -15.9821930063579       0.734471233756381        83.5975782028818     
  -15.9512111716621       0.634785899001070        84.2323641018829     
  -15.9202293369664       0.522419665559121        84.7547837674420     
  -15.8892475022707       0.409015784726208        85.1637995521682     
  -15.8582656675749       0.310300871522076        85.4741004236903     
  -15.8272838328792       0.242750877402529        85.7168513010928     
  -15.7963019981835       0.219629346694915        85.9364806477877     
  -15.7653201634877       0.247715210468046        86.1841958582558     
  -15.7343383287920       0.324819532400102        86.5090153906559     
  -15.7033564940963       0.438144630522366        86.9471600211782     
  -15.6723746594005       0.564679176231797        87.5118391974100     
  -15.6413928247048       0.675406616660112        88.1872458140701     
  -15.6104109900091       0.743565946113973        88.9308117601841     
  -15.5794291553134       0.754095465461713        89.6849072256458     
  -15.5484473206176       0.709296589896736        90.3942038155426     
  -15.5174654859219       0.627007623591169        91.0212114391337     
  -15.4864836512262       0.531854637367339        91.5530660765011     
  -15.4555018165304       0.444417361086411        91.9974834375875     
  -15.4245199818347       0.374199413304654        92.3716828508921     
  -15.3935381471390       0.319460135537474        92.6911429864296     
  -15.3625563124432       0.272540697670776        92.9636836841004     
  -15.3315744777475       0.226471536880250        93.1901552209806     
  -15.3005926430518       0.178948762247462        93.3691039832281     
  -15.2696108083560       0.132339151259588        93.5014431344877     
  -15.2386289736603       9.102836079077749E-002   93.5924714952785     
  -15.2076471389646       5.848776691162297E-002   93.6509592621901     
  -15.1766653042688       3.574863280751966E-002   93.6867078949976     
  -15.1456834695731       2.156228375684198E-002   93.7082701787544     
  -15.1147016348774       1.351303496845852E-002   93.7217832137229     
  -15.0837198001817       9.169385026449014E-003   93.7309525987494     
  -15.0527379654859       6.746124578348901E-003   93.7376987233277     
  -15.0217561307902       5.225270945243852E-003   93.7429239942729     
  -14.9907742960945       4.152727460841854E-003   93.7470767217338     
  -14.9597924613987       3.360607860335816E-003   93.7504373295941     
  -14.9288106267030       2.768744263261329E-003   93.7532060738574     
  -14.8978287920073       2.303179718011715E-003   93.7555092535754     
  -14.8668469573115       1.895088167984187E-003   93.7574043417434     
  -14.8358651226158       1.503783061752925E-003   93.7589081248051     
  -14.8048832879201       1.126065954189031E-003   93.7600341907593     
  -14.7739014532243       7.841942935933093E-004   93.7608183850529     
  -14.7429196185286       5.047007353333197E-004   93.7613230857882     
  -14.7119377838329       3.031342926853721E-004   93.7616262200809     
  -14.6809559491371       1.814419527973955E-004   93.7618076620337     
  -14.6499741144414       1.352465960983489E-004   93.7619429086298     
  -14.6189922797457       1.637467075522595E-004   93.7621066553374     
  -14.5880104450500       2.753770586969256E-004   93.7623820323961     
  -14.5570286103542       4.850772645332587E-004   93.7628671096606     
  -14.5260467756585       8.025423922952464E-004   93.7636696520529     
  -14.4950649409628       1.215376010620435E-003   93.7648850280635     
  -14.4640831062670       1.676028383637916E-003   93.7665610564472     
  -14.4331012715713       2.103619282148720E-003   93.7686646757293     
  -14.4021194368756       2.407776294046792E-003   93.7710724520234     
  -14.3711376021798       2.533016380490301E-003   93.7736054684039     
  -14.3401557674841       2.517909961279394E-003   93.7761233783651     
  -14.3091739327884       2.573754055107500E-003   93.7786971324202     
  -14.2781920980926       3.212127246859722E-003   93.7819092596671     
  -14.2472102633969       5.467749397400096E-003   93.7873770090645     
  -14.2162284287012       1.123347269551060E-002   93.7986104817600     
  -14.1852465940055       2.361792184241383E-002   93.8222284036024     
  -14.1542647593097       4.707963012610865E-002   93.8693080337285     
  -14.1232829246140       8.700553349017975E-002   93.9563135672187     
  -14.0923010899183       0.148560955618932        94.1048745228376     
  -14.0613192552225       0.235099505067172        94.3399740279048     
  -14.0303374205268       0.346923748367418        94.6868977762722     
  -13.9993555858311       0.481205993632113        95.1681037699043     
  -13.9683737511353       0.633103455715170        95.8012072256195     
  -13.9373919164396       0.796995520088159        96.5982027457077     
  -13.9064100817439       0.966439472038207        97.5646422177459     
  -13.8754282470481        1.13257004660290        98.6972122643488     
  -13.8444464123524        1.28248937292177        99.9797016372706     
  -13.8134645776567        1.39989427092852        101.379595908199     
  -13.7824827429609        1.46874101737078        102.848336925570     
  -13.7515009082652        1.47824660251848        104.326583528088     
  -13.7205190735695        1.42628164755798        105.752865175646     
  -13.6895372388738        1.31939240394173        107.072257579588     
  -13.6585554041780        1.17011929920850        108.242376878797     
  -13.6275735694823       0.993732883554127        109.236109762351     
  -13.5965917347866       0.805984862648494        110.042094624999     
  -13.5656099000908       0.621946937050268        110.664041562049     
  -13.5346280653951       0.455115777900477        111.119157339950     
  -13.5036462306994       0.316306459843891        111.435463799794     
  -13.4726643960036       0.212699020471007        111.648162820265     
  -13.4416825613079       0.147677685909880        111.795840506175     
  -13.4107007266122       0.121507511578441        111.917348017753     
  -13.3797188919164       0.132065805169629        112.049413822923     
  -13.3487370572207       0.174692047010343        112.224105869933     
  -13.3177552225250       0.241088042254554        112.465193912188     
  -13.2867733878292       0.318508066467803        112.783701978655     
  -13.2557915531335       0.391060053166959        113.174762031822     
  -13.2248097184378       0.443960788900143        113.618722820723     
  -13.1938278837421       0.469427283813103        114.088150104536     
  -13.1628460490463       0.471100320184106        114.559250424720     
  -13.1318642143506       0.464030066702317        115.023280491422     
  -13.1008823796549       0.469446567920857        115.492727059343     
  -13.0699005449591       0.506340103920794        115.999067163264     
  -13.0389187102634       0.583507985429314        116.582575148693     
  -13.0079368755677       0.695439345816024        117.278014494509     
  -12.9769550408719       0.823675897771527        118.101690392281     
  -12.9459732061762       0.943031848462560        119.044722240743     
  -12.9149913714805        1.03011298160639        120.074835222350     
  -12.8840095367847        1.07066795175350        121.145503174103     
  -12.8530277020890        1.06293880376207        122.208441977865     
  -12.8220458673933        1.01615760969055        123.224599587556     
  -12.7910640326975       0.945591996577971        124.170191584134     
  -12.7600821980018       0.866793505162696        125.036985089296     
  -12.7291003633061       0.791415462415809        125.828400551712     
  -12.6981185286104       0.725637870940021        126.554038422652     
  -12.6671366939146       0.670827836319579        127.224866258972     
  -12.6361548592189       0.625284091544366        127.850150350516     
  -12.6051730245232       0.585945540701015        128.436095891217     
  -12.5741911898274       0.549550154784262        128.985646046001     
  -12.5432093551317       0.513422203184449        129.499068249186     
  -12.5122275204360       0.476303402291200        129.975371651477     
  -12.4812456857402       0.439222308266908        130.414593959744     
  -12.4502638510445       0.405764588115783        130.820358547860     
  -12.4192820163488       0.381080180358000        131.201438728218     
  -12.3883001816530       0.369847795159095        131.571286523377     
  -12.3573183469573       0.374463019000430        131.945749542377     
  -12.3263365122616       0.394742419715748        132.340491962093     
  -12.2953546775659       0.429157094632182        132.769649056725     
  -12.2643728428701       0.476171646882265        133.245820703607     
  -12.2333910081744       0.534182491677938        133.780003195285     
  -12.2024091734787       0.600041019663488        134.380044214949     
  -12.1714273387829       0.667746309293577        135.047790524242     
  -12.1404455040872       0.728938404894033        135.776728929137     
  -12.1094636693915       0.775274172881178        136.552003102018     
  -12.0784818346957       0.801242502399249        137.353245604417     
  -12.0475000000000       0.805912439618194        138.159158044035     
  -12.0165181653043       0.793202378889535        138.952360422925     
  -11.9855363306085       0.771055409555460        139.723415832480     
  -11.9545544959128       0.749730487878102        140.473146320358     
  -11.9235726612171       0.739130743072448        141.212277063431     
  -11.8925908265213       0.745704084171161        141.957981147602     
  -11.8616089918256       0.770511386364051        142.728492533966     
  -11.8306271571299       0.810013114766267        143.538505648732     
  -11.7996453224342       0.859340953078195        144.397846601810     
  -11.7686634877384       0.915673104854174        145.313519706665     
  -11.7376816530427       0.978928012631526        146.292447719296     
  -11.7066998183470        1.04895592095936        147.341403640255     
  -11.6757179836512        1.12121541235446        148.462619052610     
  -11.6447361489555        1.18434046640891        149.646959519019     
  -11.6137543142598        1.22197258046933        150.868932099488     
  -11.5827724795640        1.21850096271821        152.087433062206     
  -11.5517906448683        1.16576858010938        153.253201642316     
  -11.5208088101726        1.06707854772351        154.320280190039     
  -11.4898269754768       0.936478577739280        155.256758767779     
  -11.4588451407811       0.794175241847128        156.050934009626     
  -11.4278633060854       0.660967925213627        156.711901934839     
  -11.3968814713896       0.554403998029942        157.266305932869     
  -11.3658996366939       0.487386183165008        157.753692116034     
  -11.3349178019982       0.468004015264107        158.221696131298     
  -11.3039359673025       0.498904257554718        158.720600388853     
  -11.2729541326067       0.575614106592620        159.296214495446     
  -11.2419722979110       0.684805130020219        159.981019625466     
  -11.2109904632153       0.804363643739709        160.785383269206     
  -11.1800086285195       0.906737441500551        161.692120710706     
  -11.1490267938238       0.965482215779363        162.657602926486     
  -11.1180449591281       0.962973510533716        163.620576437019     
  -11.0870631244323       0.896032876737467        164.516609313757     
  -11.0560812897366       0.776715113220793        165.293324426978     
  -11.0250994550409       0.627717828216155        165.921042255194     
  -10.9941176203451       0.474569317232969        166.395611572427     
  -10.9631357856494       0.338218025152980        166.733829597580     
  -10.9321539509537       0.230995151117058        166.964824748697     
  -10.9011721162579       0.156752345127504        167.121577093824     
  -10.8701902815622       0.113823651863557        167.235400745688     
  -10.8392084468665       9.855558708655399E-002   167.333956332774     
  -10.8082266121708       0.107639926239076        167.441596259013     
  -10.7772447774750       0.138658434247482        167.580254693261     
  -10.7462629427793       0.189289287951057        167.769543981212     
  -10.7152811080836       0.256118479572740        168.025662460785     
  -10.6842992733878       0.333943800744826        168.359606261530     
  -10.6533174386921       0.416040463602160        168.775646725132     
  -10.6223356039964       0.495299588267417        169.270946313399     
  -10.5913537693006       0.565668865645707        169.836615179045     
  -10.5603719346049       0.623110354302105        170.459725533347     
  -10.5293900999092       0.665490918836272        171.125216452183     
  -10.4984082652134       0.691460871609633        171.816677323793     
  -10.4674264305177       0.699193892624009        172.515871216417     
  -10.4364445958220       0.686258857500921        173.202130073918     
  -10.4054627611262       0.651315227981910        173.853445301900     
  -10.3744809264305       0.596909921943685        174.450355223843     
  -10.3434990917348       0.531438388809160        174.981793612652     
  -10.3125172570391       0.468469819618389        175.450263432271     
  -10.2815354223433       0.423264905329711        175.873528337601     
  -10.2505535876476       0.408260315606123        176.281788653207     
  -10.2195717529519       0.430018094890657        176.711806748097     
  -10.1885899182561       0.489049329702980        177.200856077800     
  -10.1576080835604       0.581865139794315        177.782721217595     
  -10.1266262488647       0.703174275094147        178.485895492689     
  -10.0956444141689       0.846408091571307        179.332303584260     
  -10.0646625794732        1.00241398608766        180.334717570348     
  -10.0336807447775        1.15780523806424        181.492522808412     
  -10.0026989100817        1.29479076911452        182.787313577527     
  -9.97171707538601        1.39328252099464        184.180596098521     
  -9.94073524069028        1.43477286710293        185.615368965624     
  -9.90975340599455        1.40685239179594        187.022221357420     
  -9.87877157129882        1.30722326298533        188.329444620405     
  -9.84778973660309        1.14603624971500        189.475480870120     
  -9.81680790190736       0.945316842866511        190.420797712987     
  -9.78582606721163       0.734841285095009        191.155638998082     
  -9.75484423251590       0.545355674339114        191.700994672421     
  -9.72386239782016       0.401581903437629        192.102576575859     
  -9.69288056312443       0.317689864926937        192.420266440786     
  -9.66189872842870       0.296536051981800        192.716802492767     
  -9.63091689373297       0.332020035340365        193.048822528108     
  -9.59993505903724       0.412683498689961        193.461506026798     
  -9.56895322434151       0.524645808790482        193.986151835588     
  -9.53797138964578       0.652847979667892        194.638999815256     
  -9.50698955495005       0.780909370858347        195.419909186114     
  -9.47600772025432       0.891160010523030        196.311069196637     
  -9.44502588555858       0.966753912692971        197.277823109330     
  -9.41404405086285       0.996466230550970        198.274289339881     
  -9.38306221616712       0.980279940128055        199.254569280009     
  -9.35208038147139       0.932062992142808        200.186632272152     
  -9.32109854677566       0.876387400115551        201.063019672268     
  -9.29011671207993       0.839769698905073        201.902789371173     
  -9.25913487738420       0.840100010766462        202.742889381939     
  -9.22815304268847       0.879307527135650        203.622196909075     
  -9.19717120799274       0.942681256241507        204.564878165316     
  -9.16618937329700        1.00499752519707        205.569875690514     
  -9.13520753860127        1.04058552714137        206.610461217655     
  -9.10422570390554        1.03295452562186        207.643415743277     
  -9.07324386920981       0.980041437253698        208.623457180530     
  -9.04226203451408       0.893307344275440        209.516764524806     
  -9.01128019981835       0.791899858753705        210.308664383560     
  -8.98029836512261       0.695358471416791        211.004022854976     
  -8.94931653042688       0.618557161592414        211.622580016569     
  -8.91833469573115       0.570760094468087        212.193340111037     
  -8.88735286103542       0.558172886294968        212.751512997332     
  -8.85637102633969       0.587712291762947        213.339225289095     
  -8.82538919164396       0.669445832185062        214.008671121280     
  -8.79440735694823       0.815953658024315        214.824624779304     
  -8.76342552225250        1.03828867152594        215.862913450830     
  -8.73244368755677        1.33990920848266        217.202822659313     
  -8.70146185286104        1.71132695236870        218.914149611681     
  -8.67048001816530        2.12836205759436        221.042511669276     
  -8.63949818346957        2.55537791304450        223.597889582320     
  -8.60851634877384        2.95239454458402        226.550284126904     
  -8.57753451407811        3.28315994828233        229.833444075187     
  -8.54655267938238        3.52131504200019        233.354759117187     
  -8.51557084468665        3.65342383975726        237.008182956944     
  -8.48458900999092        3.67929371447820        240.687476671422     
  -8.45360717529519        3.61042721864973        244.297903890072     
  -8.42262534059946        3.46693974674917        247.764843636821     
  -8.39164350590372        3.27314552165785        251.037989158479     
  -8.36066167120799        3.05275023323136        254.090739391710     
  -8.32967983651226        2.82518449185845        256.915923883569     
  -8.29869800181653        2.60397796584655        259.519901849416     
  -8.26771616712080        2.39668347978741        261.916585329203     
  -8.23673433242507        2.20528427540460        264.121869604608     
  -8.20575249772934        2.02686388575120        266.148733490359     
  -8.17477066303361        1.85535629711290        268.004089787472     
  -8.14378882833788        1.68488145611016        269.688971243582     
  -8.11280699364214        1.51360314225247        271.202574385834     
  -8.08182515894641        1.34589306077559        272.548467446610     
  -8.05084332425068        1.19121453984340        273.739681986453     
  -8.01986148955495        1.06019261383779        274.799874600291     
  -7.98887965485922       0.960165218410246        275.760039818701     
  -7.95789782016349       0.892715581629915        276.652755400331     
  -7.92691598546776       0.854206528512514        277.506961928844     
  -7.89593415077202       0.838349888014296        278.345311816858     
  -7.86495231607629       0.838809958190333        279.184121775048     
  -7.83397048138056       0.850410557665613        280.034532332714     
  -7.80298864668483       0.869026898450630        280.903559231165     
  -7.77200681198910       0.891284042040648        281.794843273205     
  -7.74102497729337       0.914906936849471        282.709750210055     
  -7.71004314259764       0.939508981164033        283.649259191219     
  -7.67906130790191       0.967013278321812        284.616272469540     
  -7.64807947320618        1.00125955407117        285.617532023612     
  -7.61709763851044        1.04693827170215        286.664470295314     
  -7.58611580381471        1.10804894315055        287.772519238464     
  -7.55513396911898        1.18593348737779        288.958452725842     
  -7.52415213442325        1.27741163999820        290.235864365840     
  -7.49317029972752        1.37440673490980        291.610271100750     
  -7.46218846503179        1.46627030194277        293.076541402693     
  -7.43120663033606        1.54405537880655        294.620596781499     
  -7.40022479564033        1.60374310760605        296.224339889105     
  -7.36924296094460        1.64548272518939        297.869822614295     
  -7.33826112624886        1.66901895179634        299.538841566091     
  -7.30727929155313        1.66919957039340        301.208041136485     
  -7.27629745685740        1.63617416150103        302.844215297986     
  -7.24531562216167        1.56145704715422        304.405672345140     
  -7.21433378746594        1.44612756453375        305.851799909674     
  -7.18335195277021        1.30525177491424        307.157051684588     
  -7.15237011807448        1.16495548806928        308.322007172657     
  -7.12138828337875        1.05342055639331        309.375427729050     
  -7.09040644868302       0.990624606345855        310.366052335396     
  -7.05942461398729       0.981729899851462        311.347782235248     
  -7.02844277929155        1.01643278326923        312.364215018517     
  -6.99746094459582        1.07357294234056        313.437787960857     
  -6.96647910990009        1.12846020122220        314.566248162080     
  -6.93549727520436        1.15996836639111        315.726216528471     
  -6.90451544050863        1.15514801236660        316.881364540837     
  -6.87353360581290        1.11057469926517        317.991939240103     
  -6.84255177111717        1.03125213146267        319.023191371565     
  -6.81156993642144       0.928643876970814        319.951835248536     
  -6.78058810172571       0.818787558495031        320.770622807031     
  -6.74960626702997       0.720206729257082        321.490829536288     
  -6.71862443233424       0.650921706547626        322.141751242836     
  -6.68764259763851       0.624766830345603        322.766518073181     
  -6.65666076294278       0.648325718009253        323.414843791191     
  -6.62567892824705       0.719686893207508        324.134530684398     
  -6.59469709355132       0.828980267722075        324.963510952120     
  -6.56371525885558       0.959797745511639        325.923308697632     
  -6.53273342415985        1.09115361226953        327.014462309901     
  -6.50175158946412        1.20073895113430        328.215201261036     
  -6.47076975476839        1.27010973062526        329.485310991661     
  -6.43978792007266        1.29071075550085        330.776021747162     
  -6.40880608537693        1.26791430300001        332.043936050162     
  -6.37782425068120        1.22044458950138        333.264380639663     
  -6.34684241598547        1.17473046721211        334.439111106875     
  -6.31586058128974        1.15617549129799        335.595286598173     
  -6.28487874659401        1.18053384471947        336.775820442893     
  -6.25389691189827        1.24847684163984        338.024297284533     
  -6.22291507720254        1.34566353363189        339.369960818164     
  -6.19193324250681        1.44912966784835        340.819090486013     
  -6.16095140781108        1.53805947142050        342.357149957433     
  -6.12996957311535        1.60376103655065        343.960910993984     
  -6.09898773841962        1.65260463797748        345.613515631962     
  -6.06800590372389        1.69916214142453        347.312677773386     
  -6.03702406902816        1.75359837461102        349.066276147997     
  -6.00604223433243        1.81244632935915        350.878722477356     
  -5.97506039963669        1.86035958227695        352.739082059633     
  -5.94407856494096        1.88246379219034        354.621545851824     
  -5.91309673024523        1.87846821590254        356.500014067726     
  -5.88211489554950        1.86767952523422        358.367693592960     
  -5.85113306085377        1.88037017421441        360.248063767175     
  -5.82015122615804        1.94071469215465        362.188778459329     
  -5.78916939146231        2.05222239719721        364.241000856527     
  -5.75818755676658        2.19433748164885        366.435338338175     
  -5.72720572207085        2.33112168406417        368.766460022240     
  -5.69622388737511        2.42592213149356        371.192382153733     
  -5.66524205267938        2.45426996575188        373.646652119485     
  -5.63426021798365        2.41058224081296        376.057234360298     
  -5.60327838328792        2.30853491452616        378.365769274824     
  -5.57229654859219        2.17687411725272        380.542643392077     
  -5.54131471389646        2.05205856831704        382.594701960394     
  -5.51033287920072        1.96884507893663        384.563547039331     
  -5.47935104450499        1.95096716963990        386.514514208971     
  -5.44836920980926        2.00510301566511        388.519617224636     
  -5.41738737511353        2.12050081767336        390.640118042309     
  -5.38640554041780        2.27398952410083        392.914107566410     
  -5.35542370572207        2.43760850404477        395.351716070455     
  -5.32444187102634        2.58542143948215        397.937137509937     
  -5.29346003633061        2.69722328544026        400.634360795377     
  -5.26247820163488        2.75874909329962        403.393109888677     
  -5.23149636693915        2.75977445214590        406.152884340823     
  -5.20051453224341        2.69261199336967        408.845496334192     
  -5.16953269754768        2.55329680139414        411.398793135586     
  -5.13855086285195        2.34580708093042        413.744600216517     
  -5.10756902815622        2.08683713576106        415.831437352278     
  -5.07658719346049        1.80704336911886        417.638480721397     
  -5.04560535876476        1.54600431880837        419.184485040205     
  -5.01462352406903        1.34181379434267        420.526298834548     
  -4.98364168937330        1.21965403255813        421.745952867106     
  -4.95265985467757        1.18443446940397        422.930387336510     
  -4.92167801998183        1.22037264026810        424.150759976778     
  -4.89069618528610        1.29703934670295        425.447799323481     
  -4.85971435059037        1.37896279697057        426.826762120452     
  -4.82873251589464        1.43525057206420        428.262012692516     
  -4.79775068119891        1.44646733716401        429.708480029680     
  -4.76676884650318        1.40740899214209        431.115889021822     
  -4.73578701180745        1.32584707125025        432.441736093072     
  -4.70480517711172        1.21844671551328        433.660182808585     
  -4.67382334241599        1.10564717093010        434.765829979515     
  -4.64284150772026        1.00714884253834        435.772978822054     
  -4.61185967302452       0.938823417341957        436.711802239396     
  -4.58087783832879       0.910837242407776        437.622639481803     
  -4.54989600363306       0.926309228811288        438.548948710615     
  -4.51891416893733       0.980311941062663        439.529260651677     
  -4.48793233424160        1.05997651298917        440.589237164667     
  -4.45695049954587        1.14679591852005        441.736033083187     
  -4.42596866485014        1.22130406606539        442.957337149252     
  -4.39498683015441        1.26869148084710        444.226028630099     
  -4.36400499545868        1.28291385147946        445.508942481579     
  -4.33302316076294        1.26734338004981        446.776285861628     
  -4.30204132606721        1.23172639050919        448.008012252138     
  -4.27105949137148        1.18705293230245        449.195065184440     
  -4.24007765667575        1.14091651309315        450.335981697533     
  -4.20909582198002        1.09568120126277        451.431662898796     
  -4.17811398728429        1.05047062853370        452.482133527330     
  -4.14713215258855        1.00612158942821        453.488255116758     
  -4.11615031789282       0.970468539677524        454.458723656435     
  -4.08516848319709       0.960480636813517        455.419204293249     
  -4.05418664850136       0.998608407425316        456.417812700674     
  -4.02320481380563        1.10335593524930        457.521168635924     
  -3.99222297910990        1.27767275142905        458.798841387353     
  -3.96124114441417        1.50135338445817        460.300194771811     
  -3.93025930971844        1.73315410486051        462.033348876671     
  -3.89927747502271        1.92399697089421        463.957345847566     
  -3.86829564032697        2.03620656737640        465.993552414942     
  -3.83731380563124        2.05916430344626        468.052716718388     
  -3.80633197093551        2.01263177564633        470.065348494035     
  -3.77535013623978        1.93546300721209        472.000811501247     
  -3.74436830154405        1.86565290304791        473.866464404295     
  -3.71338646684832        1.82244101305371        475.688905417348     
  -3.68240463215259        1.79962627662511        477.488531693973     
  -3.65142279745686        1.77257180591449        479.261103499888     
  -3.62044096276113        1.71380093133085        480.974904431219     
  -3.58945912806540        1.60807559688960        482.582980028108     
  -3.55847729336966        1.45947892285741        484.042458950966     
  -3.52749545867393        1.28871083479023        485.331169785756     
  -3.49651362397820        1.12437956866297        486.455549354419     
  -3.46553178928247       0.993905088325327        487.449454442744     
  -3.43454995458674       0.917486233437391        488.366940676182     
  -3.40356811989101       0.905328701053265        489.272269377235     
  -3.37258628519528       0.956916638625910        490.229186015861     
  -3.34160445049955        1.06176204348096        491.290948059342     
  -3.31062261580382        1.20184517447185        492.492793233814     
  -3.27964078110808        1.35555407117260        493.848347304986     
  -3.24865894641235        1.50212482274599        495.350472127732     
  -3.21767711171662        1.62575308017328        496.976225207906     
  -3.18669527702089        1.71944175999568        498.695666967901     
  -3.15571344232516        1.78858854344725        500.484255511348     
  -3.12473160762943        1.85265540990006        502.336910921249     
  -3.09374977293369        1.94182501199948        504.278735933248     
  -3.06276793823796        2.08686731440415        506.365603247652     
  -3.03178610354223        2.30468328550131        508.670286533154     
  -3.00080426884650        2.58616342837119        511.256449961525     
  -2.96982243415077        2.89340692725966        514.149856888784     
  -2.93884059945504        3.16894248545645        517.318799374241     
  -2.90785876475931        3.35312827270867        520.671927646949     
  -2.87687693006358        3.40190410228992        524.073831749239     
  -2.84589509536785        3.29811107465819        527.371942823898     
  -2.81491326067212        3.05413674547560        530.426079569373     
  -2.78393142597638        2.70761145944888        533.133691028822     
  -2.75294959128065        2.31274141386031        535.446432442682     
  -2.72196775658492        1.92882177853186        537.375254221214     
  -2.69098592188919        1.60735042804755        538.982604649262     
  -2.66000408719346        1.38070206146281        540.363306710725     
  -2.62902225249773        1.25642401151746        541.619730722242     
  -2.59804041780200        1.21968211708577        542.839412839328     
  -2.56705858310627        1.24259829159614        544.082011130924     
  -2.53607674841054        1.29584641569463        545.377857546619     
  -2.50509491371480        1.35735227863150        546.735209825250     
  -2.47411307901907        1.41543448957201        548.150644314822     
  -2.44313124432334        1.46715170373503        549.617796018557     
  -2.41214940962761        1.51453758519414        551.132333603751     
  -2.38116757493188        1.56098114592849        552.693314749680     
  -2.35018574023615        1.60844523939094        554.301759989071     
  -2.31920390554042        1.65528939298170        555.957049382052     
  -2.28822207084469        1.69481206742198        557.651861449474     
  -2.25724023614896        1.71543941321334        559.367300862688     
  -2.22625840145322        1.70357874603792        561.070879608725     
  -2.19527656675749        1.64908859184662        562.719968200572     
  -2.16429473206176        1.55165957048182        564.271627771054     
  -2.13331289736603        1.42523998840906        565.696867759463     
  -2.10233106267030        1.29783415059340        566.994701910056     
  -2.07134922797457        1.20559579188689        568.200297701943     
  -2.04036739327884        1.18240082676481        569.382698528708     
  -2.00938555858311        1.24810062167028        570.630799150378     
  -1.97840372388738        1.39975844466674        572.030557595045     
  -1.94742188919165        1.60978031785202        573.640337912897     
  -1.91644005449591        1.83251661993086        575.472854532828     
  -1.88545821980018        2.01714936981310        577.490003902641     
  -1.85447638510445        2.12156042577342        579.611564328414     
  -1.82349455040872        2.12176148961934        581.733325818034     
  -1.79251271571299        2.01459935081590        583.747925168850     
  -1.76153088101726        1.81525410916516        585.563179278015     
  -1.73054904632152        1.55253731547426        587.115716593489     
  -1.69956721162579        1.26377315214283        588.379489745632     
  -1.66858537693006       0.989352453709389        589.368842199341     
  -1.63760354223433       0.766899748027966        590.135741947369     
  -1.60662170753860       0.625987152784246        590.761729100154     
  -1.57563987284287       0.584659675800474        591.346388775954     
  -1.54465803814714       0.648045218863835        591.994433994818     
  -1.51367620345141       0.808258653134427        592.802692647952     
  -1.48269436875568        1.04505186047746        593.847744508430     
  -1.45171253405994        1.32784108429908        595.175585592729     
  -1.42073069936421        1.62012765893053        596.795713251659     
  -1.38974886466848        1.88598348224888        598.681696733908     
  -1.35876702997275        2.09637948356043        600.778076217469     
  -1.32778519527702        2.23281748724822        603.010893704717     
  -1.29680336058129        2.28762238532613        605.298516090043     
  -1.26582152588556        2.26261259559236        607.561128685635     
  -1.23483969118983        2.16831357574214        609.729442261377     
  -1.20385785649410        2.02395895649674        611.753401217874     
  -1.17287602179837        1.85626792866241        613.609669146537     
  -1.14189418710263        1.69487345751868        615.304542604055     
  -1.11091235240690        1.56474333416977        616.869285938225     
  -1.07993051771117        1.47892863649160        618.348214574717     
  -1.04894868301544        1.43581968351841        619.784034258235     
  -1.01796684831971        1.42284385920114        621.206878117436     
 -0.986985013623979        1.42473574827618        622.631613865712     
 -0.956003178928245        1.43185785130428        624.063471717017     
 -0.925021344232515        1.44432542451966        625.507797141536     
 -0.894039509536785        1.47048964710274        626.978286788639     
 -0.863057674841052        1.52153875975420        628.499825548393     
 -0.832075840145322        1.60545724789676        630.105282796290     
 -0.801094005449592        1.72281787908855        631.828100675378     
 -0.770112170753858        1.86517007360705        633.693270748985     
 -0.739130336058128        2.01583027158511        635.709101020571     
 -0.708148501362398        2.15304461092457        637.862145631495     
 -0.677166666666665        2.25560346218982        640.117749093685     
 -0.646184831970935        2.30993085485095        642.427679948536     
 -0.615202997275205        2.31599563579583        644.743675584332     
 -0.584221162579471        2.28887832229298        647.032553906625     
 -0.553239327883741        2.25449256147761        649.287046468102     
 -0.522257493188011        2.24084990884292        651.527896376945     
 -0.491275658492278        2.26838689602849        653.796283272974     
 -0.460293823796547        2.34303508825167        656.139318361225     
 -0.429311989100817        2.45420075243831        658.593519113664     
 -0.398330154405084        2.57778531276376        661.171304426427     
 -0.367348319709354        2.68289329112994        663.854197717557     
 -0.336366485013624        2.74037278938657        666.594570506944     
 -0.305384650317894        2.73145034963364        669.326020856578     
 -0.274402815622160        2.65467050378796        671.980691360366     
 -0.243420980926430        2.52884829032507        674.509539650691     
 -0.212439146230700        2.38964695524552        676.899186605936     
 -0.181457311534967        2.27901881977551        679.178205425712     
 -0.150475476839237        2.23025093299462        681.408456358706     
 -0.119493642143507        2.25487108226632        683.663327440973     
 -8.851180744777309E-002   2.33834285453161        686.001670295504     
 -5.752997275204308E-002   2.44777440321372        688.449444698718     
 -2.654813805631306E-002   2.54828044617035        690.997725144888     
  4.433696639420504E-003   2.61924743923185        693.616972584120     
  3.541553133515052E-002   2.66148711721367        696.278459701334     
  6.639736603088053E-002   2.69175060943743        698.970210310771     
  9.737920072661410E-002   2.72877090862146        701.698981219393     
  0.128361035422344        2.77970808779956        704.478689307192     
  0.159342870118074        2.83466648300065        707.313355790193     
  0.190324704813808        2.87119342553155        710.184549215724     
  0.221306539509538        2.86461497764112        713.049164193366     
  0.252288374205268        2.79762521757127        715.846789410937     
  0.283270208901001        2.66472353791402        718.511512948851     
  0.314252043596731        2.47161301117478        720.983125960026     
  0.345233878292461        2.23280902955400        723.215934989580     
  0.376215712988195        1.97019113729179        725.186126126871     
  0.407197547683925        1.71213674800852        726.898262874880     
  0.438179382379655        1.49064627573251        728.388909150613     
  0.469161217075388        1.33497851590557        729.723887666518     
  0.500143051771119        1.26372921505388        730.987616881572     
  0.531124886466849        1.27947360533325        732.267090486905     
  0.562106721162579        1.36868650406708        733.635776990972     
  0.593088555858312        1.50594975450660        735.141726745479     
  0.624070390554042        1.65911769175378        736.800844437233     
  0.655052225249772        1.79335729273200        738.594201729965     
  0.686034059945506        1.87520594537199        740.469407675337     
  0.717015894641236        1.87915289929135        742.348560574628     
  0.747997729336966        1.79673052476994        744.145291099398     
  0.778979564032699        1.64383765559383        745.789128754992     
  0.809961398728429        1.46034129623839        747.249470051230     
  0.840943233424159        1.29914770955485        748.548617760785     
  0.871925068119893        1.20790444182669        749.756522202612     
  0.902906902815623        1.21108135493721        750.967603557549     
  0.933888737511353        1.30056304328334        752.268166600832     
  0.964870572207086        1.43918852370562        753.707355124538     
  0.995852406902817        1.57591643120021        755.283271555738     
   1.02683424159855        1.66596405175410        756.949235607492     
   1.05781607629428        1.68676710616789        758.636002713660     
   1.08879791099001        1.64259618767997        760.278598901340     
   1.11977974568574        1.55667215675534        761.835271058095     
   1.15076158038147        1.45638956053280        763.291660618628     
   1.18174341507720        1.36050457669704        764.652165195325     
   1.21272524977293        1.27478339166439        765.926948586990     
   1.24370708446867        1.19646571232711        767.123414299317     
   1.27468891916440        1.12231703353241        768.245731332849     
   1.30567075386013        1.05365541377086        769.299386746620     
   1.33665258855586       0.995054308429787        770.294441055050     
   1.36763442325159       0.948745148765548        771.243186203816     
   1.39861625794732       0.910149654309377        772.153335858125     
   1.42959809264305       0.869028418633481        773.022364276758     
   1.46057992733878       0.816243824520916        773.838608101279     
   1.49156176203451       0.751595203022016        774.590203304301     
   1.52254359673024       0.687065544776407        775.277268849078     
   1.55352543142598       0.642802850214158        775.920071699292     
   1.58450726612171       0.637769759571833        776.557841458864     
   1.61548910081744       0.679937005201868        777.237778464066     
   1.64647093551317       0.760725484957520        777.998503949023     
   1.67745277020890       0.856050700561810        778.854554649585     
   1.70843460490463       0.933528137933176        779.788082787518     
   1.73941643960037       0.963177926068181        780.751260713586     
   1.77039827429610       0.927630970223181        781.678891683809     
   1.80138010899183       0.827778747893459        782.506670431703     
   1.83236194368756       0.681509652564963        783.188180084268     
   1.86334377838329       0.516289575207288        783.704469659475     
   1.89432561307902       0.359255330259882        784.063724989735     
   1.92530744777475       0.229335891453670        784.293060881189     
   1.95628928247048       0.134211134735555        784.427272015924     
   1.98727111716621       7.200748369985663E-002   784.499279499624     
   2.01825295186195       3.549709374336090E-002   784.534776593367     
   2.04923478655768       1.624143090132894E-002   784.551018024269     
   2.08021662125341       7.180656755869838E-003   784.558198681025     
   2.11119845594914       3.497730851005225E-003   784.561696411876     
   2.14218029064487       2.366438182583647E-003   784.564062850058     
   2.17316212534060       2.300446279715759E-003   784.566363296338     
   2.20414396003633       2.561392026374202E-003   784.568924688364     
   2.23512579473206       2.785663030340387E-003   784.571710351395     
   2.26610762942779       2.805995017636930E-003   784.574516346412     
   2.29708946412352       2.581666209338362E-003   784.577098012622     
   2.32807129881926       2.162040793535369E-003   784.579260053415     
   2.35905313351499       1.646654536847743E-003   784.580906707952     
   2.39003496821072       1.140300861916870E-003   784.582047008814     
   2.42101680290645       7.179406474830019E-004   784.582764949462     
   2.45199863760218       4.109618784311139E-004   784.583175911340     
   2.48298047229791       2.138724324004503E-004   784.583389783772     
   2.51396230699364       1.011919100166852E-004   784.583490975682     
   2.54494414168937       4.352833380496357E-005   784.583534504016     
   2.57592597638510       1.702279866051490E-005   784.583551526815     
   2.60690781108084       6.052290124911297E-006   784.583557579105     
   2.63788964577657       1.956299437803394E-006   784.583559535404     
   2.66887148047230       5.748763909818227E-007   784.583560110281     
   2.69985331516803       1.535796559993950E-007   784.583560263860     
   2.73083514986376       3.730004044807837E-008   784.583560301161     
   2.76181698455949       8.235641701196978E-009   784.583560309396     
   2.79279881925522       1.653080773071311E-009   784.583560311049     
   2.82378065395095       3.016442099227520E-010   784.583560311351     
   2.85476248864668       5.003752981704496E-011   784.583560311401     
   2.88574432334242       7.545572724621428E-012   784.583560311408     
   2.91672615803815       1.034378088083683E-012   784.583560311409     
   2.94770799273388       1.288998082902592E-013   784.583560311410     
   2.97868982742961       1.460237800627308E-014   784.583560311410     
   3.00967166212534       1.502793665195394E-015   784.583560311410     
   3.04065349682108       1.410059990166430E-016   784.583560311410     
   3.07163533151681       1.143291883918727E-017   784.583560311410     
   3.10261716621254       1.270324315465253E-018   784.583560311410     
   3.13359900090827       0.000000000000000E+000   784.583560311410     
   3.16458083560400       0.000000000000000E+000   784.583560311410     
   3.19556267029973       0.000000000000000E+000   784.583560311410     
   3.22654450499546       0.000000000000000E+000   784.583560311410     
   3.25752633969119       0.000000000000000E+000   784.583560311410     
   3.28850817438692       0.000000000000000E+000   784.583560311410     
   3.31949000908265       0.000000000000000E+000   784.583560311410     
   3.35047184377838       0.000000000000000E+000   784.583560311410     
   3.38145367847411       0.000000000000000E+000   784.583560311410     
   3.41243551316985       0.000000000000000E+000   784.583560311410     
   3.44341734786558       0.000000000000000E+000   784.583560311410     
   3.47439918256131       0.000000000000000E+000   784.583560311410     
   3.50538101725704       0.000000000000000E+000   784.583560311410     
   3.53636285195277       0.000000000000000E+000   784.583560311410     
   3.56734468664850       0.000000000000000E+000   784.583560311410     
   3.59832652134423       0.000000000000000E+000   784.583560311410     
   3.62930835603997       0.000000000000000E+000   784.583560311410     
   3.66029019073570       0.000000000000000E+000   784.583560311410     
   3.69127202543143       0.000000000000000E+000   784.583560311410     
   3.72225386012716       0.000000000000000E+000   784.583560311410     
   3.75323569482289       0.000000000000000E+000   784.583560311410     
   3.78421752951862       0.000000000000000E+000   784.583560311410     
   3.81519936421435       0.000000000000000E+000   784.583560311410     
   3.84618119891008       0.000000000000000E+000   784.583560311410     
   3.87716303360581       0.000000000000000E+000   784.583560311410     
   3.90814486830154       0.000000000000000E+000   784.583560311410     
   3.93912670299727       0.000000000000000E+000   784.583560311410     
   3.97010853769300       0.000000000000000E+000   784.583560311410     
   4.00109037238874       0.000000000000000E+000   784.583560311410     
   4.03207220708447       0.000000000000000E+000   784.583560311410     
   4.06305404178020       0.000000000000000E+000   784.583560311410     
   4.09403587647593       0.000000000000000E+000   784.583560311410     
   4.12501771117166       0.000000000000000E+000   784.583560311410     
   4.15599954586739       0.000000000000000E+000   784.583560311410     
   4.18698138056313       0.000000000000000E+000   784.583560311410     
   4.21796321525886       0.000000000000000E+000   784.583560311410     
   4.24894504995459       0.000000000000000E+000   784.583560311410     
   4.27992688465032       0.000000000000000E+000   784.583560311410     
   4.31090871934605       0.000000000000000E+000   784.583560311410     
   4.34189055404178       0.000000000000000E+000   784.583560311410     
   4.37287238873751       0.000000000000000E+000   784.583560311410     
   4.40385422343325       0.000000000000000E+000   784.583560311410     
   4.43483605812898       0.000000000000000E+000   784.583560311410     
   4.46581789282471       0.000000000000000E+000   784.583560311410     
   4.49679972752044       0.000000000000000E+000   784.583560311410     
   4.52778156221617       0.000000000000000E+000   784.583560311410     
   4.55876339691190       0.000000000000000E+000   784.583560311410     
   4.58974523160763       0.000000000000000E+000   784.583560311410     
   4.62072706630336       0.000000000000000E+000   784.583560311410     
   4.65170890099909       0.000000000000000E+000   784.583560311410     
   4.68269073569482       0.000000000000000E+000   784.583560311410     
   4.71367257039055       0.000000000000000E+000   784.583560311410     
   4.74465440508628       0.000000000000000E+000   784.583560311410     
   4.77563623978202       0.000000000000000E+000   784.583560311410     
   4.80661807447775       0.000000000000000E+000   784.583560311410     
   4.83759990917348       0.000000000000000E+000   784.583560311410     
   4.86858174386921       0.000000000000000E+000   784.583560311410     
   4.89956357856494       0.000000000000000E+000   784.583560311410     
   4.93054541326067       0.000000000000000E+000   784.583560311410     
   4.96152724795641       0.000000000000000E+000   784.583560311410     
   4.99250908265214       0.000000000000000E+000   784.583560311410     
