0.999420536608144 0.999420476200091 0.999420515672752 0.999420476200074 0.999420496610636 0.999420485301171 0.999420470529885 0.999420424188122 0.999420490737284 0.999420463024974 0.999420447966859 0.999420463024948 0.999420496610444 0.999420424188083 0.999420470529862 0.999420485301175
0.986472947602771 0.986473041604559 0.986473029989652 0.986473041604093 0.986473040238920 0.986473027689464 0.986473053260158 0.986473123126811 0.986472968101716 0.986473039844284 0.986473102763845 0.986473039845115 0.986473040238477 0.986473123126437 0.986473053259920 0.986473027689759
0.994114308346195 0.994114366976448 0.994114331371256 0.994114366976152 0.994114303752539 0.994114349104315 0.994114311787142 0.994114323960851 0.994114348613699 0.994114299681095 0.994114286454081 0.994114299681091 0.994114303752370 0.994114323961115 0.994114311787154 0.994114349104184
0.999951115357543 0.999951106432656 0.999951098732334 0.999951106432818 0.999951116466104 0.999951107138932 0.999951097274537 0.999951106237236 0.999951115998743 0.999951106767917 0.999951099178800 0.999951106767747 0.999951116466150 0.999951106237272 0.999951097274664 0.999951107138997
0.991177022329746 0.991177180305109 0.991177423298451 0.991177180305052 0.991177008444554 0.991177223231196 0.991177478913212 0.991177198439645 0.991177073766042 0.991177253138605 0.991177460773964 0.991177253139037 0.991177008444777 0.991177198439462 0.991177478913315 0.991177223231339
0.999085273500064 0.999083746760604 0.999082531000588 0.999083746760582 0.999085278832681 0.999083917632454 0.999082792344049 0.999083966361575 0.999085300217633 0.999084129976964 0.999083022540084 0.999084129977084 0.999085278833089 0.999083966361626 0.999082792343987 0.999083917632545
6.272162369453183E-004 1.902598979494265E-003 0.987123089811846 1.902598979494815E-003 1.344615779012403E-003 1.098583933458564E-002 0.988054351716720 1.100171908023861E-002 0.974548316332073 0.987004599000277 0.988544486040017 0.987004599000076 1.344615779009945E-003 1.100171908044217E-002 0.988054351716473 1.098583933452215E-002
0.988265628712519 0.987002350339023 1.684408474277787E-003 0.987002350338976 0.987471001892906 0.977880430938171 8.391254877000741E-004 0.977865924933274 1.134928448840129E-002 1.176540157273542E-003 3.288909124968173E-004 1.176540157274023E-003 0.987471001892875 0.977865924933559 8.391254877002541E-004 0.977880430938229
4.941395747129876E-004 8.720056433440368E-005 2.239491150714036E-004 8.720056433457516E-005 1.869117802180056E-004 1.436941727905258E-004 1.168722382064168E-004 1.404234175690629E-004 3.122776499757618E-003 8.417629103002952E-004 2.039353379883571E-005 8.417629103005828E-004 1.869117802178020E-004 1.404234175690536E-004 1.168722382066896E-004 1.436941727907543E-004
1.772980865359718E-004 5.143033946143950E-004 4.906859136022580E-004 5.143033946155598E-004 4.982073382282997E-004 7.476329830192395E-005 1.349590043556358E-004 7.779324004498957E-005 5.009804549087176E-004 7.260844905935239E-005 1.691865160607089E-004 7.260844905882063E-005 4.982073382261561E-004 7.779324004437016E-005 1.349590043554285E-004 7.476329830131425E-005
1.843961341704882E-005 1.766885015817367E-004 7.886065842325960E-004 1.766885015820015E-004 2.390958220654982E-004 5.388848491058161E-004 4.313726267459305E-005 5.336298506746559E-004 6.326196296563292E-004 8.171326386400460E-005 1.182923815920872E-004 8.171326386376985E-005 2.390958220653877E-004 5.336298506763309E-004 4.313726267449364E-005 5.388848491064861E-004
1.411148574475853E-004 1.883740552730919E-005 3.913954973369748E-004 1.883740552826643E-005 2.479029178137552E-004 1.313064909223372E-004 3.756805269837238E-004 1.308862267113808E-004 6.634177872839941E-004 5.887155783411935E-004 2.659773166056277E-003 5.887155783437876E-004 2.479029178132942E-004 1.308862267122076E-004 3.756805269818350E-004 1.313064909213935E-004
2.091746352273021E-004 0.894762229377723 2.221182400173192E-005 0.894762229377560 2.069093315109632E-003 7.255231415777672E-003 1.379747380302869E-003 7.812116107050310E-003 8.887109192868373E-004 8.295950306102375E-004 9.749564482857098E-004 8.295950306089707E-004 2.069093315110402E-003 7.812116107068823E-003 1.379747380301089E-003 7.255231415774137E-003
0.991953377595449 0.113179453328973 5.255577401117361E-005 0.113179453328894 6.586650377809401E-004 2.101014264612896E-002 0.989648935926985 1.588944605768993E-002 1.424524454589152E-003 0.991962757376707 1.210456021746815E-003 0.991962757376564 6.586650377814664E-004 1.588944605701439E-002 0.989648935926950 2.101014264497479E-002
0.993750996016380 0.968393119420568 3.043195119656541E-004 0.968393119421258 0.990669226437631 0.960205209138898 0.991863587862364 0.965460659254038 1.058063504911543E-002 0.993069190940680 8.919272392215431E-003 0.993069190940886 0.990669226437527 0.965460659254672 0.991863587862687 0.960205209140023
2.104994028099982E-003 1.098089222152541E-002 0.992493436352146 1.098089222128422E-002 0.993401384278665 0.972221466740852 2.511943930161578E-003 0.970581309484739 0.981519375845382 1.769782355823375E-003 0.982911627656230 1.769782355809736E-003 0.993401384278650 0.970581309484050 2.511943930166341E-003 0.972221466740434
1.117457298681042E-003 1.189385250149753E-004 0.993804297494369 1.189385250408715E-004 4.964798044175227E-004 2.777152038889992E-002 4.255522772713522E-003 2.871265603088349E-002 0.992364646615259 2.190657878758186E-003 0.993010550120570 2.190657878767885E-003 4.964798044171393E-004 2.871265603133791E-002 4.255522772719215E-003 2.777152038884228E-002
9.725819715942297E-004 2.015066359680573E-003 6.202009704010686E-003 2.015066359822048E-003 4.741477767443019E-004 3.177224250877299E-004 9.282231396553609E-005 3.631439943604424E-004 1.641029376384587E-003 1.666051011537484E-003 0.949147199544519 1.666051011536137E-003 4.741477767452921E-004 3.631439943616611E-004 9.282231396614075E-005 3.177224250877065E-004
1.092704637961692E-003 1.400837195090819E-003 1.967842672700939E-003 1.400837194943511E-003 2.256645946020638E-003 4.770623132304056E-003 2.626566565647406E-004 5.082070145636573E-003 4.802071455865370E-004 2.667597600122847E-003 4.199451321608284E-003 2.667597600250845E-003 2.256645945890244E-003 5.082070145634281E-003 2.626566565647151E-004 4.770623132303738E-003
2.939310310303884E-002 3.150060083823565E-004 1.438520177543545E-002 3.150060083842180E-004 2.346651706803237E-003 6.107601589107017E-004 0.944396992444068 1.126436138336790E-003 0.820259301833938 2.111939723296616E-003 1.355266672690951E-003 2.111939723184590E-003 2.346651706913641E-003 1.126436138335578E-003 0.944396992443917 6.107601589114179E-004
3.767199650793113E-003 0.101944656984873 2.754645841438608E-003 0.101944656985013 0.117856283579213 0.405937220425337 1.116971306889996E-002 0.416233284064867 3.113094258459740E-002 9.704317151645997E-004 5.874153895229141E-004 9.704317151510555E-004 0.117856283578965 0.416233284065391 1.116971306887285E-002 0.405937220425314
9.892557402364983E-004 0.855680757902718 0.911999364676027 0.855680757901046 0.741106266985500 0.538642940870990 1.850467270502322E-002 0.528138975932090 3.337507703931551E-003 0.920958335855403 1.056573039419880E-003 0.920958335856302 0.741106266984598 0.528138975931468 1.850467270502128E-002 0.538642940870390
1.158965936101406E-002 8.800841558561071E-003 5.901315666162809E-003 8.800841558634760E-003 0.101586672663375 1.545724669464550E-002 0.396260819325660 1.471935026450904E-002 8.291913960876741E-003 1.483035568000362E-002 0.859188614246967 1.483035567998231E-002 0.101586672663021 1.471935026452242E-002 0.396260819320456 1.545724669469457E-002
2.041364017091689E-002 5.144168687312126E-003 3.295350230446838E-002 5.144168687226424E-003 0.395858787439616 1.084261209045562E-003 0.559790465529213 1.096310085303366E-003 1.403747583456045E-002 2.602384502124682E-002 5.103064650016722E-002 2.602384502123941E-002 0.395858787439066 1.096310085302817E-003 0.559790465534196 1.084261209044992E-003
0.899857427851344 0.959400031931510 0.967868719805276 0.959400031931741 0.109992658154359 0.968176885785983 1.102251512176962E-002 0.966705086048971 4.672698222627131E-002 0.970276935383159 4.016120749786500E-003 0.970276935383243 0.109992658153769 0.966705086048467 1.102251512215765E-002 0.968176885786068
0.972673578469010 6.327484471033575E-003 2.640954610576279E-003 6.327484471032550E-003 0.458223867797722 4.385579352541738E-003 1.333820814967635E-003 5.496419531912441E-003 4.987928608764539E-002 8.527970754016106E-005 6.655374329223419E-002 8.527970753225892E-005 0.458223867798508 5.496419531910116E-003 1.333820814967466E-003 4.385579352533104E-003
5.322514162434582E-004 5.200472019009270E-003 3.980349273661339E-004 5.200472019003671E-003 1.017716715862967E-002 4.002451671902519E-003 3.595272577197263E-004 4.487848776275924E-003 0.970891013614138 8.513122844932713E-004 9.695660403696373E-003 8.513122845018099E-004 1.017716715872746E-002 4.487848776273352E-003 3.595272577202632E-004 4.002451671907131E-003
2.116894291454256E-003 8.158474445763514E-004 3.006678916240949E-004 8.158474445806776E-004 6.294226219987080E-003 3.791519695065387E-003 1.945729716751119E-003 3.567440874484518E-003 6.787564953022813E-004 1.214056974903640E-003 4.303488380061894E-004 1.214056974936043E-003 6.294226220108589E-003 3.567440874487562E-003 1.945729716755751E-003 3.791519695062882E-003
2.339529666816460E-004 6.150143901708496E-004 3.564052563326079E-003 6.150143901672168E-004 1.350475796493800E-003 8.899964032500222E-005 3.225587039389008E-003 2.470609761787966E-004 3.773441080684619E-004 1.774436155067031E-003 9.510860078323285E-005 1.774436155025302E-003 1.350475796378230E-003 2.470609761783749E-004 3.225587039390433E-003 8.899964032428691E-005
3.195695256009655E-004 2.240029281317912E-003 7.978668355749667E-003 2.240029281320894E-003 1.235234748151396E-004 9.144897996529080E-004 1.178521359557144E-004 1.042899725014799E-003 2.755077444785016E-005 3.100140893547189E-004 5.149940615387036E-004 3.100140893503508E-004 1.235234748154211E-004 1.042899725015934E-003 1.178521359547530E-004 9.144897996551748E-004
3.762695456787014E-003 1.309150204350108E-003 2.121082952211373E-003 1.309150204355075E-003 3.192256599405956E-003 1.085212235668865E-003 7.447552941510807E-005 1.066416033398698E-003 2.224619119583752E-004 9.229671241865957E-004 3.484604749659379E-004 9.229671241946848E-004 3.192256599367919E-003 1.066416033396714E-003 7.447552941596092E-005 1.085212235667998E-003
4.745614247742488E-004 0.993265790982702 0.985978566665817 0.993265790982634 1.437034116678427E-002 3.813236987505774E-003 2.309597215058458E-004 3.396424802662833E-003 3.113083406823601E-004 2.822058615666095E-003 3.417029599540558E-004 2.822058615663547E-003 1.437034116681658E-002 3.396424802661245E-003 2.309597215061079E-004 3.813236987503393E-003
2.554528272152690E-003 5.229766562997344E-003 3.329573410314801E-003 5.229766563058976E-003 0.971266521435811 2.350245871778445E-004 2.496207157364173E-004 4.625590015220278E-004 1.786513084148115E-004 2.178353480905282E-003 2.750456865867901E-004 2.178353480904884E-003 0.971266521436095 4.625590015214552E-004 2.496207157371838E-004 2.350245871775002E-004
7.242297934301436E-003 5.409187629333719E-003 1.453861161870388E-003 5.409187629248199E-003 1.706254420587963E-003 0.986670047055075 0.994452350776680 0.987820282162667 0.979364109131990 0.993906729552849 1.114757341174154E-003 0.993906729552913 1.706254420584592E-003 0.987820282162866 0.994452350776649 0.986670047054924
0.989026758152559 2.858850507291448E-002 1.998006362205683E-003 2.858850507272095E-002 1.491857484812879E-003 4.580878278542692E-003 6.273177723601672E-003 3.457362996834396E-003 6.097342154769320E-003 2.122233134975925E-003 6.999775948811474E-004 2.122233135003847E-003 1.491857484817375E-003 3.457362996855300E-003 6.273177723592473E-003 4.580878278629724E-003
1.256763244664794E-004 2.461741086364076E-002 2.332555635118973E-004 2.461741086405654E-002 9.633538157883372E-003 3.290634979242191E-003 2.033709705837072E-003 2.898958452748905E-003 9.151936185084201E-003 8.345531093878559E-004 0.994706503260034 8.345531093619808E-004 9.633538157883287E-003 2.898958452746798E-003 2.033709705840366E-003 3.290634979239153E-003
1.625547348356530E-004 4.028007748045666E-002 5.852051049028520E-004 4.028007748130286E-002 5.640069828935539E-004 1.652466224795526E-003 0.984023503687634 5.175941260124290E-002 6.445599282058845E-003 0.993174906421371 0.975319014004716 0.993174906421430 5.640069828927888E-004 5.175941259680907E-002 0.984023503687686 1.652466224792946E-003
0.993871555226617 4.223960426631158E-002 4.877476240838174E-004 4.223960426062017E-002 0.979692935309869 0.989513155237190 6.250999408763815E-003 0.940017703571366 6.873122107840946E-003 6.268506933775544E-003 1.566369551112551E-002 6.268506933780293E-003 0.979692935309735 0.940017703575807 6.250999408766461E-003 0.989513155237354
4.480321614259287E-003 0.452479484157453 0.989643712860908 0.452479484122106 2.200326183436955E-002 3.018466966383037E-003 3.143552978848515E-003 2.853367201306262E-003 0.988934449595615 7.289715466969756E-003 1.862158188020838E-003 7.289715464413642E-003 2.200326183434118E-002 2.853367201302665E-003 3.143552978855441E-003 3.018466966385607E-003
0.984252180674088 0.402629600185310 1.232343510625870E-004 0.402629600225404 2.242566828054000E-003 0.965312150683177 1.321233584996022E-002 0.969422269793195 0.982571144870705 2.556012557236736E-002 9.896027457172541E-003 2.556012557568542E-002 2.242566828053089E-003 0.969422269793426 1.321233585000142E-002 0.965312150683319
4.143010071403020E-004 4.289245417611027E-003 2.800728776628307E-004 4.289245417591317E-003 5.770921446840493E-003 8.717775549810073E-003 5.354000621044893E-003 5.466418979741455E-003 4.405739431679491E-003 0.796885199354866 1.970845656470302E-003 0.796885199348221 5.770921446837137E-003 5.466418979742841E-003 5.354000621046164E-003 8.717775549825335E-003
6.870775691030254E-003 0.916777492039837 8.866651127912538E-003 0.916777492039860 0.971697525826145 1.979688785756954E-002 0.959164631274765 1.871761030184970E-002 6.185853455910399E-003 0.149581863588869 0.979557147880916 0.149581863594401 0.971697525826027 1.871761030184739E-002 0.959164631273886 1.979688785757272E-002
1.113839002825296E-002 7.352032192410334E-002 2.156010696755318E-002 7.352032192406843E-002 8.100284609176741E-003 2.185574371830061E-003 6.884673116574169E-003 2.253670372969150E-003 2.720859098246703E-003 8.564174873132404E-003 0.824736665442529 8.564174873048233E-003 8.100284609222302E-003 2.253670372969382E-003 6.884673116567303E-003 2.185574371831892E-003
1.105193823828096E-002 2.524014438180749E-003 0.953564854236606 2.524014438164614E-003 1.280952622400156E-003 6.740014086068123E-003 1.084505920529089E-003 7.188349143911014E-003 1.958011102068016E-003 4.717949331951571E-003 4.416670489510772E-003 4.717949332001046E-003 1.280952622396645E-003 7.188349143913875E-003 1.084505920528080E-003 6.740014086080740E-003
0.977812300012066 6.479569594606831E-004 5.581821379391717E-003 6.479569594663608E-004 0.800231333590663 1.300716409980188E-003 4.116241692569233E-004 5.523256590934698E-004 2.949412126937919E-003 5.538116715424324E-003 7.949084872470981E-002 5.538116715439156E-003 0.800231333590859 5.523256590896440E-004 4.116241692569609E-004 1.300716409970641E-003
0.929296771050159 0.985917937896407 1.998133331007206E-002 0.985917937896234 0.258969104423251 7.065978065307987E-003 4.822781833501750E-004 7.610169543077064E-003 6.163823204792550E-004 7.892773671040514E-003 0.263036430758259 7.892773670986253E-003 0.258969104423014 7.610169543092506E-003 4.822781833500840E-004 7.065978065294059E-003
2.521946885840725E-002 0.948233949524302 0.984159991837079 0.948233949523902 0.918814434830366 0.967196583944271 4.138317923367449E-003 0.967315910373956 1.040259471281822E-002 6.310391652228191E-003 1.589553550871257E-002 6.310391652253424E-003 0.918814434830512 0.967315910374002 4.138317923397528E-003 0.967196583944512
1.970098295234310E-002 1.544520461918471E-002 0.954425657134914 1.544520461916337E-002 3.611102553645493E-004 0.421860716754674 3.760546815195315E-002 0.425638710277377 7.037817748558077E-003 3.958051969076244E-002 7.970834796186529E-002 3.958051969079029E-002 3.611102553647938E-004 0.425638710277784 3.760546815192445E-002 0.421860716754893
5.331366415247649E-003 7.120481361631337E-003 1.496273866209217E-003 7.120481361656071E-003 9.276792065792714E-004 0.521161349494074 0.971828355233363 0.519677668668586 0.982644670788996 0.952702555218301 8.914817637834765E-002 0.952702555217976 9.276792065869045E-004 0.519677668668470 0.971828355233290 0.521161349494216
8.801073199823402E-003 1.402091732639517E-002 1.606826789813199E-003 1.402091732638841E-002 2.999070064586647E-003 4.078838422361310E-002 0.959870438039710 3.864088630754429E-002 0.976617780315376 0.962394649656456 7.150145728272490E-002 0.962394649655329 2.999070064585112E-003 3.864088630758748E-002 0.959870438039266 4.078838422362399E-002
1.402886187452674E-004 2.745909493988452E-003 9.994906879013492E-003 2.745909493969595E-003 2.394393544216830E-004 1.226624166731280E-002 1.746600621786077E-003 1.089329537734115E-002 6.305078733143479E-005 2.920632389417348E-003 0.502967518683140 2.920632389412790E-003 2.394393544217585E-004 1.089329537734489E-002 1.746600621804805E-003 1.226624166733031E-002
9.279142738706523E-005 5.724112352623542E-004 1.122665510285304E-002 5.724112352655309E-004 1.732623636508999E-004 8.704458973314736E-003 1.755172112021491E-002 9.497879883613726E-003 2.589677603762359E-005 1.822726129143965E-003 6.675279195028767E-002 1.822726129165134E-003 1.732623636537340E-004 9.497879883603677E-003 1.755172112020657E-002 8.704458973308708E-003
1.255911209116967E-004 2.047537934563494E-004 9.782764274906138E-004 2.047537934538258E-004 3.412561280897166E-004 5.092307071471235E-005 1.100657998633686E-003 1.063794521353951E-004 7.618317298951872E-005 2.729582888410317E-003 9.268736901572221E-005 2.729582888410752E-003 3.412561280911125E-004 1.063794521355050E-004 1.100657998637303E-003 5.092307071449897E-005
7.571440134173005E-005 2.138618414754937E-003 4.837853898493216E-004 2.138618414757038E-003 1.482746490756313E-003 1.060795056322998E-004 1.829254267818944E-003 2.178261780430528E-004 6.871249510021769E-005 1.064653441792257E-003 7.938432454989275E-005 1.064653441777859E-003 1.482746490761458E-003 2.178261780423616E-004 1.829254267841535E-003 1.060795056326309E-004
1.170836181381920E-004 6.598738604943752E-003 7.655546840977250E-004 6.598738604944162E-003 6.870289555412848E-004 1.427238469742175E-003 5.884965749089816E-004 1.437468510150046E-003 1.281412729230283E-002 1.070011362977502E-003 1.251426715152940E-004 1.070011362980401E-003 6.870289555368251E-004 1.437468510153390E-003 5.884965748810530E-004 1.427238469742148E-003
2.551729635174039E-004 2.620477399773409E-003 8.709567339641621E-004 2.620477399772583E-003 3.709143708000419E-003 3.032204800973815E-003 6.601536941503021E-005 2.894832484000351E-003 4.276646742288154E-003 1.821825688358775E-003 2.871267629021607E-004 1.821825688367751E-003 3.709143707999206E-003 2.894832484003079E-003 6.601536941591081E-005 3.032204800977623E-003
3.233413320905939E-003 3.973385226336996E-003 1.347499305696295E-003 3.973385226328380E-003 9.708056135932322E-003 3.859217318049224E-003 3.694083322571980E-004 4.442857845816942E-003 5.380814564682823E-003 3.482784591213541E-003 8.936872996651394E-004 3.482784591206614E-003 9.708056135920738E-003 4.442857845817038E-003 3.694083322594216E-004 3.859217318056052E-003
8.898251796568014E-003 1.043166357859864E-003 6.557776645316448E-004 1.043166357859553E-003 2.970324685321943E-002 4.616659892753233E-004 1.068839444722437E-003 8.873798572724062E-005 3.011927025447070E-002 4.427515677192346E-003 1.023503951088426E-003 4.427515677178455E-003 2.970324685317672E-002 8.873798572730874E-005 1.068839444719624E-003 4.616659892772708E-004
0.973029059553549 7.305780073378303E-004 1.086205200725830E-003 7.305780073402853E-004 8.551423495373252E-004 4.935185323478574E-005 6.687309566849097E-004 8.285045479836053E-005 1.245555555925042E-002 0.979230592813973 1.516301101769092E-003 0.979230592814363 8.551423495350049E-004 8.285045479765157E-005 6.687309566879404E-004 4.935185323487327E-005
0.987095273929407 0.839801600276446 3.868916352546046E-003 0.839801600276504 6.058808680821815E-003 6.811174438511236E-002 5.770767094739268E-003 6.765239880129345E-002 2.963646470503761E-002 0.990180797365803 5.732677687110718E-003 0.990180797365870 6.058808680806636E-003 6.765239880137411E-002 5.770767094739372E-003 6.811174438498260E-002
1.285915750407749E-003 0.913589342740299 3.527750207727721E-003 0.913589342740651 0.922108274117572 0.402315914296252 6.714952969147094E-003 0.397237318621131 3.564078777796110E-002 5.080043268783236E-005 0.978624816946391 5.080043268796466E-005 0.922108274117336 0.397237318620654 6.714952969149895E-003 0.402315914296613
2.036458257153340E-004 3.780167729081024E-002 2.037414036875617E-002 3.780167729134727E-002 0.955284748754564 0.789961968904773 6.466950863649801E-002 0.853514670887644 0.353468421473848 1.180944789177970E-004 0.987190056385215 1.180944789166842E-004 0.955284748754587 0.853514670887721 6.466950863647238E-002 0.789961968909056
3.778935290483180E-004 7.141463195895111E-002 0.972553975928455 7.141463195819092E-002 3.246236815358225E-002 0.697382113647572 0.920147279070119 0.638199769513645 0.896261521425750 5.204230513560725E-005 1.021489470247077E-003 5.204230513647380E-005 3.246236815360226E-002 0.638199769513537 0.920147279069921 0.697382113643227
1.490055756620235E-004 1.587805603122068E-002 0.981058512621692 1.587805603122507E-002 7.531720420997723E-003 4.752690399744965E-003 0.954047366415298 1.684089471804804E-003 0.604154802775045 5.433398010170143E-005 3.229378364668740E-004 5.433398010185379E-005 7.531720420988705E-003 1.684089471806882E-003 0.954047366415373 4.752690399745442E-003
4.714230731825598E-004 8.181167997140532E-002 1.854104606336717E-003 8.181167997140247E-002 1.660868061812980E-002 1.704229330356674E-003 8.876694049280071E-004 4.841436009843150E-003 3.341163094536464E-005 1.514765732799651E-003 2.266679314658787E-003 1.514765732805313E-003 1.660868061812891E-002 4.841436009839556E-003 8.876694049299355E-004 1.704229330355541E-003
1.327204874168553E-004 4.532564933942043E-003 8.040736197300003E-004 4.532564934006158E-003 1.584237606996187E-003 7.416675816456580E-003 1.391302357611368E-003 8.739323275230023E-003 5.103103099791183E-005 1.139226258249906E-003 5.026552415480337E-004 1.139226258233073E-003 1.584237606993362E-003 8.739323275229078E-003 1.391302357612759E-003 7.416675816457723E-003
1.360609845180469E-003 5.978499545586135E-003 6.622379938115129E-004 5.978499545531799E-003 3.761130874708604E-004 2.514796794875243E-003 3.018815487717462E-003 2.653607618596329E-003 1.734596048727204E-004 1.594138521640365E-003 3.567162657285012E-005 1.594138521635266E-003 3.761130874667427E-004 2.653607618586625E-003 3.018815487726306E-003 2.514796794856635E-003
6.866673765164452E-004 3.133173519139565E-003 3.535212801181689E-003 3.133173519135771E-003 7.138776450616863E-005 1.363675775653346E-003 2.359189082011672E-002 1.473956528012165E-003 8.665081574018149E-004 1.007098404999117E-003 4.588324021780927E-005 1.007098404978135E-003 7.138776450639292E-005 1.473956528018919E-003 2.359189082011342E-002 1.363675775654400E-003
3.423220153479923E-004 1.581806352000606E-003 3.715811827475817E-004 1.581806352003714E-003 1.177653441927055E-004 1.295655405979231E-003 1.369547168378999E-004 1.201198983626957E-003 3.852831868863276E-004 1.550795798872463E-003 3.237007157953975E-005 1.550795798869300E-003 1.177653441926336E-004 1.201198983621337E-003 1.369547168398129E-004 1.295655405983546E-003
4.138231738048009E-004 1.312790718736880E-003 4.272537124369325E-004 1.312790718737687E-003 3.830621739747157E-003 2.321473455470989E-003 9.053844286654746E-004 1.884908046158712E-003 3.678616607250751E-003 1.597319751514786E-003 3.782998359628297E-005 1.597319751515022E-003 3.830621739740148E-003 1.884908046157050E-003 9.053844286652661E-004 2.321473455471522E-003
1.469841586074693E-004 2.291645064764893E-003 1.048761161838767E-003 2.291645064753486E-003 2.242404748482185E-003 3.191538029273708E-004 6.100894308206245E-004 1.824619105246272E-003 1.171389781051771E-003 1.051013093843074E-003 1.184226999101699E-003 1.051013093838036E-003 2.242404748483754E-003 1.824619105246676E-003 6.100894308130390E-004 3.191538029277330E-004
8.581054849989080E-004 7.627813333746946E-003 2.049467948533687E-003 7.627813333747344E-003 3.248453462980502E-003 7.299298156087577E-003 8.306343535921486E-004 5.771279421037891E-003 2.313155212856688E-003 3.644887406450812E-003 1.368171088271393E-003 3.644887406443103E-003 3.248453462979194E-003 5.771279421033586E-003 8.306343535907865E-004 7.299298156093434E-003
1.766061034981049E-003 1.466469913168414E-004 4.092830644596818E-003 1.466469913180437E-004 6.287800611502416E-004 9.959262608213358E-005 7.658398808620051E-004 1.783677762911758E-004 4.248772048003093E-003 4.240877045482960E-003 3.451530680048449E-003 4.240877045475648E-003 6.287800611497456E-004 1.783677762897822E-004 7.658398808640050E-004 9.959262608187651E-005
3.169582105246775E-003 2.692237204900863E-004 8.024779805970149E-003 2.692237204881165E-004 2.065422885972957E-004 1.909657883023291E-003 2.862130440151620E-003 1.609244836201911E-003 1.134690907539923E-002 9.562579971974862E-003 4.651230400126010E-003 9.562579971977334E-003 2.065422885834149E-004 1.609244836200571E-003 2.862130440295407E-003 1.909657883010431E-003
2.319366743008562E-003 1.627234730940692E-003 6.330440805628725E-005 1.627234730942496E-003 3.465967217419106E-005 1.412038146184899E-003 2.092508278755115E-003 1.527411769575718E-003 2.530762814059561E-004 5.862625023242437E-004 4.009482939777944E-003 5.862625023244078E-004 3.465967217456062E-005 1.527411769585292E-003 2.092508278604101E-003 1.412038146190044E-003
2.066586625525607E-003 5.994506138661814E-004 6.977874162284020E-004 5.994506138761576E-004 4.296712867830254E-005 1.512199980713529E-004 8.656292402641244E-003 1.785380284048444E-004 8.938613476344688E-004 6.438323583960626E-005 4.664526734988577E-003 6.438323583860060E-005 4.296712868078910E-005 1.785380284043785E-004 8.656292402642504E-003 1.512199980723809E-004
1.068470498084689E-002 3.472617575682109E-004 4.634944323293611E-004 3.472617575708288E-004 1.820424272617933E-003 1.561950624788463E-004 1.375241449992640E-003 2.686950861423136E-004 1.723911371679288E-003 1.175202476990488E-003 3.909256003545823E-003 1.175202476990281E-003 1.820424272614125E-003 2.686950861423144E-004 1.375241450007877E-003 1.561950624785810E-004
8.418083117391612E-004 3.516321978011289E-003 1.219476988190709E-003 3.516321978007768E-003 4.649046673536448E-003 1.190789028836708E-002 4.077184120731675E-003 1.139034390727383E-002 1.474755685392702E-003 3.905326523552580E-004 2.329935447016017E-002 3.905326523539642E-004 4.649046673528109E-003 1.139034390726862E-002 4.077184120748240E-003 1.190789028836928E-002
5.370843246720775E-004 2.635333206963523E-003 1.415368202693599E-003 2.635333206965945E-003 1.051039207658949E-002 1.613768893581688E-004 2.714079062754667E-002 9.317292013464214E-005 8.761525236579731E-003 1.002626909994598E-003 2.979325342298956E-004 1.002626909988913E-003 1.051039207659138E-002 9.317292013440151E-005 2.714079062748308E-002 1.613768893575651E-004
8.164507491365682E-005 7.453700438452079E-003 4.549562156189301E-003 7.453700438465056E-003 8.538823106753102E-003 5.187167719051458E-003 8.739406552020043E-002 1.244361367896166E-002 2.883323436328823E-002 3.651057815065425E-003 1.966531312212826E-003 3.651057815074091E-003 8.538823106768808E-003 1.244361367897220E-002 8.739406552015433E-002 5.187167719044921E-003
2.093061982423031E-004 1.327745105074341E-003 0.932103620062258 1.327745105068320E-003 9.169363599166721E-003 9.844778735064995E-003 0.216977972925888 5.925256869259795E-003 1.825566880928115E-003 1.181243645371410E-003 3.043657176944430E-004 1.181243645370178E-003 9.169363599169467E-003 5.925256869280093E-003 0.216977972925457 9.844778735027674E-003
4.358234030746606E-004 1.801396284933456E-002 0.998081061891073 1.801396284935587E-002 3.136431941117615E-004 3.120078209871415E-002 9.936031189909422E-002 2.521394617156349E-002 2.882270434438092E-003 1.302494375524530E-003 1.138115744329158E-002 1.302494375518076E-003 3.136431941095251E-004 2.521394617150891E-002 9.936031189937716E-002 3.120078209878259E-002
1.080188948053051E-002 0.762312189048355 3.796809466768012E-003 0.762312189048183 4.001549016191200E-003 2.303967980933723E-002 0.507630874089161 1.369634556272658E-002 0.680136753720394 1.890473696400734E-003 2.180388534855313E-003 1.890473696411619E-003 4.001549016191669E-003 1.369634556272807E-002 0.507630874088342 2.303967980935162E-002
5.869496900000391E-003 3.353672020112680E-003 1.773874348092613E-003 3.353672020116852E-003 2.385808179017836E-002 0.851820237811663 6.139206340538337E-004 0.875022231018785 5.500645771893246E-002 9.478234378646493E-003 4.792789542493520E-003 9.478234378666503E-003 2.385808179018853E-002 0.875022231017797 6.139206340568663E-004 0.851820237810140
0.478522452523042 1.987872747056064E-002 3.511637885165941E-003 1.987872747053221E-002 9.430477299310111E-003 2.771456876868806E-002 1.739373753539640E-002 1.505533631949395E-002 0.167864336993515 0.505510373036970 1.641087671304415E-003 0.505510373036827 9.430477299306463E-003 1.505533631949574E-002 1.739373753538665E-002 2.771456876868500E-002
2.357180856909898E-002 0.154847440967627 3.656129182694263E-003 0.154847440967741 0.897175778161186 3.321278350653294E-003 2.871679154598675E-003 1.571403444554601E-003 3.699164214129175E-004 3.352222257896108E-002 0.182209165649125 3.352222257911382E-002 0.897175778161306 1.571403444555895E-003 2.871679154602956E-003 3.321278350654593E-003
0.447572507715244 2.435866998917260E-003 3.808734286382299E-003 2.435866998932661E-003 2.975279434332546E-003 2.296649717620801E-002 2.075724635218549E-002 1.622541814844502E-002 8.263684000102942E-003 0.419803840821785 0.747795640343722 0.419803840822402 2.975279434331608E-003 1.622541814841583E-002 2.075724635225160E-002 2.296649717559553E-002
0.999845758565053 6.817292121029297E-003 3.001995253685212E-003 6.817292121009780E-003 0.999399854221752 0.980839058013161 0.994946277369416 0.988764856046626 0.999273879880953 0.999748916009252 1.058627899509802E-003 0.999748916009237 0.999399854221686 0.988764856046697 0.994946277369365 0.980839058013807
3.684687611106613E-003 0.999730170592577 1.454212792380680E-002 0.999730170592591 7.019713855156487E-004 2.771914615797885E-003 3.198175491311514E-003 3.176734571039193E-003 1.489976891953878E-003 3.042243545501150E-004 4.191908978232159E-004 3.042243545515361E-004 7.019713855161350E-004 3.176734571028456E-003 3.198175491305264E-003 2.771914615792917E-003
6.460707427902699E-003 1.628905348089173E-003 1.648389145308112E-002 1.628905348090882E-003 3.749682099150241E-003 1.186124597447925E-003 9.572738181199791E-004 2.306297328493059E-003 1.120846910448486E-003 5.898927494618687E-004 8.570715933032572E-004 5.898927494623949E-004 3.749682099155772E-003 2.306297328492401E-003 9.572738181248311E-004 1.186124597450711E-003
3.441981321321922E-003 2.009941009652889E-003 1.331340253518522E-003 2.009941009650140E-003 4.693955561960560E-003 1.340073571343458E-002 2.839223130075603E-004 1.408418430393722E-002 4.545062109988444E-003 3.669502077809544E-004 7.658713526141942E-003 3.669502077823752E-004 4.693955561956815E-003 1.408418430393650E-002 2.839223130091350E-004 1.340073571343373E-002
6.232967540990311E-004 4.525285645088180E-003 1.274422798513201E-003 4.525285645100282E-003 4.277110627313003E-003 2.634389457720599E-004 8.575210573814619E-004 2.512306001502819E-004 2.941583115479980E-003 2.328657606954321E-003 0.999707847415763 2.328657606953134E-003 4.277110627318793E-003 2.512306001496387E-004 8.575210573806633E-004 2.634389457737381E-004
5.027596897687859E-003 7.130705275170433E-003 1.378105186903783E-003 7.130705275174602E-003 9.105398335865122E-004 2.099620404599062E-003 4.311625034336435E-004 1.541937142684754E-003 3.789900442361848E-003 3.089164290416656E-004 1.493138567764066E-004 3.089164290500980E-004 9.105398335719377E-004 1.541937142680622E-003 4.311625034331364E-004 2.099620404592949E-003
2.732737371059539E-003 1.435294205233250E-003 4.688450835621773E-003 1.435294205229295E-003 9.751889420736636E-003 5.286884973590475E-003 3.421645001604975E-004 5.093964798589244E-003 3.347910241723631E-003 1.551870302707021E-004 1.617764503401676E-004 1.551870302631854E-004 9.751889420743582E-003 5.093964798583809E-003 3.421645001578461E-004 5.286884973602826E-003
4.320450942027392E-003 8.282947760679754E-004 1.447824335827885E-004 8.282947760665268E-004 1.862125011766407E-004 1.759836374617272E-003 3.367275960649115E-003 2.304731214401859E-003 4.157042322188628E-003 4.102224440437647E-004 1.298528484870607E-004 4.102224440460971E-004 1.862125011748889E-004 2.304731214393049E-003 3.367275960671290E-003 1.759836374642610E-003
2.936281395226082E-004 1.125670795646307E-003 4.465661160607878E-004 1.125670795654592E-003 8.572645522046497E-005 1.433336462645708E-004 7.119139817679725E-003 1.102572947589467E-003 4.872065808434739E-003 2.908065457553412E-004 3.585416098784320E-004 2.908065457582819E-004 8.572645521707154E-005 1.102572947588736E-003 7.119139817694681E-003 1.433336462603599E-004
1.091308972832602E-003 9.701884894098826E-004 1.170295422316015E-003 9.701884894124061E-004 4.752235317930299E-004 3.193640078966795E-004 1.645968744718643E-003 5.704201844022854E-004 1.231199981401201E-003 1.339721678825172E-003 3.979481975812831E-004 1.339721678802179E-003 4.752235317933808E-004 5.704201844073821E-004 1.645968744722492E-003 3.193640078970174E-004
3.251584743195936E-003 1.518271255605970E-003 9.057920907012856E-004 1.518271255629554E-003 3.644805750429518E-003 1.908119985830718E-003 1.115946728211444E-003 1.659345399754187E-003 1.576068433587790E-003 1.262778581674178E-003 1.316425206493522E-003 1.262778581698808E-003 3.644805750453772E-003 1.659345399764023E-003 1.115946728205070E-003 1.908119985856516E-003
3.547693066694678E-003 1.307022326171440E-003 4.593095205063577E-003 1.307022326168252E-003 5.922692333713344E-003 1.369826175708409E-003 5.911229302414474E-004 1.118730741231449E-003 4.407751285908090E-003 1.230992974144240E-003 2.713085375649496E-003 1.230992974141358E-003 5.922692333722044E-003 1.118730741231518E-003 5.911229302404941E-004 1.369826175712117E-003
4.071503462897762E-003 6.186407907757856E-004 2.904682890646160E-003 6.186407907728270E-004 7.227132549783052E-004 3.218567946692514E-004 1.125098532556458E-003 4.390126826235729E-004 1.409650846487321E-003 1.303347116423690E-003 2.248834368408143E-003 1.303347116418666E-003 7.227132549473433E-004 4.390126826206517E-004 1.125098532557212E-003 3.218567946751195E-004
9.546138512225983E-004 3.450042385887677E-003 9.331282840107384E-005 3.450042385887766E-003 1.298810552976014E-003 3.816469343720669E-003 1.518935560521928E-004 4.085455195932332E-003 1.235683040035350E-004 3.682606477680188E-003 2.099232889976078E-003 3.682606477701798E-003 1.298810552978949E-003 4.085455195941410E-003 1.518935560521962E-004 3.816469343698095E-003
6.503818629167251E-003 1.656778910623431E-004 9.074633654860916E-005 1.656778910619366E-004 1.327100533395826E-003 5.944909027872862E-003 3.936643864923444E-004 5.405357524445505E-003 9.039714598429358E-005 3.899998469775228E-003 8.028004436999496E-003 3.899998469774874E-003 1.327100533402901E-003 5.405357524446826E-003 3.936643864927598E-004 5.944909027868929E-003
3.276496218043751E-003 2.680538303722728E-004 6.039055887568334E-004 2.680538303745247E-004 4.324914741146411E-004 1.299723390823319E-003 1.230411034415750E-003 1.563732895058305E-003 6.130653034700226E-004 5.154874756028290E-003 1.603865778771150E-003 5.154874756037533E-003 4.324914741164669E-004 1.563732895060264E-003 1.230411034421781E-003 1.299723390824065E-003
4.839676484687975E-004 1.255844120609361E-003 1.350684960300246E-004 1.255844120606912E-003 4.202594922170076E-004 9.765145272680199E-004 2.866161834374330E-003 7.176329063157980E-004 1.013477796014175E-003 1.179676946092731E-003 2.664691703698908E-003 1.179676946087290E-003 4.202594922200920E-004 7.176329063138190E-004 2.866161834377779E-003 9.765145272676460E-004
1.175336982499664E-003 3.986277155150662E-003 1.160156826744519E-003 3.986277155184442E-003 1.008682588356671E-003 4.768951242324847E-003 1.153414524336538E-003 4.233161111607145E-003 7.712373649310739E-004 3.029742527698006E-003 2.768199874201386E-003 3.029742527690141E-003 1.008682588363067E-003 4.233161111605309E-003 1.153414524336417E-003 4.768951242324369E-003
2.002564303788617E-002 2.299109119429879E-003 2.529711181263090E-003 2.299109119448871E-003 4.062926866796366E-003 2.821451241030236E-003 9.655309235870115E-004 3.105499676310944E-003 5.745141390307525E-004 7.779811602845519E-003 0.323764545093656 7.779811602853693E-003 4.062926866764150E-003 3.105499676304660E-003 9.655309235850122E-004 2.821451241028107E-003
4.845834979265108E-004 4.865713640024701E-003 1.842324794485380E-002 4.865713640022842E-003 2.148294282230089E-003 1.122653415461107E-003 4.935416656351263E-003 9.062070628317571E-004 1.307583150715904E-003 1.325687860878728E-003 4.508087361607332E-002 1.325687860833466E-003 2.148294282228716E-003 9.062070628078255E-004 4.935416652989532E-003 1.122653415461056E-003
9.656758192930750E-005 8.627206379350881E-003 2.578059933012930E-002 8.627206379376239E-003 1.484763537795254E-003 1.094474465821928E-002 7.834183691669163E-003 2.667683324163681E-003 5.014185499652742E-003 2.982967412083536E-004 2.563617092140590E-002 2.982967412178512E-004 1.484763537795164E-003 2.667683324163944E-003 7.834183695010249E-003 1.094474465822881E-002
3.118482799800160E-002 2.697087291760971E-002 2.837314189887349E-002 2.697087291759402E-002 2.265442599755144E-002 3.779594374684773E-003 0.934019918167234 5.226876048657938E-003 9.185745558074568E-003 2.528200587691262E-003 0.518044860010371 2.528200587657762E-003 2.265442599748470E-002 5.226876048654960E-003 0.934019918166392 3.779594374701861E-003
2.497599604805352E-004 0.469912035596994 3.698954272522588E-002 0.469912035596732 3.268198457104943E-004 3.721626197511002E-002 1.612055652750670E-002 4.998127238508998E-002 3.991779128635101E-004 1.186070869188782E-002 1.210129355721366E-003 1.186070869187360E-002 3.268198457146592E-004 4.998127238509963E-002 1.612055652750441E-002 3.721626197511541E-002
0.904164851250627 1.951863090029832E-002 3.193220254002167E-002 1.951863090063279E-002 2.737592199196396E-003 0.848000953461966 2.460776736838648E-002 0.826878418139437 0.492449647352218 3.269366093420194E-003 6.021946171175740E-003 3.269366093491034E-003 2.737592199192355E-003 0.826878418139203 2.460776736843552E-002 0.848000953462821
2.360216096833624E-003 0.385778559086235 0.154348486150615 0.385778559085857 0.752359164535013 1.158038504684080E-002 2.832842145159834E-003 3.655777468884668E-002 6.451266525192079E-002 0.302453179001932 9.954360591345086E-004 0.302453179001277 0.752359164534759 3.655777468883197E-002 2.832842145177106E-003 1.158038504684577E-002
8.923314468068079E-003 5.784150129347544E-003 0.214159469873176 5.784150129473043E-003 9.846261818737720E-003 1.593152010352325E-002 2.185451658702063E-003 2.868880450209730E-002 0.442495067962556 2.691857428874234E-002 1.487748500736542E-003 2.691857428994011E-002 9.846261818741516E-003 2.868880450209086E-002 2.185451658677628E-003 1.593152010355148E-002
1.641032149427383E-002 6.984325610836092E-002 0.226080208675614 6.984325610815818E-002 6.986240425543362E-003 4.488077762289953E-002 7.069038028083834E-003 2.119242704710729E-002 3.023983964766324E-004 0.155948080913641 3.950528378039818E-003 0.155948080912422 6.986240425520532E-003 2.119242704708429E-002 7.069038028027178E-003 4.488077762286595E-002
9.670528797258715E-004 1.796205712067711E-003 0.193935019173838 1.796205712100842E-003 0.189833707161869 2.227981584855185E-003 7.398421479600837E-003 1.330438946017934E-003 9.405668227936695E-004 0.357750287632435 1.616621684427010E-003 0.357750287633824 0.189833707161614 1.330438945996054E-003 7.398421479631729E-003 2.227981584856379E-003
2.493880849922032E-003 1.407497045193230E-003 1.571787203642512E-002 1.407497045825949E-003 2.232706146321058E-003 1.778989340411038E-003 9.642121193214848E-004 1.549915867596130E-003 1.411734978089491E-003 3.649657344411315E-002 1.314315302269669E-003 3.649657344455650E-002 2.232706146324761E-003 1.549915867607668E-003 9.642121193289321E-004 1.778989340414151E-003
1.871418081066457E-003 1.266185359490700E-003 5.720919548917438E-002 1.266185358842759E-003 1.720365146031002E-002 9.441241457443171E-003 1.055222883720711E-003 1.344198786616814E-002 1.550389039677336E-003 7.514510514228974E-002 3.338519088873398E-002 7.514510514194256E-002 1.720365146034606E-002 1.344198786619801E-002 1.055222883728716E-003 9.441241457436016E-003
7.170264477885452E-004 5.240085452139560E-003 3.587763281320092E-003 5.240085452170599E-003 1.196005783164663E-002 1.881519416145453E-003 4.082419080160515E-004 1.103368919051435E-003 1.606065687027697E-003 4.228211731550646E-003 1.700738784350518E-002 4.228211731605262E-003 1.196005783165569E-002 1.103368919053901E-003 4.082419080184485E-004 1.881519416141837E-003
4.627452422577499E-003 1.301740989822285E-002 7.135533389792271E-003 1.301740989817592E-002 2.338435319880202E-003 2.318679474624370E-002 9.574497904805977E-004 2.241902046105973E-002 1.945079388070381E-003 3.515747481944374E-002 1.849039599182563E-002 3.515747481942288E-002 2.338435319851173E-003 2.241902046108009E-002 9.574497904886238E-004 2.318679474627161E-002
1.764393634932633E-002 1.162525253239263E-003 8.013785251407457E-004 1.162525253266071E-003 1.464898922255360E-003 1.559479240782098E-003 4.506447157676964E-003 1.413572160338571E-003 2.220958070284912E-003 2.007738671032156E-003 2.203096052912878E-002 2.007738671034862E-003 1.464898922267293E-003 1.413572160335583E-003 4.506447157685433E-003 1.559479240778522E-003
5.122314585071687E-003 1.872345239391035E-002 6.821063514379598E-004 1.872345239383787E-002 1.822035326282508E-003 1.637471928372458E-002 9.753991785625474E-003 1.632454461377705E-002 1.168546478003244E-003 2.108969475285303E-003 2.366532777013150E-002 2.108969475288068E-003 1.822035326270132E-003 1.632454461383245E-002 9.753991785605560E-003 1.637471928371060E-002
3.967790419601424E-003 1.518851411391400E-002 7.925724600969700E-004 1.518851411390260E-002 1.025630003279979E-003 1.113936892678467E-003 1.422350074044505E-002 1.244473947374505E-003 6.723301289007636E-004 1.591279585554247E-002 2.971145382929014E-003 1.591279585549445E-002 1.025630003276658E-003 1.244473947383778E-003 1.422350074042379E-002 1.113936892677579E-003
1.021868712507844E-002 1.797634710754442E-003 5.296468019857397E-004 1.797634710777622E-003 1.049103683592225E-003 1.338218221089629E-003 1.842026232082634E-002 1.199192323617328E-003 1.363984484949637E-003 1.652810023897520E-002 3.195916421434658E-003 1.652810023896214E-002 1.049103683597268E-003 1.199192323609354E-003 1.842026232085178E-002 1.338218221098069E-003
1.739363124735291E-003 1.886920486141424E-003 1.149074578529808E-003 1.886920486113785E-003 1.029146042601444E-003 1.878010570974215E-003 2.924594860459216E-003 1.666293742949256E-003 3.349919908982983E-003 1.130785811864370E-003 3.869325819310782E-003 1.130785811848164E-003 1.029146042627621E-003 1.666293742957723E-003 2.924594860449818E-003 1.878010570975479E-003
1.231069073136251E-003 9.803637558729579E-004 1.003021785560828E-003 9.803637559021316E-004 8.228450376424165E-004 4.665297339814919E-003 1.065002887059452E-003 4.745216456150769E-003 3.664731878444894E-003 1.446478235015830E-003 9.651036162064747E-003 1.446478235007925E-003 8.228450376463454E-004 4.745216456127959E-003 1.065002887055197E-003 4.665297339833406E-003
1.950889062988910E-003 1.534877454907550E-003 1.310557128283883E-003 1.534877454920309E-003 2.188962052840938E-003 4.997229097579521E-003 3.775905244656024E-003 5.858349276212559E-003 3.348177003188129E-003 2.090669753799461E-003 8.511809155484780E-004 2.090669753798572E-003 2.188962052820868E-003 5.858349276219199E-003 3.775905244663068E-003 4.997229097611339E-003
1.409650263911527E-003 1.301462458826775E-003 1.590353592123921E-003 1.301462458832879E-003 1.473113283638449E-002 3.254934135083822E-003 1.492627210554138E-003 2.338615596692187E-003 7.697067883368692E-003 1.454915929552289E-003 7.533654289849402E-004 1.454915929557177E-003 1.473113283634075E-002 2.338615596654777E-003 1.492627210540830E-003 3.254934135078748E-003
7.434713023891571E-004 9.563193327307266E-004 1.465213857533947E-002 9.563193327338556E-004 1.358044065101509E-002 1.359238239507829E-002 1.383073324098119E-003 1.421132383055720E-002 9.580629071693848E-004 5.298911996339791E-004 1.722430578666168E-003 5.298911996343574E-004 1.358044065097162E-002 1.421132383053418E-002 1.383073324081693E-003 1.359238239510445E-002
1.833177793491482E-003 1.458237686037111E-003 1.566179672126583E-002 1.458237686042409E-003 1.026926425339730E-003 4.968276729733874E-004 2.094740286250051E-003 4.244291491395253E-004 1.066933360962515E-003 6.214566448801495E-004 5.194370269589231E-004 6.214566448949243E-004 1.026926425352846E-003 4.244291491415292E-004 2.094740286236749E-003 4.968276729742604E-004
1.480111389579286E-002 1.573931011722751E-003 1.513513605440836E-002 1.573931011707316E-003 1.472518530844481E-002 1.210383260129403E-003 2.156398828224413E-003 1.208832574341001E-003 1.614949573207691E-002 1.016178219058518E-003 3.394611220512945E-004 1.016178219042547E-003 1.472518530842781E-002 1.208832574341922E-003 2.156398828213625E-003 1.210383260139121E-003
1.383896524694441E-002 9.278691722560482E-003 1.401603843329521E-002 9.278691722556987E-003 2.017186483107440E-003 1.151225929405893E-003 1.783494149743032E-003 1.243603002973218E-003 1.392277265839837E-002 1.546077427512659E-003 5.322687172564002E-004 1.546077427509755E-003 2.017186483120629E-003 1.243603002966708E-003 1.783494149745428E-003 1.151225929406192E-003
3.247068593239376E-003 4.336926596750269E-003 8.334045147794742E-004 4.336926596774076E-003 2.730897200648376E-003 7.332221323532385E-004 2.450076936972825E-003 7.125081067152748E-004 1.315683117406204E-002 3.753049389232372E-003 4.171682378298144E-004 3.753049389205589E-003 2.730897200646567E-003 7.125081067201992E-004 2.450076936977551E-003 7.332221323469884E-004
5.054601472928118E-003 7.288819370776494E-003 3.152571072352208E-003 7.288819370796716E-003 6.276305148612576E-004 1.034764666373097E-002 1.849246713001612E-003 1.174623035037570E-002 1.404587221179971E-002 3.428143935310836E-003 1.651729490184159E-003 3.428143935290680E-003 6.276305148680560E-004 1.174623035045222E-002 1.849246713012182E-003 1.034764666371536E-002
1.094173548212629E-003 1.192135055752740E-003 2.752822928401245E-003 1.192135055770006E-003 1.247954593780959E-002 7.486726956001600E-003 4.647626380295168E-004 5.951041261372005E-003 1.401564251182802E-003 2.883281370969774E-003 4.943929121840417E-004 2.883281370998716E-003 1.247954593771640E-002 5.951041261304606E-003 4.647626380253226E-004 7.486726956001659E-003
1.098130901848138E-003 1.172383719448270E-003 2.670048443270885E-003 1.172383719446187E-003 9.612932859187743E-003 5.446724335966256E-004 4.189845352681842E-004 9.727553934920942E-004 3.347567556344462E-003 3.085318835419931E-003 3.102633013533582E-004 3.085318835411887E-003 9.612932859165405E-003 9.727553934868705E-004 4.189845352739585E-004 5.446724335789744E-004
1.830749900112529E-003 2.353593361351921E-003 1.953054819528045E-003 2.353593361342339E-003 4.190840249745057E-003 7.777285470420255E-004 9.521680829974754E-004 7.479025434692563E-004 9.437382746061495E-003 1.822650378729129E-003 3.840186845441802E-004 1.822650378665095E-003 4.190840249749719E-003 7.479025434731453E-004 9.521680830232406E-004 7.777285470709798E-004
1.659093606688295E-003 3.406078867970984E-003 3.772922375076084E-003 3.406078868002957E-003 7.070095007180664E-003 3.853712209491002E-003 8.884695625835676E-004 3.828314184565296E-003 7.985723627674352E-003 3.182539144924775E-003 5.376731741719813E-004 3.182539144904854E-003 7.070095007169820E-003 3.828314184531951E-003 8.884695625840536E-004 3.853712209500130E-003
3.795036908569521E-003 3.410350323555542E-003 3.853081971989303E-003 3.410350323568506E-003 1.061535022380657E-003 1.177716039606216E-003 8.155728653508506E-004 1.243713814781467E-003 1.399204845696101E-003 3.621095739307556E-003 6.235931639557532E-004 3.621095739255187E-003 1.061535022422865E-003 1.243713814786681E-003 8.155728653709928E-004 1.177716039607645E-003
3.727605106165686E-003 1.164416854161574E-003 3.067657518541457E-003 1.164416854146674E-003 6.618793112791486E-004 2.352264282424046E-003 8.644636741669387E-004 2.476179818738195E-003 1.750778566329888E-003 3.530675811044894E-003 8.062889904371043E-004 3.530675811044620E-003 6.618793112809873E-004 2.476179818758915E-003 8.644636741546223E-004 2.352264282438062E-003
4.983364243676113E-003 1.344239157469297E-003 3.184680441372420E-003 1.344239157459532E-003 8.274399493873866E-004 2.760880428885260E-003 1.620880170443491E-003 2.688972726699081E-003 6.892690628079585E-002 2.525479350314198E-003 5.295308601118251E-004 2.525479350350849E-003 8.274399493824480E-004 2.688972726667595E-003 1.620880170460347E-003 2.760880428860512E-003
3.440106888290551E-003 1.216205480679427E-003 7.548276189381632E-003 1.216205480645612E-003 1.592178802203763E-003 1.173480947186972E-003 1.048803988646510E-002 9.294211635876072E-004 1.228899533379351E-002 2.802873316385047E-003 7.375083423618019E-004 2.802873316408636E-003 1.592178802287055E-003 9.294211635928545E-004 1.048803988648098E-002 1.173480947182632E-003
1.221183441801771E-003 4.330717932707377E-003 1.167665087597750E-003 4.330717932686638E-003 8.709797886055350E-004 1.547515317961652E-003 9.068844810469203E-003 1.713927014924116E-003 5.257533016688348E-003 1.621024522853060E-003 1.688262431216034E-003 1.621024522861896E-003 8.709797886301368E-004 1.713927014931359E-003 9.068844810508911E-003 1.547515317928674E-003
9.943041721339079E-004 5.383723345449069E-003 1.321225340349093E-003 5.383723345391540E-003 1.900572204967877E-003 1.710461260483159E-003 3.368643493556459E-003 2.110743437346623E-003 1.806485815621076E-002 2.275057791475316E-003 1.552969563849118E-003 2.275057791451437E-003 1.900572204997304E-003 2.110743437362751E-003 3.368643493435051E-003 1.710461260460490E-003
1.655639386537256E-003 8.681630458684629E-003 9.562055341162731E-004 8.681630458689244E-003 9.728599236121601E-004 9.408354521687170E-003 4.046586521058360E-003 8.151362129693180E-003 1.731484698525791E-003 2.455743491293089E-003 1.756941640239532E-003 2.455743491301040E-003 9.728599235866826E-004 8.151362129664519E-003 4.046586521085430E-003 9.408354521697616E-003
1.295957783482808E-002 7.978940045065788E-003 1.651826449077848E-003 7.978940045048302E-003 5.748209560236229E-002 2.843411592588579E-003 4.849222773243843E-003 1.793612123783776E-003 9.275502090405036E-003 2.716242842206359E-003 2.539376057970913E-003 2.716242842155880E-003 5.748209560223125E-002 1.793612123774766E-003 4.849222773245109E-003 2.843411592613980E-003
7.917747483737195E-002 1.114447805633625E-002 8.579405980923870E-004 1.114447805635572E-002 5.681104813940347E-003 3.359486745347172E-003 5.359997165034572E-004 5.241587579112823E-003 4.590761690872729E-002 1.003295431014901E-003 4.598185760752955E-003 1.003295430985214E-003 5.681104813927794E-003 5.241587579145209E-003 5.359997164999379E-004 3.359486745372591E-003
1.129620221005709E-002 2.279521155974200E-003 6.428478046830208E-004 2.279521155977690E-003 4.323803089040208E-002 1.389753827333983E-002 5.162017776542482E-004 1.549096340777918E-002 4.185736477446643E-002 1.638499209316232E-003 1.735096257032192E-003 1.638499209296447E-003 4.323803089040319E-002 1.549096340777265E-002 5.162017776610100E-004 1.389753827338438E-002
1.155964018891873E-002 2.778327808835066E-003 4.282201947434417E-004 2.778327808828981E-003 6.286693214485961E-003 5.326907153049318E-003 3.072599977528036E-003 2.975409494406096E-003 3.899454255331775E-003 1.065451870081993E-002 2.000074427415146E-003 1.065451870082973E-002 6.286693214529629E-003 2.975409494430218E-003 3.072599977544251E-003 5.326907152993200E-003
1.234306622372934E-002 2.298353929490038E-002 4.938257133070100E-004 2.298353929493042E-002 5.215625884893248E-003 5.547354666090096E-003 2.539576821991611E-003 4.095599712681483E-003 8.161478418039794E-003 1.326552013119963E-002 2.477329958684638E-003 1.326552013120037E-002 5.215625884885253E-003 4.095599712686568E-003 2.539576821988780E-003 5.547354666077340E-003
1.014630128599694E-002 1.252287628884984E-002 9.797291922162499E-002 1.252287628839688E-002 5.132834882401561E-003 6.942289279913127E-003 1.588679531751431E-003 1.375941567196588E-002 2.571553420927520E-003 1.277795248975547E-002 1.591930745988868E-002 1.277795248973780E-002 5.132834882412677E-003 1.375941567201652E-002 1.588679531786590E-003 6.942289279888107E-003
5.060643434499942E-003 2.043129563428277E-002 8.751227548981040E-002 2.043129563440111E-002 8.660437014237092E-003 2.666156046513022E-002 1.874503400961537E-003 3.023137338491421E-002 1.989707172263687E-002 1.192927694723451E-002 1.775760904345377E-002 1.192927694722749E-002 8.660437014210201E-003 3.023137338502819E-002 1.874503400994217E-003 2.666156046543983E-002
6.064756732138676E-003 2.967321191598382E-002 1.026871887807116E-002 2.967321191617469E-002 6.850001130640490E-003 5.053221156873858E-002 5.584241093914622E-002 4.087138806308547E-002 1.077341519149920E-003 0.111208816914684 1.551558312623522E-002 0.111208816914642 6.850001130673941E-003 4.087138806302616E-002 5.584241093919589E-002 5.053221156840031E-002
1.051919329179610E-002 2.251517996527297E-002 1.327533654326485E-002 2.251517996529399E-002 8.790732680999941E-003 2.662324480518079E-002 6.912452322465112E-002 2.810190716433722E-002 1.333372177009152E-003 8.237835443219546E-002 1.999623945041128E-002 8.237835443209988E-002 8.790732680967915E-003 2.810190716435750E-002 6.912452322494117E-002 2.662324480517408E-002
8.134312980244526E-003 8.193695188460629E-004 6.662470839964039E-003 8.193695188358853E-004 1.948294318084371E-002 1.745002223398083E-003 3.531913626974949E-002 1.513692730998758E-003 1.068489585093171E-002 2.534358309064970E-002 4.361138002585824E-003 2.534358309069841E-002 1.948294318097171E-002 1.513692730988208E-003 3.531913626943213E-002 1.745002223402761E-003
7.909346155667844E-003 8.862705229160428E-004 6.573119455019520E-003 8.862705229352645E-004 1.528649104217194E-002 2.456218405991758E-003 4.710752869987982E-002 2.925869918340933E-003 1.046188283896171E-002 2.038884182795762E-002 5.763104201189173E-003 2.038884182791574E-002 1.528649104211301E-002 2.925869918339067E-003 4.710752869989065E-002 2.456218405995571E-003
2.092337909336635E-003 3.071571693323560E-003 4.172093199196875E-003 3.071571693306176E-003 2.092086461441155E-002 7.581692561176271E-003 2.338745613979526E-003 6.674847124857292E-003 7.675173792400232E-003 2.855594897770018E-003 4.387024661358762E-003 2.855594897761980E-003 2.092086461430256E-002 6.674847124859500E-003 2.338745613985046E-003 7.581692561144518E-003
2.658645448972301E-003 9.706697203101693E-004 8.018448240767286E-003 9.706697203171367E-004 7.387973190405211E-002 3.723066265380155E-003 3.858086000000872E-003 4.698188493293884E-003 4.087846342172081E-003 1.709575814098204E-003 6.446320033568802E-003 1.709575814119812E-003 7.387973190410241E-002 4.698188493314024E-003 3.858086000019589E-003 3.723066265418122E-003
2.009966174700730E-003 4.849878732292088E-003 1.755972344103440E-003 4.849878732333543E-003 1.074988899472970E-002 6.072886245420930E-002 8.533720821814906E-003 5.342097686091602E-002 4.817775306912500E-003 1.862982900566625E-003 1.077554883085970E-002 1.862982900530529E-003 1.074988899468789E-002 5.342097686088110E-002 8.533720821847935E-003 6.072886245405447E-002
3.716632039420450E-003 6.454498924786686E-003 3.153504632173680E-003 6.454498924857445E-003 8.196257789960186E-003 4.257295078152031E-002 1.175099912133641E-002 5.470478654476297E-002 4.768332314837608E-003 2.173895985720055E-003 3.896698935012544E-002 2.173895985712368E-003 8.196257790015869E-003 5.470478654478860E-002 1.175099912126600E-002 4.257295078156293E-002
3.363545324685963E-003 2.045745826211382E-003 1.537577612648312E-002 2.045745826212828E-003 0.947147333081443 6.489928415433684E-003 1.002568391070258E-002 1.518332725860538E-003 3.535768399026831E-003 0.785828055285035 1.186810222764925E-002 0.785828055285167 0.947147333081361 1.518332725882585E-003 1.002568391075794E-002 6.489928415462924E-003
0.937126605567663 5.017003492002394E-003 1.306001164887345E-002 5.017003492047658E-003 3.902141097821102E-002 3.034844684221957E-002 1.449841756912306E-002 2.356164974794560E-002 3.117101671271575E-003 0.188625729197481 2.428231265839543E-002 0.188625729197992 3.902141097820972E-002 2.356164974808472E-002 1.449841756912659E-002 3.034844684215158E-002
0.178952199157923 9.266438625500782E-002 1.899499357315100E-003 9.266438625495671E-002 1.844862813207252E-002 6.974322373573608E-003 6.493982250997672E-002 1.553386632964294E-002 2.749247721502926E-002 0.144697233431009 9.901618084753434E-002 0.144697233430468 1.844862813224259E-002 1.553386632949124E-002 6.493982251003794E-002 6.974322373601585E-003
5.676813763056280E-002 4.251321410607144E-003 2.386873157435784E-003 4.251321410628752E-003 2.326387883583610E-002 5.782747408779219E-002 0.109203174508142 4.096652791215341E-002 0.723193562059366 9.424735739610455E-003 8.331147423247819E-002 9.424735740540615E-003 2.326387883578568E-002 4.096652791167830E-002 0.109203174510583 5.782747408800044E-002
1.475307553127024E-002 0.657390426432757 1.816622754281768E-003 0.657390426432636 5.906814512927884E-003 4.489305825603802E-002 0.126397416238051 5.555622339283759E-002 0.223165058208717 1.772922950620006E-002 8.709332425819422E-002 1.772922950590301E-002 5.906814512913672E-003 5.555622339333884E-002 0.126397416235644 4.489305825589988E-002
1.315332790343374E-002 0.316594425871043 9.713980933394403E-004 0.316594425873631 2.663111179373118E-002 8.844058511221234E-002 6.139703338499356E-002 0.128100885715112 2.028668563387419E-003 1.028083437645611E-002 5.992017614040283E-002 1.028083437630089E-002 2.663111179367241E-002 0.128100885715268 6.139703338491397E-002 8.844058511191111E-002
5.397118431752574E-003 7.793185074622287E-002 0.981657918992054 7.793185074323583E-002 1.143481235794049E-002 4.166061630178509E-002 0.781204589030874 7.049714231794456E-002 2.724617091038687E-003 4.269794425254146E-003 0.968582050711072 4.269794425254970E-003 1.143481235790320E-002 7.049714231770103E-002 0.781204589031009 4.166061630222412E-002
9.620397011652185E-003 2.939990720119418E-002 1.888475983407709E-003 2.939990720145974E-002 0.938183702692602 0.538878387184414 6.452326625491889E-003 0.357752517028214 0.253275257364857 4.473609542384324E-003 9.786068582631884E-003 4.473609542394744E-003 0.938183702692678 0.357752517027033 6.452326625562260E-003 0.538878387176533
0.949909883266909 4.115487441866005E-002 2.706673524913175E-003 4.115487441864236E-002 5.215732171148942E-003 0.320382180292422 3.339462139753794E-003 0.432401087519363 0.203128829556447 4.579438152454597E-003 6.248263539561919E-003 4.579438152411571E-003 5.215732171147363E-003 0.432401087520703 3.339462139727958E-003 0.320382180300191
9.441756137990774E-003 1.766997999965411E-002 0.508740885467457 1.766997999954647E-002 4.057969508370622E-003 5.201727048824014E-004 1.803006133722497E-002 8.951809300867251E-004 0.308002241165651 6.357503583273967E-003 7.008827807547446E-003 6.357503583340458E-003 4.057969508388451E-003 8.951809300838551E-004 1.803006133712296E-002 5.201727048768191E-004
7.480316949778436E-003 1.110417143020783E-002 1.696154897231629E-003 1.110417143022173E-002 1.747168404308860E-002 3.683614882924525E-003 2.112579568634682E-002 3.345845378703259E-003 7.230323380738264E-002 2.190288972161415E-002 7.037685258892013E-003 2.190288972160631E-002 1.747168404315075E-002 3.345845378706452E-003 2.112579568642542E-002 3.683614882952685E-003
0.144234044039807 1.655668416650082E-002 3.846257428857747E-002 1.655668416658166E-002 5.728101560308918E-003 1.889528929165915E-002 2.593457540542983E-003 1.373371303669573E-002 0.108414133369745 0.959956535155758 4.728496215058958E-002 0.959956535155882 5.728101560641806E-003 1.373371303667203E-002 2.593457540555589E-003 1.889528929184775E-002
0.153098074569355 2.048690745378309E-002 0.129242637884243 2.048690745378528E-002 0.141465866624941 0.921052647504452 6.057967779071203E-003 0.919832266115562 5.216713409377849E-002 4.127379241933536E-002 0.107487039855639 4.127379241843330E-002 0.141465866624206 0.919832266115969 6.057967779063545E-003 0.921052647504098
2.585919661050328E-002 0.960927284735278 3.453078187247054E-002 0.960927284735158 0.187403241261475 4.818207021225696E-002 4.964701158680284E-003 5.638489514920958E-002 0.143799934224565 3.804248034426559E-002 2.491884666977465E-002 3.804248034670285E-002 0.187403241262265 5.638489514887559E-002 4.964701158672885E-003 4.818207021259247E-002
0.162526795773516 0.593761443756027 0.312148759089026 0.593761443756403 0.188414566537977 0.193378438946697 7.433646660874941E-003 0.225976673691654 0.687411313798361 1.690673908302502E-002 3.300647905635201E-002 1.690673908165789E-002 0.188414566537424 0.225976673691414 7.433646660810934E-003 0.193378438946116
8.811457348433975E-002 0.370312864790621 0.549756176501134 0.370312864791176 2.030198558692001E-002 4.721647291915074E-002 1.433296124143573E-002 8.440623633637268E-002 7.916573540829167E-002 4.436977428787658E-002 0.515414307544950 4.436977428736483E-002 2.030198558729021E-002 8.440623633681923E-002 1.433296124145472E-002 4.721647291951649E-002
2.089069172210315E-002 0.136532021669533 0.109929856853141 0.136532021668565 6.205931643358955E-002 0.393551273182341 9.258031943093572E-003 0.332286894980594 0.107892814218342 0.466916158434770 0.227221887407485 0.466916158435913 6.205931643363180E-002 0.332286894980455 9.258031943090222E-003 0.393551273182628
1.816464914127580E-002 2.850435054780459E-002 8.735164473370920E-002 2.850435054778206E-002 4.278507966882649E-002 2.067803576593982E-002 1.479950439737891E-002 2.439887100346866E-002 6.549095113683301E-002 2.184367898163378E-002 3.956573988178395E-002 2.184367898125758E-002 4.278507966875729E-002 2.439887100344307E-002 1.479950439735994E-002 2.067803576587269E-002
8.349147303791156E-002 0.223740192673865 0.413909389938509 0.223740192674043 3.895043360715113E-002 1.740160785740053E-002 2.818374146928338E-002 1.626137198583823E-002 0.403933046046835 0.105590764026818 1.566693808733300E-003 0.105590764026649 3.895043360718606E-002 1.626137198578945E-002 2.818374146933533E-002 1.740160785724369E-002
3.263942907176774E-002 4.270614992774614E-002 0.162963277395193 4.270614992819274E-002 1.462358185697402E-002 0.201537377025837 0.950117020324457 0.151712301651896 2.264831173149674E-002 4.665534799961392E-002 1.868653759564887E-003 4.665534799950403E-002 1.462358185697461E-002 0.151712301652059 0.950117020324390 0.201537377026008
0.201057697950925 3.193682607953850E-002 0.192366098493509 3.193682607958039E-002 6.790658472326158E-002 0.453921054266673 0.859220312925254 0.563906877184124 3.847426604631742E-002 5.943306882657173E-002 0.690948019741794 5.943306882687117E-002 6.790658472243967E-002 0.563906877184407 0.859220312925435 0.453921054264285
2.077576327832209E-002 8.478736133397526E-002 5.116302874805419E-002 8.478736133531725E-002 6.063192517339835E-002 0.188041960665865 0.825045010966444 8.088236402719459E-002 6.001318258556654E-002 1.856810493181701E-002 0.809459172208308 1.856810493146571E-002 6.063192517358049E-002 8.088236402685561E-002 0.825045010967253 0.188041960668014
0.638196904719346 0.131363291465811 4.132096086759965E-002 0.131363291464422 0.405274792385755 1.836858315489697E-002 3.996891977574825E-002 2.347705907197670E-002 1.439528298704127E-002 3.453739008228084E-002 2.623443342344783E-002 3.453739008237576E-002 0.405274792386079 2.347705907196626E-002 3.996891977505838E-002 1.836858315494494E-002
2.579231497586242E-002 0.110641235673114 0.295897037078139 0.110641235684818 0.387570871443073 0.172360453021032 8.155654216303970E-003 0.201083151786100 0.152774498532051 0.746953970846837 2.572789751317943E-002 0.746953970846731 0.387570871443179 0.201083151786140 8.155654216284542E-003 0.172360453021236
7.783282206245389E-002 0.444112743687263 8.318149322879285E-002 0.444112743675513 2.721855567202344E-002 2.186844155509934E-002 0.405821631147300 3.668128241168084E-002 3.938771175428776E-002 1.520453085768808E-002 2.728127844160267E-002 1.520453085778596E-002 2.721855567204674E-002 3.668128241181616E-002 0.405821631147790 2.186844155506969E-002
1.430959610590064E-002 1.077105929851020E-002 1.653853379328457E-002 1.077105929869347E-002 0.265869177168474 0.604296946852654 2.588643701053782E-002 0.598956127534205 4.005189979245323E-002 8.393152192776115E-003 0.261484214265038 8.393152192682354E-003 0.265869177167859 0.598956127534156 2.588643701011686E-002 0.604296946852476
1.657322249148945E-002 3.952296267868410E-002 5.934771125932388E-002 3.952296267799452E-002 0.187446397591864 7.208200984085184E-003 4.378571277327566E-002 6.049755282040054E-003 0.359339000467957 0.385832615190686 4.957966576171531E-003 0.385832615190869 0.187446397592466 6.049755282039965E-003 4.378571277385279E-002 7.208200984105427E-003
0.503511142602195 8.472891882310095E-003 0.274546691495717 8.472891882561173E-003 1.841572014686241E-002 9.009822969278670E-003 0.380862089162862 5.857500784919805E-003 0.505568978129838 0.568713940955505 2.430220597431171E-003 0.568713940955372 1.841572014692564E-002 5.857500784863419E-003 0.380862089188380 9.009822969236190E-003
0.722607898087232 1.033456822937449E-002 0.284723244105333 1.033456822954593E-002 0.151919334749401 0.114928668399460 0.122681729987482 4.674484986576911E-002 0.683382545808868 1.695693590941444E-002 3.445902054328927E-002 1.695693590946207E-002 0.151919334749356 4.674484986568329E-002 0.122681729961401 0.114928668399582
4.407571493818942E-003 1.659053206551648E-002 0.496128241271879 1.659053206537711E-002 2.423076354989199E-002 0.264136498756883 9.060020971148483E-003 0.268052304998447 7.683876278859752E-003 6.353027834089403E-003 6.447987143265009E-003 6.353027834042175E-003 2.423076355002035E-002 0.268052305005910 9.060020971136130E-003 0.264136498754864
4.222076632881775E-003 7.086117063357569E-002 1.018675425939724E-002 7.086117063364512E-002 1.446270616360235E-002 0.118064184888886 0.100900210015119 0.139451747055030 8.758147034354677E-002 9.755488562090965E-003 0.446044367631469 9.755488562119559E-003 1.446270616345381E-002 0.139451747047283 0.100900210015093 0.118064184892290
6.088268858553688E-003 0.107724329737834 3.004719858520440E-003 0.107724329737851 1.739456446616247E-002 6.291427119095097E-002 9.797896413759562E-002 0.131098558865111 0.106560114600985 1.254556008236134E-002 0.553034294135544 1.254556008230998E-002 1.739456445440888E-002 0.131098558865684 9.797896413760489E-002 6.291427118965903E-002
1.908409893983304E-002 5.396030320532331E-002 3.407608562190304E-003 5.396030320521651E-002 5.604936702461522E-002 0.527439085802874 9.204020966092558E-002 0.478537919196469 6.533256378458954E-002 0.823475341935113 0.428508708787901 0.823475341935025 5.604936703653116E-002 0.478537919196046 9.204020966093257E-002 0.527439085802489
0.176516435340880 0.476974883105022 8.654053452704445E-003 0.476974883105133 3.412019636089621E-002 0.125870311273963 8.426196266440515E-002 0.174876011018282 7.493345617773092E-002 6.988086705302694E-002 0.205200137761901 6.988086705292222E-002 3.412019636091226E-002 0.174876011018321 8.426196266445572E-002 0.125870311274938
0.295903906045636 4.166872108713265E-002 2.141583239115139E-003 4.166872108704815E-002 0.455960930900335 0.146928033310612 2.527672071500351E-003 0.111532869838071 7.323678836344924E-002 9.294826302459820E-002 7.701923915182377E-002 9.294826302450401E-002 0.455960930904120 0.111532869837957 2.527672071497826E-003 0.146928033308723
9.606773287382085E-002 6.440718798904534E-002 3.246422765217723E-003 6.440718799123497E-002 0.101038232899756 0.430335364398184 1.656043781556678E-002 0.322543727738412 5.273831868053491E-002 7.004035334877590E-002 4.852429459588850E-002 7.004035334872512E-002 0.101038232895653 0.322543727738613 1.656043781591547E-002 0.430335364399132
0.166164587922590 0.612301963195394 4.280558318028968E-003 0.612301963192974 0.591172284256070 0.454346356024006 1.474852692960214E-002 0.444595597242411 6.867777796469798E-002 4.841722977389690E-002 3.516289585993205E-003 4.841722977381577E-002 0.591172284256223 0.444595597240291 1.474852692926622E-002 0.454346356026939
2.173491449399855E-002 0.490374602549750 6.713369321193484E-003 0.490374602552419 0.104263073972177 0.211214631272660 2.095571003088145E-002 0.346550817961214 0.616576982472170 5.914147438971348E-002 2.476620836271467E-003 5.914147438990122E-002 0.104263073972231 0.346550817963383 2.095571003088368E-002 0.211214631270111
0.372845058973780 0.262018607524826 4.421845758747252E-003 0.262018607522211 3.827955448163909E-002 3.506520399390881E-002 0.529744428996844 3.147211019627116E-002 0.101968876041745 0.119670038536504 0.861962804718676 0.119670038532751 3.827955448170453E-002 3.147211019645695E-002 0.529744428996847 3.506520399391065E-002
0.782902972614254 0.110026301538458 3.828676569752006E-003 0.110026301538377 2.459493631167289E-002 0.584290757692285 0.489592544622997 0.632605596266651 0.457524013510075 0.271773836200090 0.687156678570984 0.271773836204232 2.459493631171028E-002 0.632605596267682 0.489592544623025 0.584290757690151
