-25.0262 0.000000000000000E+000
-24.9987 0.000000000000000E+000
-24.9712 0.000000000000000E+000
-24.9437 0.000000000000000E+000
-24.9162 0.000000000000000E+000
-24.8887 0.000000000000000E+000
-24.8612 0.000000000000000E+000
-24.8337 0.000000000000000E+000
-24.8061 0.000000000000000E+000
-24.7786 0.000000000000000E+000
-24.7511 0.000000000000000E+000
-24.7236 0.000000000000000E+000
-24.6961 0.000000000000000E+000
-24.6686 0.000000000000000E+000
-24.6411 0.000000000000000E+000
-24.6136 0.000000000000000E+000
-24.586 0.000000000000000E+000
-24.5585 0.000000000000000E+000
-24.531 0.000000000000000E+000
-24.5035 0.000000000000000E+000
-24.476 0.000000000000000E+000
-24.4485 0.000000000000000E+000
-24.421 0.000000000000000E+000
-24.3935 0.000000000000000E+000
-24.3659 0.000000000000000E+000
-24.3384 0.000000000000000E+000
-24.3109 0.000000000000000E+000
-24.2834 0.000000000000000E+000
-24.2559 0.000000000000000E+000
-24.2284 0.000000000000000E+000
-24.2009 0.000000000000000E+000
-24.1734 0.000000000000000E+000
-24.1459 0.000000000000000E+000
-24.1183 0.000000000000000E+000
-24.0908 0.000000000000000E+000
-24.0633 0.000000000000000E+000
-24.0358 0.000000000000000E+000
-24.0083 0.000000000000000E+000
-23.9808 0.000000000000000E+000
-23.9533 0.000000000000000E+000
-23.9258 0.000000000000000E+000
-23.8982 0.000000000000000E+000
-23.8707 0.000000000000000E+000
-23.8432 0.000000000000000E+000
-23.8157 0.000000000000000E+000
-23.7882 0.000000000000000E+000
-23.7607 0.000000000000000E+000
-23.7332 0.000000000000000E+000
-23.7057 0.000000000000000E+000
-23.6781 0.000000000000000E+000
-23.6506 0.000000000000000E+000
-23.6231 0.000000000000000E+000
-23.5956 0.000000000000000E+000
-23.5681 0.000000000000000E+000
-23.5406 0.000000000000000E+000
-23.5131 0.000000000000000E+000
-23.4856 0.000000000000000E+000
-23.458 0.000000000000000E+000
-23.4305 0.000000000000000E+000
-23.403 0.000000000000000E+000
-23.3755 0.000000000000000E+000
-23.348 0.000000000000000E+000
-23.3205 0.000000000000000E+000
-23.293 0.000000000000000E+000
-23.2655 0.000000000000000E+000
-23.2379 0.000000000000000E+000
-23.2104 0.000000000000000E+000
-23.1829 0.000000000000000E+000
-23.1554 0.000000000000000E+000
-23.1279 0.000000000000000E+000
-23.1004 0.000000000000000E+000
-23.0729 0.000000000000000E+000
-23.0454 0.000000000000000E+000
-23.0178 0.000000000000000E+000
-22.9903 0.000000000000000E+000
-22.9628 0.000000000000000E+000
-22.9353 0.000000000000000E+000
-22.9078 0.000000000000000E+000
-22.8803 0.000000000000000E+000
-22.8528 0.000000000000000E+000
-22.8253 0.000000000000000E+000
-22.7978 0.000000000000000E+000
-22.7702 0.000000000000000E+000
-22.7427 0.000000000000000E+000
-22.7152 0.000000000000000E+000
-22.6877 0.000000000000000E+000
-22.6602 0.000000000000000E+000
-22.6327 0.000000000000000E+000
-22.6052 0.000000000000000E+000
-22.5777 0.000000000000000E+000
-22.5501 0.000000000000000E+000
-22.5226 0.000000000000000E+000
-22.4951 0.000000000000000E+000
-22.4676 0.000000000000000E+000
-22.4401 0.000000000000000E+000
-22.4126 0.000000000000000E+000
-22.3851 0.000000000000000E+000
-22.3576 0.000000000000000E+000
-22.33 0.000000000000000E+000
-22.3025 0.000000000000000E+000
-22.275 0.000000000000000E+000
-22.2475 0.000000000000000E+000
-22.22 0.000000000000000E+000
-22.1925 0.000000000000000E+000
-22.165 0.000000000000000E+000
-22.1375 0.000000000000000E+000
-22.1099 0.000000000000000E+000
-22.0824 0.000000000000000E+000
-22.0549 0.000000000000000E+000
-22.0274 0.000000000000000E+000
-21.9999 4.292852808667756E-016
-21.9724 6.372203387866201E-016
-21.9449 1.439614896969246E-015
-21.9174 4.666171697937154E-015
-21.8898 1.341579386294738E-014
-21.8623 3.974703785572253E-014
-21.8348 1.141490103796204E-013
-21.8073 3.222356177418802E-013
-21.7798 8.912247503051088E-013
-21.7523 2.418987342876085E-012
-21.7248 6.443797817884274E-012
-21.6973 1.684149899835435E-011
-21.6697 4.319428166741634E-011
-21.6422 1.087095881502981E-010
-21.6147 2.684738513077393E-010
-21.5872 6.506263338901583E-010
-21.5597 1.547230492236827E-009
-21.5322 3.610545496773425E-009
-21.5047 8.267703456070608E-009
-21.4772 1.857767386918195E-008
-21.4496 4.096303634096309E-008
-21.4221 8.863134654627498E-008
-21.3946 1.881815269618914E-007
-21.3671 3.920677249607865E-007
-21.3396 8.015667644514623E-007
-21.3121 1.608099292597412E-006
-21.2846 3.165779225990218E-006
-21.2571 6.115656177679602E-006
-21.2296 1.159311792511058E-005
-21.202 2.156514122026486E-005
-21.1745 3.936401187453476E-005
-21.147 7.050851511803324E-005
-21.1195 1.239307772006613E-004
-21.092 2.137531180538480E-004
-21.0645 3.617777096730066E-004
-21.037 6.008522779968072E-004
-21.0095 9.792438143557327E-004
-20.9819 1.566073158548684E-003
-20.9544 2.457720452599659E-003
-20.9269 3.784893475378490E-003
-20.8994 5.719756978383024E-003
-20.8719 8.482168107846371E-003
-20.8444 1.234369141037232E-002
-20.8169 1.762774458990255E-002
-20.7894 2.470404590621431E-002
-20.7618 3.397560337887422E-002
-20.7343 4.585690750274379E-002
-20.7068 6.074283332595429E-002
-20.6793 7.896903085560081E-002
-20.6518 0.100766198872679
-20.6243 0.126212402198136
-20.5968 0.155189209843837
-20.5693 0.187348536712631
-20.5417 0.222097294403082
-20.5142 0.258606004916924
-20.4867 0.295845278626900
-20.4592 0.332650616626759
-20.4317 0.367811749584386
-20.4042 0.400178298154613
-20.3767 0.428769720328425
-20.3492 0.452875104222205
-20.3216 0.472128027480482
-20.2941 0.486543785065162
-20.2666 0.496510712779874
-20.2391 0.502733575475204
-20.2116 0.506134121082323
-20.1841 0.507720751170753
-20.1566 0.508444616076304
-20.1291 0.509062294572426
-20.1015 0.510024952922644
-20.074 0.511410419811595
-20.0465 0.512908454201230
-20.019 0.513861605437915
-19.9915 0.513355768505041
-19.964 0.510347201485940
-19.9365 0.503807602830942
-19.909 0.492866655567269
-19.8815 0.476932511254840
-19.8539 0.455774712069592
-19.8264 0.429560238319292
-19.7989 0.398840590699058
-19.7714 0.364494831766320
-19.7439 0.327639203698362
-19.7164 0.289517513106917
-19.6889 0.251387570738830
-19.6614 0.214417698535378
-19.6338 0.179604166112072
-19.6063 0.147716145519339
-19.5788 0.119270213158386
-19.5513 9.453233629027616E-002
-19.5238 7.354220903721594E-002
-19.4963 5.615303013166846E-002
-19.4688 4.207935270612991E-002
-19.4413 3.094627720920628E-002
-19.4137 2.233465862567926E-002
-19.3862 1.581877080224467E-002
-19.3587 1.099466056441980E-002
-19.3312 7.498966893046573E-003
-19.3037 5.019121002448404E-003
-19.2762 3.296534075979257E-003
-19.2487 2.124657449302549E-003
-19.2212 1.343754821361662E-003
-19.1936 8.339684890021968E-004
-19.1661 5.078983170247462E-004
-19.1386 3.035293568220220E-004
-19.1111 1.780003556993344E-004
-19.0836 1.024322842289348E-004
-19.0561 5.784267164616706E-005
-19.0286 3.205199710700871E-005
-19.0011 1.742837837588525E-005
-18.9735 9.299383280126209E-006
-18.946 4.869091549118666E-006
-18.9185 2.501758880147558E-006
-18.891 1.261484774688483E-006
-18.8635 6.244994087581342E-007
-18.836 3.041257358870918E-007
-18.8085 1.471017719993894E-007
-18.781 7.387956887398055E-008
-18.7534 4.545318348514053E-008
-18.7259 4.611872089977879E-008
-18.6984 7.624337492952963E-008
-18.6709 1.524335590480559E-007
-18.6434 3.151619220014113E-007
-18.6159 6.465968865462725E-007
-18.5884 1.304734915383569E-006
-18.5609 2.584684471402422E-006
-18.5334 5.024909689692567E-006
-18.5058 9.586316944828029E-006
-18.4783 1.794615787411384E-005
-18.4508 3.296750122689290E-005
-18.4233 5.942855441925587E-005
-18.3958 1.051232668029170E-004
-18.3683 1.824723562365401E-004
-18.3408 3.108063418841796E-004
-18.3133 5.194900528553005E-004
-18.2857 8.520384335031131E-004
-18.2582 1.371310277761709E-003
-18.2307 2.165742827918220E-003
-18.2032 3.356391850017632E-003
-18.1757 5.104263200175767E-003
-18.1482 7.617072743582604E-003
-18.1207 1.115418376644328E-002
-18.0932 1.602810379423289E-002
-18.0656 2.260066222387214E-002
-18.0381 3.127194251070705E-002
-18.0106 4.246031749462333E-002
-17.9831 5.657262187861450E-002
-17.9556 7.396462751377084E-002
-17.9281 9.489351787394880E-002
-17.9006 0.119465837060922
-17.8731 0.147586159044333
-17.8455 0.178913145774520
-17.818 0.212830369855079
-17.7905 0.248438946096943
-17.763 0.284577455023015
-17.7355 0.319871864476167
-17.708 0.352814424829212
-17.6805 0.381866329813024
-17.653 0.405574971406573
-17.6254 0.422693599513081
-17.5979 0.432289756479272
-17.5704 0.433829385314541
-17.5429 0.427226058437316
-17.5154 0.412849013301089
-17.4879 0.391488955440397
-17.4604 0.364286035472824
-17.4329 0.332629127047591
-17.4053 0.298038775405784
-17.3778 0.262047489497841
-17.3503 0.226090321887556
-17.3228 0.191416192366221
-17.2953 0.159026720147614
-17.2678 0.129645143952602
-17.2403 0.103713938111833
-17.2128 8.141655256292081E-002
-17.1852 6.271667130196117E-002
-17.1577 4.740760240294516E-002
-17.1302 3.516476160810112E-002
-17.1027 2.559540759999387E-002
-17.0752 1.828146946176165E-002
-17.0477 1.281311793343103E-002
-17.0202 8.812379829240108E-003
-16.9927 5.947387628441038E-003
-16.9652 3.938709277778501E-003
-16.9376 2.559624395135448E-003
-16.9101 1.632274435892256E-003
-16.8826 1.021420879715724E-003
-16.8551 6.272069946984303E-004
-16.8276 3.779302706160141E-004
-16.8001 2.234638040705827E-004
-16.7726 1.296575715790044E-004
-16.7451 7.382199376951616E-005
-16.7175 4.124576852281691E-005
-16.69 2.261596401089117E-005
-16.6625 1.217438528334630E-005
-16.635 6.443590924551184E-006
-16.6075 3.374426896668832E-006
-16.58 1.793959781771766E-006
-16.5525 1.061305693840289E-006
-16.525 8.652723912701896E-007
-16.4974 1.120524539930514E-006
-16.4699 1.938300730953627E-006
-16.4424 3.664673218836336E-006
-16.4149 6.995557598712826E-006
-16.3874 1.319489918910270E-005
-16.3599 2.446226011950097E-005
-16.3324 4.451943954681400E-005
-16.3049 7.951278085802487E-005
-16.2773 1.393567701524285E-004
-16.2498 2.396712574676428E-004
-16.2223 4.044817404529531E-004
-16.1948 6.698484985707263E-004
-16.1673 1.088551235569870E-003
-16.1398 1.735864299197299E-003
-16.1123 2.716297182380985E-003
-16.0848 4.170934987392616E-003
-16.0572 6.284694827918819E-003
-16.0297 9.292436767567282E-003
-16.0022 1.348247714748756E-002
-15.9747 1.919572150733528E-002
-15.9472 2.681846214066577E-002
-15.9197 3.676698325787288E-002
-15.8922 4.946258854686579E-002
-15.8647 6.529657879111256E-002
-15.8371 8.458605981667018E-002
-15.8096 0.107523156412200
-15.7821 0.134122040291117
-15.7546 0.164169845229793
-15.7271 0.197188675507009
-15.6996 0.232416155245315
-15.6721 0.268811045269927
-15.6446 0.305088271757480
-15.6171 0.339784402218256
-15.5895 0.371350556955562
-15.562 0.398265560523725
-15.5345 0.419158539280293
-15.507 0.432927859550648
-15.4795 0.438842805164561
-15.452 0.436615938868448
-15.4245 0.426437528242900
-15.397 0.408968221960135
-15.3694 0.385291535749798
-15.3419 0.356832726486185
-15.3144 0.325254441408141
-15.2869 0.292341515179005
-15.2594 0.259887204603315
-15.2319 0.229591162568290
-15.2044 0.202976084584429
-15.1769 0.181325978440771
-15.1493 0.165645247047292
-15.1218 0.156634969732942
-15.0943 0.154681401355996
-15.0668 0.159851926509423
-15.0393 0.171895298472711
-15.0118 0.190245451509417
-14.9843 0.214030808460027
-14.9568 0.242093085973033
-14.9292 0.273020520056627
-14.9017 0.305199840332142
-14.8742 0.336889193505657
-14.8467 0.366310888008446
-14.8192 0.391758930056303
-14.7917 0.411712646634832
-14.7642 0.424945050927429
-14.7367 0.430613642098242
-14.7091 0.428322374881004
-14.6816 0.418146523433404
-14.6541 0.400616646841108
-14.6266 0.376663087344984
-14.5991 0.347527496932480
-14.5716 0.314651932467261
-14.5441 0.279558435379116
-14.5166 0.243732404028474
-14.489 0.208521537494472
-14.4615 0.175059079181489
-14.434 0.144216148774827
-14.4065 0.116583839242992
-14.379 9.248212897339769E-002
-14.3515 7.198999928227959E-002
-14.324 5.498969723251235E-002
-14.2965 4.121784182263441E-002
-14.2689 3.031683753367411E-002
-14.2414 2.188150807856059E-002
-14.2139 1.549763018478591E-002
-14.1864 1.077080122890181E-002
-14.1589 7.345568147958535E-003
-14.1314 4.915836445091311E-003
-14.1039 3.228227247063962E-003
-14.0764 2.080297286110858E-003
-14.0489 1.315471142110046E-003
-14.0213 8.162662792677202E-004
-13.9938 4.970235675250505E-004
-13.9663 2.969728131197219E-004
-13.9388 1.741209288467682E-004
-13.9113 1.001797207471046E-004
-13.8838 5.655919320953138E-005
-13.8563 3.133438222311306E-005
-13.8288 1.703466647854470E-005
-13.8012 9.087425902094182E-006
-13.7737 4.757117116797737E-006
-13.7462 2.443697078872716E-006
-13.7187 1.231900562151674E-006
-13.6912 6.096057337708836E-007
-13.6637 2.965275777468013E-007
-13.6362 1.427475394683429E-007
-13.6087 7.023596097405836E-008
-13.5811 4.023969844927083E-008
-13.5536 3.607898754486328E-008
-13.5261 5.540460461464903E-008
-13.4986 1.090898426913841E-007
-13.4711 2.263460954944227E-007
-13.4436 4.679598483354368E-007
-13.4161 9.523461432430017E-007
-13.3886 1.903044482944212E-006
-13.361 3.732093488349728E-006
-13.3335 7.182268275277081E-006
-13.306 1.356336498618267E-005
-13.2785 2.513438331895428E-005
-13.251 4.570499265619437E-005
-13.2235 8.155557020875115E-005
-13.196 1.428032862770625E-004
-13.1685 2.453677004467783E-004
-13.1409 4.137054486419684E-004
-13.1134 6.844784768733833E-004
-13.0859 1.111279049365317E-003
-13.0584 1.770440440804786E-003
-13.0309 2.767798708294881E-003
-13.0034 4.246027856022466E-003
-12.9759 6.391849894303443E-003
-12.9484 9.442043986795719E-003
-12.9208 1.368679184752592E-002
-12.8933 1.946857476617029E-002
-12.8658 2.717468069875774E-002
-12.8383 3.722149986214340E-002
-12.8108 5.002928737100340E-002
-12.7833 6.598701676767578E-002
-12.7558 8.540833394655635E-002
-12.7283 0.108481345105274
-12.7008 0.135216823501306
-12.6732 0.165401087470269
-12.6457 0.198560915757802
-12.6182 0.233948060774347
-12.5907 0.270549919699398
-12.5632 0.307130623231368
-12.5357 0.342303331807873
-12.5082 0.374630272609608
-12.4807 0.402742609374905
-12.4531 0.425468340383801
-12.4256 0.441953792871612
-12.3981 0.451763499057832
-12.3706 0.454944597593745
-12.3431 0.452045350162534
-12.3156 0.444082485305193
-12.2881 0.432458181361281
-12.2606 0.418833715950770
-12.233 0.404972268049772
-12.2055 0.392567320823320
-12.178 0.383075078744584
-12.1505 0.377569072669864
-12.123 0.376632762719842
-12.0955 0.380301788722000
-12.068 0.388062070621101
-12.0405 0.398903848233734
-12.0129 0.411425642919775
-11.9854 0.423976690596005
-11.9579 0.434822245746045
-11.9304 0.442313783761113
-11.9029 0.445045849255306
-11.8754 0.441983187147521
-11.8479 0.432545648031456
-11.8204 0.416643694657442
-11.7928 0.394663434485947
-11.7653 0.367406114695620
-11.7378 0.335992097388064
-11.7103 0.301742794138910
-11.6828 0.266055467094394
-11.6553 0.230285130870210
-11.6278 0.195645292627889
-11.6003 0.163135498290813
-11.5727 0.133499315460351
-11.5452 0.107212193764049
-11.5177 8.449519761067081E-002
-11.4902 6.534829105206118E-002
-11.4627 4.959580878515655E-002
-11.4352 3.693687998750392E-002
-11.4077 2.699461965274485E-002
-11.3802 1.935951132394152E-002
-11.3526 1.362421210900092E-002
-11.3251 9.408708071484974E-003
-11.2976 6.376123434934885E-003
-11.2701 4.240435622706882E-003
-11.2426 2.767861006197469E-003
-11.2151 1.773814501483029E-003
-11.1876 1.117210028610127E-003
-11.1601 6.935689034181934E-004
-11.1326 4.280390336198443E-004
-11.105 2.690755237412838E-004
-11.0775 1.832416770906483E-004
-11.05 1.513816118656705E-004
-11.0225 1.662946577737668E-004
-10.995 2.319959205546425E-004
-10.9675 3.646561963912722E-004
-10.94 5.953512010568855E-004
-10.9125 9.747841107113974E-004
-10.8849 1.580142667172780E-003
-10.8574 2.524176463833874E-003
-10.8299 3.966396132288502E-003
-10.8024 6.125974956973919E-003
-10.7749 9.295461028163849E-003
-10.7474 1.385379697602935E-002
-10.7199 2.027644571420244E-002
-10.6924 2.913973331439067E-002
-10.6648 4.111599258247923E-002
-10.6373 5.695591084896211E-002
-10.6098 7.745485401180711E-002
-10.5823 0.103401028455271
-10.5548 0.135505243339004
-10.5273 0.174314700435297
-10.4998 0.220116439408467
-10.4723 0.272839382045791
-10.4447 0.331966765827322
-10.4172 0.396472470576230
-10.3897 0.464794701883560
-10.3622 0.534858277021142
-10.3347 0.604152275860954
-10.3072 0.669863415239181
-10.2797 0.729057968069531
-10.2522 0.778897519382177
-10.2246 0.816867636622983
-10.1971 0.840994848361615
-10.1696 0.850027036262087
-10.1421 0.843555742833154
-10.1146 0.822065601749785
-10.0871 0.786905094408486
-10.0596 0.740182661387844
-10.0321 0.684601225067603
-10.0045 0.623250952915477
-9.97704 0.559383614549818
-9.94952 0.496191813359989
-9.92201 0.436613048195335
-9.8945 0.383172902622967
-9.86699 0.337874933851702
-9.83948 0.302138358468653
-9.81196 0.276779495357138
-9.78445 0.262029776380791
-9.75694 0.257582089927877
-9.72943 0.262657903116733
-9.70191 0.276089289169933
-9.6744 0.296411809900084
-9.64689 0.321965413514805
-9.61938 0.351000643728885
-9.59187 0.381786461387722
-9.56435 0.412714208286388
-9.53684 0.442390357916029
-9.50933 0.469709491342581
-9.48182 0.493899110469616
-9.4543 0.514529864842752
-9.42679 0.531488500545691
-9.39928 0.544915852521583
-9.37177 0.555117618985531
-9.34425 0.562460394916593
-9.31674 0.567268451510852
-9.28923 0.569737262338996
-9.26172 0.569877502855938
-9.23421 0.567498463030980
-9.20669 0.562233319404005
-9.17918 0.553601691839704
-9.15167 0.541098668257006
-9.12416 0.524295176147566
-9.09664 0.502932980907411
-9.06913 0.476998922406726
-9.04162 0.446766912700026
-9.01411 0.412801879139570
-8.9866 0.375926131567178
-8.95908 0.337154399702330
-8.93157 0.297608059654132
-8.90406 0.258421246889325
-8.87655 0.220651486766220
-8.84903 0.185205441215617
-8.82152 0.152786970594357
-8.79401 0.123870703610379
-8.7665 9.870044722878353E-002
-8.73899 7.730865401123029E-002
-8.71147 5.955116033540830E-002
-8.68396 4.515061832950239E-002
-8.65645 3.374234234381760E-002
-8.62894 2.491739634270913E-002
-8.60142 1.825931091427183E-002
-8.57391 1.337249679439285E-002
-8.5464 9.901942874063499E-003
-8.51889 7.544974891288732E-003
-8.49137 6.056630349741106E-003
-8.46386 5.250581556813677E-003
-8.43635 4.997571658963948E-003
-8.40884 5.223101989753542E-003
-8.38133 5.905707059071704E-003
-8.35381 7.076646101762519E-003
-8.3263 8.821278940699182E-003
-8.29879 1.128181672068967E-002
-8.27128 1.466057837339904E-002
-8.24376 1.922238204622199E-002
-8.21625 2.529431330429440E-002
-8.18874 3.326091258432595E-002
-8.16123 4.355289795758387E-002
-8.13372 5.662796472575263E-002
-8.1062 7.294302874268359E-002
-8.07869 9.291849376591990E-002
-8.05118 0.116896627629385
-8.02367 0.145097733257199
-7.99615 0.177579216394992
-7.96864 0.214203549500623
-7.94113 0.254621190228551
-7.91362 0.298273506299087
-7.8861 0.344418632580142
-7.85859 0.392180117609112
-7.83108 0.440614624286251
-7.80357 0.488791445917563
-7.77606 0.535873883488607
-7.74854 0.581191239119804
-7.72103 0.624290728711340
-7.69352 0.664961072000993
-7.66601 0.703223549554396
-7.63849 0.739291235896558
-7.61098 0.773502018247298
-7.58347 0.806234964398583
-7.55596 0.837821881098241
-7.52845 0.868466144160643
-7.50093 0.898179169079888
-7.47342 0.926741721943148
-7.44591 0.953693407056779
-7.4184 0.978349929718438
-7.39088 0.999844784907208
-7.36337 1.01719022053043
-7.33586 1.02935165877781
-7.30835 1.03532991669445
-7.28084 1.03424607244850
-7.25332 1.02542422418661
-7.22581 1.00846741274036
-7.1983 0.983321625047865
-7.17079 0.950322317598442
-7.14327 0.910217714094224
-7.11576 0.864163664099801
-7.08825 0.813686383026222
-7.06074 0.760611964604739
-7.03322 0.706964925149700
-7.00571 0.654841738870463
-6.9782 0.606268773073798
-6.95069 0.563056663447714
-6.92318 0.526664544239344
-6.89566 0.498087428518620
-6.86815 0.477778401992617
-6.84064 0.465614325696486
-6.81313 0.460909756299602
-6.78561 0.462479192968855
-6.7581 0.468742995263979
-6.73059 0.477867849751106
-6.70308 0.487928948212946
-6.67557 0.497078497862956
-6.64805 0.503704161157977
-6.62054 0.506561741016201
-6.59303 0.504868925026167
-6.56552 0.498350992141363
-6.538 0.487234643586894
-6.51049 0.472191921302028
-6.48298 0.454241777846440
-6.45547 0.434621513049698
-6.42796 0.414643368341933
-6.40044 0.395552673220817
-6.37293 0.378402969765082
-6.34542 0.363960708103556
-6.31791 0.352647878450578
-6.29039 0.344525967686710
-6.26288 0.339319606356918
-6.23537 0.336473861207698
-6.20786 0.335235842837250
-6.18034 0.334749450555826
-6.15283 0.334151757631766
-6.12532 0.332660631238917
-6.09781 0.329645395487206
-6.0703 0.324675284169606
-6.04278 0.317543645397980
-6.01527 0.308268919053047
-5.98776 0.297075940451339
-5.96025 0.284362863020043
-5.93273 0.270659797106872
-5.90522 0.256585120277455
-5.87771 0.242804437805300
-5.8502 0.229995573480519
-5.82269 0.218821035613235
-5.79517 0.209907453661243
-5.76766 0.203829838654649
-5.74015 0.201097466328139
-5.71264 0.202137917233485
-5.68512 0.207276420870348
-5.65761 0.216709088921620
-5.6301 0.230470682945084
-5.60259 0.248399901272251
-5.57507 0.270107343487944
-5.54756 0.294952838199121
-5.52005 0.322039272746006
-5.49254 0.350229161976905
-5.46503 0.378187887764075
-5.43751 0.404454059771092
-5.41 0.427533289643336
-5.38249 0.446007534677560
-5.35498 0.458648828696915
-5.32746 0.464524372102928
-5.29995 0.463080059283233
-5.27244 0.454191689388660
-5.24493 0.438177052952079
-5.21742 0.415767179475736
-5.1899 0.388040410892313
-5.16239 0.356327721936721
-5.13488 0.322101064336103
-5.10737 0.286857977531145
-5.07985 0.252015165762430
-5.05234 0.218821441590058
-5.02483 0.188296920763364
-4.99732 0.161201318047323
-4.96981 0.138030332342834
-4.94229 0.119035979649663
-4.91478 0.104264667349468
-4.88727 9.360588688490445E-002
-4.85976 8.684450313324872E-002
-4.83224 8.371046796700728E-002
-4.80473 8.392106752880409E-002
-4.77722 8.721225082808183E-002
-4.74971 9.335699735359526E-002
-4.72219 0.102169987420731
-4.69468 0.113499050597339
-4.66717 0.127205032123856
-4.63966 0.143132863698982
-4.61215 0.161077718586986
-4.58463 0.180751053891879
-4.55712 0.201751908090702
-4.52961 0.223548818550870
-4.5021 0.245476981589059
-4.47458 0.266753733843666
-4.44707 0.286513181301190
-4.41956 0.303858103720640
-4.39205 0.317924520124998
-4.36454 0.327951988852372
-4.33702 0.333351281757866
-4.30951 0.333760840179011
-4.282 0.329084510091375
-4.25449 0.319505343876476
-4.22697 0.305473397779821
-4.19946 0.287668936796940
-4.17195 0.266945709932824
-4.14444 0.244261456760775
-4.11693 0.220604178566628
-4.08941 0.196922794308771
-4.0619 0.174069671589068
-4.03439 0.152760440535078
-4.00688 0.133553856670330
-3.97936 0.116851712375641
-3.95185 0.102916299897521
-3.92434 9.190099454362267E-002
-3.89683 8.388831515744892E-002
-3.86931 7.892936153026402E-002
-3.8418 7.707875673380123E-002
-3.81429 7.842001190002286E-002
-3.78678 8.307744431192599E-002
-3.75927 9.121229707673147E-002
-3.73175 0.103002438290739
-3.70424 0.118606884381895
-3.67673 0.138118311399680
-3.64922 0.161508564429606
-3.6217 0.188573763472342
-3.59419 0.218886689847190
-3.56668 0.251764448849770
-3.53917 0.286258701661307
-3.51166 0.321173907829966
-3.48414 0.355116061174315
-3.45663 0.386570599796594
-3.42912 0.414004006913619
-3.40161 0.435979735578299
-3.37409 0.451276179588589
-3.34658 0.458993076926103
-3.31907 0.458633342740133
-3.29156 0.450149925522806
-3.26404 0.433951534125170
-3.23653 0.410866343735990
-3.20902 0.382068202796167
-3.18151 0.348974543177364
-3.154 0.313128399356810
-3.12648 0.276078212809585
-3.09897 0.239268344904858
-3.07146 0.203950716628115
-3.04395 0.171124290285046
-3.01643 0.141504911664792
-2.98892 0.115524047272103
-2.96141 9.335175635931257E-002
-2.9339 7.493719007947397E-002
-2.90639 6.005912020875750E-002
-2.87887 4.837935275262716E-002
-2.85136 3.949310078654787E-002
-2.82385 3.297211933168680E-002
-2.79634 2.839828510356572E-002
-2.76882 2.538703753938586E-002
-2.74131 2.360148089090207E-002
-2.7138 2.275887915110321E-002
-2.68629 2.263174491016332E-002
-2.65878 2.304578395410525E-002
-2.63126 2.387670072386685E-002
-2.60375 2.504739899688862E-002
-2.57624 2.652652480929767E-002
-2.54873 2.832867628013529E-002
-2.52121 3.051601042996688E-002
-2.4937 3.320045662725887E-002
-2.46619 3.654533498601315E-002
-2.43868 4.076490552074435E-002
-2.41116 4.612026899189720E-002
-2.38365 5.291013281091914E-002
-2.35614 6.145527289387816E-002
-2.32863 7.207608326014019E-002
-2.30112 8.506340649269009E-002
-2.2736 0.100643841879867
-2.24609 0.118941849253706
-2.21858 0.139942068657519
-2.19107 0.163456177812352
-2.16355 0.189099106986006
-2.13604 0.216279333858514
-2.10853 0.244207157668738
-2.08102 0.271923274274680
-2.05351 0.298347749492260
-2.02599 0.322346868491221
-1.99848 0.342812694921712
-1.97097 0.358747938985874
-1.94346 0.369347326719743
-1.91594 0.374066397858816
-1.88843 0.372669673978977
-1.86092 0.365252349880228
-1.83341 0.352232770350030
-1.8059 0.334316494852617
-1.77838 0.312436176324374
-1.75087 0.287674261899218
-1.72336 0.261177259137409
-1.69585 0.234070789521875
-1.66833 0.207383880953312
-1.64082 0.181989145785771
-1.61331 0.158563011316953
-1.5858 0.137567444658364
-1.55828 0.119252057776442
-1.53077 0.103673421274046
-1.50326 9.072705992576532E-002
-1.47575 8.018701208898629E-002
-1.44824 7.174794741606470E-002
-1.42072 6.506550148579320E-002
-1.39321 5.979150410708118E-002
-1.3657 5.560194709438234E-002
-1.33819 5.221668164415344E-002
-1.31067 4.941082651281282E-002
-1.28316 4.701863125708598E-002
-1.25565 4.493104899145542E-002
-1.22814 4.308854469024360E-002
-1.20063 4.147073750441630E-002
-1.17311 4.008439989334081E-002
-1.1456 3.895116374761550E-002
-1.11809 3.809605751025441E-002
-1.09058 3.753775017244299E-002
-1.06306 3.728112710237277E-002
-1.03555 3.731257791131772E-002
-1.00804 3.759814062724962E-002
-0.980527 3.808442023238363E-002
-0.953015 3.870198626297684E-002
-0.925503 3.937076153167725E-002
-0.89799 4.000675509958364E-002
-0.870478 4.052938370446744E-002
-0.842966 4.086858304447063E-002
-0.815454 4.097094517638545E-002
-0.787941 4.080423382780324E-002
-0.760429 4.035981758158822E-002
-0.732917 3.965280221910694E-002
-0.705405 3.871990929233957E-002
-0.677892 3.761540444542760E-002
-0.65038 3.640559264111334E-002
-0.622868 3.516254054974275E-002
-0.595356 3.395774141987139E-002
-0.567843 3.285640008957658E-002
-0.540331 3.191289397812613E-002
-0.512819 3.116778001366349E-002
-0.485307 3.064649575395786E-002
-0.457794 3.035967747684887E-002
-0.430282 3.030481993495532E-002
-0.40277 3.046885786506922E-002
-0.375257 3.083117583330128E-002
-0.347745 3.136655758815811E-002
-0.320233 3.204766442230326E-002
-0.292721 3.284676906920197E-002
-0.265208 3.373664375476720E-002
-0.237696 3.469067929032271E-002
-0.210184 3.568246660035455E-002
-0.182672 3.668517651241248E-002
-0.155159 3.767110971385081E-002
-0.127647 3.861174966623325E-002
-0.100135 3.947854327457836E-002
-0.0726226 4.024447615121171E-002
-0.0451104 4.088632999439054E-002
-0.0175981 4.138734226176499E-002
0.00991417 4.173986491051458E-002
0.0374264 4.194756394371453E-002
0.0649387 4.202672696484478E-002
0.092451 4.200634925065880E-002
0.119963 4.192683309446758E-002
0.147475 4.183733252489941E-002
0.174988 4.179197268817011E-002
0.2025 4.184533778594619E-002
0.230012 4.204772779214844E-002
0.257525 4.244071743310196E-002
0.285037 4.305350901997891E-002
0.312549 4.390046362843088E-002
0.340061 4.498004211003583E-002
0.367574 4.627521311295400E-002
0.395086 4.775521528227635E-002
0.422598 4.937841773337039E-002
0.45011 5.109592341036905E-002
0.477623 5.285551297923518E-002
0.505135 5.460553311730278E-002
0.532647 5.629838548823538E-002
0.560159 5.789335841462482E-002
0.587672 5.935864585987453E-002
0.615184 6.067250083842256E-002
0.642696 6.182355830846428E-002
0.670208 6.281042656532820E-002
0.697721 6.364068342290712E-002
0.725233 6.432942813892761E-002
0.752745 6.489754152474417E-002
0.780257 6.536980679330545E-002
0.80777 6.577305288656422E-002
0.835282 6.613450568225897E-002
0.862794 6.648056832884716E-002
0.890307 6.683628926884036E-002
0.917819 6.722579758045215E-002
0.945331 6.767396896420222E-002
0.972843 6.820951242497901E-002
1.00036 6.886952473047186E-002
1.02787 6.970534585385163E-002
1.05538 7.078927710633569E-002
1.08289 7.222142301345072E-002
1.1104 7.413563014728931E-002
1.13792 7.670327250447631E-002
1.16543 8.013352847713423E-002
1.19294 8.466885977991645E-002
1.22045 9.057467597073338E-002
1.24797 9.812266584006683E-002
1.27548 0.107567985174584
1.30299 0.119121358813515
1.3305 0.132918093957757
1.35801 0.148986886316725
1.38553 0.167221981935090
1.41304 0.187362582671482
1.44055 0.208983222904162
1.46806 0.231498123403900
1.49558 0.254181250769448
1.52309 0.276202080769277
1.5506 0.296675082867537
1.57811 0.314718989709956
1.60563 0.329520303605382
1.63314 0.340394515909809
1.66065 0.346838388461577
1.68816 0.348567452368895
1.71567 0.345534544084001
1.74319 0.337927492666325
1.7707 0.326146647594608
1.79821 0.310765389503361
1.82572 0.292478712993983
1.85324 0.272046120606232
1.88075 0.250235276314639
1.90826 0.227772160875625
1.93577 0.205302031483246
1.96328 0.183363608018152
1.9908 0.162376929376740
2.01831 0.142643567402119
2.04582 0.124356596295844
2.07333 0.107617021867757
2.10085 9.245328513865379E-002
2.12836 7.884087099672540E-002
2.15587 6.671980739343276E-002
2.18338 5.600874025049506E-002
2.2109 4.661513494217087E-002
2.23841 3.844185321167340E-002
2.26592 3.139081148573258E-002
2.29343 2.536463013956722E-002
2.32094 2.026716927533572E-002
2.34846 1.600368067027334E-002
2.37597 1.248106296113375E-002
2.40348 9.608455759978669E-003
2.43099 7.298197849030068E-003
2.45851 5.467031897140486E-003
2.48602 4.037369147568175E-003
2.51353 2.938422216199633E-003
2.54104 2.107053429991250E-003
2.56855 1.488248439447192E-003
2.59607 1.035191041737456E-003
2.62358 7.089714956895421E-004
2.65109 4.779995759626376E-004
2.6786 3.172132783327724E-004
2.70612 2.071766138216047E-004
2.73363 1.331497863561047E-004
2.76114 8.419741800893418E-005
2.78865 5.238009595662030E-005
2.81616 3.205497889131380E-005
2.84368 1.929479599335479E-005
2.87119 1.142234225659965E-005
2.8987 6.649607319804175E-006
2.92621 3.806439379037111E-006
2.95373 2.142302465884781E-006
2.98124 1.185329588842200E-006
3.00875 6.446918238209701E-007
3.03626 3.446505164903356E-007
3.06378 1.810837103313389E-007
3.09129 9.350061745908304E-008
3.1188 4.744017763119146E-008
3.14631 2.365038331219590E-008
3.17382 1.158389823785319E-008
3.20134 5.573935941697058E-009
3.22885 2.634676718111953E-009
3.25636 1.223262770021305E-009
3.28387 5.578400728652578E-010
3.31139 2.498440663897715E-010
3.3389 1.098934435734545E-010
3.36641 4.746694287534124E-011
3.39392 2.013285270769069E-011
3.42143 8.384798636394073E-012
3.44895 3.428726876455275E-012
3.47646 1.376572409254715E-012
3.50397 5.426016738050158E-013
3.53148 2.099668382694841E-013
3.559 7.978316978583634E-014
3.58651 2.973765546125680E-014
3.61402 1.090488372972993E-014
3.64153 3.904271360555275E-015
3.66904 1.377806234707817E-015
3.69656 4.788056077024347E-016
3.72407 1.562490244827529E-016
3.75158 5.538982211742335E-017
3.77909 1.970321454850532E-017
3.80661 8.108715322155976E-018
3.83412 2.546880024785833E-018
3.86163 0.000000000000000E+000
3.88914 0.000000000000000E+000
3.91666 0.000000000000000E+000
3.94417 0.000000000000000E+000
3.97168 0.000000000000000E+000
3.99919 0.000000000000000E+000
4.0267 0.000000000000000E+000
4.05422 0.000000000000000E+000
4.08173 0.000000000000000E+000
4.10924 0.000000000000000E+000
4.13675 0.000000000000000E+000
4.16427 0.000000000000000E+000
4.19178 0.000000000000000E+000
4.21929 0.000000000000000E+000
4.2468 0.000000000000000E+000
4.27431 0.000000000000000E+000
4.30183 0.000000000000000E+000
4.32934 0.000000000000000E+000
4.35685 0.000000000000000E+000
4.38436 0.000000000000000E+000
4.41188 0.000000000000000E+000
4.43939 0.000000000000000E+000
4.4669 0.000000000000000E+000
4.49441 0.000000000000000E+000
4.52193 0.000000000000000E+000
4.54944 0.000000000000000E+000
4.57695 0.000000000000000E+000
4.60446 0.000000000000000E+000
4.63197 0.000000000000000E+000
4.65949 0.000000000000000E+000
4.687 0.000000000000000E+000
4.71451 0.000000000000000E+000
4.74202 0.000000000000000E+000
4.76954 0.000000000000000E+000
4.79705 0.000000000000000E+000
4.82456 0.000000000000000E+000
4.85207 0.000000000000000E+000
4.87958 0.000000000000000E+000
4.9071 0.000000000000000E+000
4.93461 0.000000000000000E+000
4.96212 0.000000000000000E+000
4.98963 0.000000000000000E+000
5.01715 0.000000000000000E+000
5.04466 0.000000000000000E+000
5.07217 0.000000000000000E+000
5.09968 0.000000000000000E+000
5.12719 0.000000000000000E+000
5.15471 0.000000000000000E+000
5.18222 0.000000000000000E+000
5.20973 0.000000000000000E+000
5.23724 0.000000000000000E+000
