  -25.2812438692098       0.000000000000000E+000  0.000000000000000E+000
  -25.2537316076294       0.000000000000000E+000  0.000000000000000E+000
  -25.2262193460490       0.000000000000000E+000  0.000000000000000E+000
  -25.1987070844687       0.000000000000000E+000  0.000000000000000E+000
  -25.1711948228883       0.000000000000000E+000  0.000000000000000E+000
  -25.1436825613079       0.000000000000000E+000  0.000000000000000E+000
  -25.1161702997275       0.000000000000000E+000  0.000000000000000E+000
  -25.0886580381471       0.000000000000000E+000  0.000000000000000E+000
  -25.0611457765668       0.000000000000000E+000  0.000000000000000E+000
  -25.0336335149864       0.000000000000000E+000  0.000000000000000E+000
  -25.0061212534060       0.000000000000000E+000  0.000000000000000E+000
  -24.9786089918256       0.000000000000000E+000  0.000000000000000E+000
  -24.9510967302452       0.000000000000000E+000  0.000000000000000E+000
  -24.9235844686648       0.000000000000000E+000  0.000000000000000E+000
  -24.8960722070845       0.000000000000000E+000  0.000000000000000E+000
  -24.8685599455041       0.000000000000000E+000  0.000000000000000E+000
  -24.8410476839237       0.000000000000000E+000  0.000000000000000E+000
  -24.8135354223433       0.000000000000000E+000  0.000000000000000E+000
  -24.7860231607629       0.000000000000000E+000  0.000000000000000E+000
  -24.7585108991826       0.000000000000000E+000  0.000000000000000E+000
  -24.7309986376022       0.000000000000000E+000  0.000000000000000E+000
  -24.7034863760218       0.000000000000000E+000  0.000000000000000E+000
  -24.6759741144414       0.000000000000000E+000  0.000000000000000E+000
  -24.6484618528610       0.000000000000000E+000  0.000000000000000E+000
  -24.6209495912807       0.000000000000000E+000  0.000000000000000E+000
  -24.5934373297003       0.000000000000000E+000  0.000000000000000E+000
  -24.5659250681199       0.000000000000000E+000  0.000000000000000E+000
  -24.5384128065395       0.000000000000000E+000  0.000000000000000E+000
  -24.5109005449591       0.000000000000000E+000  0.000000000000000E+000
  -24.4833882833787       0.000000000000000E+000  0.000000000000000E+000
  -24.4558760217984       0.000000000000000E+000  0.000000000000000E+000
  -24.4283637602180       0.000000000000000E+000  0.000000000000000E+000
  -24.4008514986376       0.000000000000000E+000  0.000000000000000E+000
  -24.3733392370572       0.000000000000000E+000  0.000000000000000E+000
  -24.3458269754768       0.000000000000000E+000  0.000000000000000E+000
  -24.3183147138965       0.000000000000000E+000  0.000000000000000E+000
  -24.2908024523161       0.000000000000000E+000  0.000000000000000E+000
  -24.2632901907357       0.000000000000000E+000  0.000000000000000E+000
  -24.2357779291553       0.000000000000000E+000  0.000000000000000E+000
  -24.2082656675749       0.000000000000000E+000  0.000000000000000E+000
  -24.1807534059946       0.000000000000000E+000  0.000000000000000E+000
  -24.1532411444142       0.000000000000000E+000  0.000000000000000E+000
  -24.1257288828338       0.000000000000000E+000  0.000000000000000E+000
  -24.0982166212534       0.000000000000000E+000  0.000000000000000E+000
  -24.0707043596730       0.000000000000000E+000  0.000000000000000E+000
  -24.0431920980926       0.000000000000000E+000  0.000000000000000E+000
  -24.0156798365123       0.000000000000000E+000  0.000000000000000E+000
  -23.9881675749319       0.000000000000000E+000  0.000000000000000E+000
  -23.9606553133515       0.000000000000000E+000  0.000000000000000E+000
  -23.9331430517711       0.000000000000000E+000  0.000000000000000E+000
  -23.9056307901907       0.000000000000000E+000  0.000000000000000E+000
  -23.8781185286104       0.000000000000000E+000  0.000000000000000E+000
  -23.8506062670300       0.000000000000000E+000  0.000000000000000E+000
  -23.8230940054496       0.000000000000000E+000  0.000000000000000E+000
  -23.7955817438692       0.000000000000000E+000  0.000000000000000E+000
  -23.7680694822888       0.000000000000000E+000  0.000000000000000E+000
  -23.7405572207084       0.000000000000000E+000  0.000000000000000E+000
  -23.7130449591281       0.000000000000000E+000  0.000000000000000E+000
  -23.6855326975477       0.000000000000000E+000  0.000000000000000E+000
  -23.6580204359673       0.000000000000000E+000  0.000000000000000E+000
  -23.6305081743869       0.000000000000000E+000  0.000000000000000E+000
  -23.6029959128065       0.000000000000000E+000  0.000000000000000E+000
  -23.5754836512262       0.000000000000000E+000  0.000000000000000E+000
  -23.5479713896458       0.000000000000000E+000  0.000000000000000E+000
  -23.5204591280654       0.000000000000000E+000  0.000000000000000E+000
  -23.4929468664850       0.000000000000000E+000  0.000000000000000E+000
  -23.4654346049046       0.000000000000000E+000  0.000000000000000E+000
  -23.4379223433242       0.000000000000000E+000  0.000000000000000E+000
  -23.4104100817439       0.000000000000000E+000  0.000000000000000E+000
  -23.3828978201635       0.000000000000000E+000  0.000000000000000E+000
  -23.3553855585831       0.000000000000000E+000  0.000000000000000E+000
  -23.3278732970027       0.000000000000000E+000  0.000000000000000E+000
  -23.3003610354223       0.000000000000000E+000  0.000000000000000E+000
  -23.2728487738420       0.000000000000000E+000  0.000000000000000E+000
  -23.2453365122616       0.000000000000000E+000  0.000000000000000E+000
  -23.2178242506812       0.000000000000000E+000  0.000000000000000E+000
  -23.1903119891008       0.000000000000000E+000  0.000000000000000E+000
  -23.1627997275204       0.000000000000000E+000  0.000000000000000E+000
  -23.1352874659401       0.000000000000000E+000  0.000000000000000E+000
  -23.1077752043597       0.000000000000000E+000  0.000000000000000E+000
  -23.0802629427793       0.000000000000000E+000  0.000000000000000E+000
  -23.0527506811989       0.000000000000000E+000  0.000000000000000E+000
  -23.0252384196185       0.000000000000000E+000  0.000000000000000E+000
  -22.9977261580381       0.000000000000000E+000  0.000000000000000E+000
  -22.9702138964578       0.000000000000000E+000  0.000000000000000E+000
  -22.9427016348774       0.000000000000000E+000  0.000000000000000E+000
  -22.9151893732970       0.000000000000000E+000  0.000000000000000E+000
  -22.8876771117166       0.000000000000000E+000  0.000000000000000E+000
  -22.8601648501362       0.000000000000000E+000  0.000000000000000E+000
  -22.8326525885559       0.000000000000000E+000  0.000000000000000E+000
  -22.8051403269755       0.000000000000000E+000  0.000000000000000E+000
  -22.7776280653951       0.000000000000000E+000  0.000000000000000E+000
  -22.7501158038147       0.000000000000000E+000  0.000000000000000E+000
  -22.7226035422343       0.000000000000000E+000  0.000000000000000E+000
  -22.6950912806540       0.000000000000000E+000  0.000000000000000E+000
  -22.6675790190736       0.000000000000000E+000  0.000000000000000E+000
  -22.6400667574932       0.000000000000000E+000  0.000000000000000E+000
  -22.6125544959128       0.000000000000000E+000  0.000000000000000E+000
  -22.5850422343324       0.000000000000000E+000  0.000000000000000E+000
  -22.5575299727520       0.000000000000000E+000  0.000000000000000E+000
  -22.5300177111717       0.000000000000000E+000  0.000000000000000E+000
  -22.5025054495913       0.000000000000000E+000  0.000000000000000E+000
  -22.4749931880109       0.000000000000000E+000  0.000000000000000E+000
  -22.4474809264305       0.000000000000000E+000  0.000000000000000E+000
  -22.4199686648501       0.000000000000000E+000  0.000000000000000E+000
  -22.3924564032698       0.000000000000000E+000  0.000000000000000E+000
  -22.3649441416894       0.000000000000000E+000  0.000000000000000E+000
  -22.3374318801090       0.000000000000000E+000  0.000000000000000E+000
  -22.3099196185286       0.000000000000000E+000  0.000000000000000E+000
  -22.2824073569482       0.000000000000000E+000  0.000000000000000E+000
  -22.2548950953678       4.440892098500626E-016  4.440892098500626E-016
  -22.2273828337875       6.591949208711867E-016  1.103284130721249E-015
  -22.1998705722071       1.489260104126089E-015  2.592544234847338E-015
  -22.1723583106267       4.827084912339963E-015  7.419629147187301E-015
  -22.1448460490463       1.387843832911795E-014  2.129806747630525E-014
  -22.1173337874659       4.111771687020926E-014  6.241578434651451E-014
  -22.0898215258856       1.180854459353897E-013  1.805012302819042E-013
  -22.0623092643052       3.333479325906552E-013  5.138491628725594E-013
  -22.0347970027248       9.219586899478216E-013  1.435807852820381E-012
  -22.0072847411444       2.502406268312107E-012  3.938214121132488E-012
  -21.9797724795640       6.666012576997393E-012  1.060422669812988E-011
  -21.9522602179836       1.742227911417926E-011  2.802650581230914E-011
  -21.9247479564033       4.468383909411733E-011  7.271034490642647E-011
  -21.8972356948229       1.124584449001265E-010  1.851687898065529E-010
  -21.8697234332425       2.777321883758177E-010  4.629009781823706E-010
  -21.8422111716621       6.730632086827254E-010  1.135964186865096E-009
  -21.8146989100817       1.600586810009477E-009  2.736550996874573E-009
  -21.7871866485014       3.735055319935635E-009  6.471606316810208E-009
  -21.7596743869210       8.552815541950157E-009  1.502442185876036E-008
  -21.7321621253406       1.921832559000254E-008  3.424274744876291E-008
  -21.7046498637602       4.237564770717857E-008  7.661839515594147E-008
  -21.6771376021798       9.168779983772385E-008  1.683061949936653E-007
  -21.6496253405995       1.946709668606498E-007  3.629771618543151E-007
  -21.6221130790191       4.055881725575135E-007  7.685653344118287E-007
  -21.5946008174387       8.292087570762295E-007  1.597774091488058E-006
  -21.5670885558583       1.663554465904885E-006  3.261328557392943E-006
  -21.5395762942779       3.274950718850592E-006  6.536279276243536E-006
  -21.5120640326975       6.326553426552707E-006  1.286283270279624E-005
  -21.4845517711172       1.199290346774002E-005  2.485573617053627E-005
  -21.4570395095368       2.230880697597689E-005  4.716454314651316E-005
  -21.4295272479564       4.072145935798662E-005  8.788600250449977E-005
  -21.4020149863760       7.293995128937057E-005  1.608259537938703E-004
  -21.3745027247956       1.282044112059493E-004  2.890303649998197E-004
  -21.3469904632153       2.211241184656423E-004  5.101544834654620E-004
  -21.3194782016349       3.742529881156935E-004  8.844074715811555E-004
  -21.2919659400545       6.215712794481242E-004  1.505978751029280E-003
  -21.2644536784741       1.013010017355855E-003  2.518988768385135E-003
  -21.2369414168937       1.620072760390737E-003  4.139061528775871E-003
  -21.2094291553134       2.542461519793722E-003  6.681523048569593E-003
  -21.1819168937330       3.915388060699528E-003  1.059691110926912E-002
  -21.1544046321526       5.916947683868779E-003  1.651385879313790E-002
  -21.1268923705722       8.774567207723887E-003  2.528842600086179E-002
  -21.0993801089918       1.276915421395555E-002  3.805758021481734E-002
  -21.0718678474114       1.823524080796207E-002  5.629282102277941E-002
  -21.0443555858311       2.555522814564086E-002  8.184804916842027E-002
  -21.0168433242507       3.514590898306992E-002  0.116993958151490     
  -20.9893310626703       4.743588078674836E-002  0.164429838938239     
  -20.9618188010899       6.283333431804790E-002  0.227263173256286     
  -20.9343065395095       8.168501879408337E-002  0.308948192050370     
  -20.9067942779292       0.104228856025053       0.413177048075423     
  -20.8792820163488       0.130544501825414       0.543721549900837     
  -20.8517697547684       0.160507827313948       0.704229377214785     
  -20.8242574931880       0.193756438818100       0.897985816032885     
  -20.7967452316076       0.229673590551624        1.12765940658451     
  -20.7692329700272       0.267396867004708        1.39505627358922     
  -20.7417207084469       0.305855691687315        1.70091196527653     
  -20.7142084468665       0.343838170658590        2.04475013593512     
  -20.6866961852861       0.380083396995905        2.42483353293103     
  -20.6591839237057       0.413390773109607        2.83822430604063     
  -20.6316716621253       0.442733962129630        3.28095826817026     
  -20.6041594005450       0.467364587202758        3.74832285537302     
  -20.5766471389646       0.486890434558079        4.23521328993110     
  -20.5491348773842       0.501315040844322        4.73652833077542     
  -20.5216226158038       0.511030081951776        5.24755841272720     
  -20.4941103542234       0.516758384960864        5.76431679768806     
  -20.4665980926431       0.519452705919699        6.28376950360776     
  -20.4390858310627       0.520162449486538        6.80393195309430     
  -20.4115735694823       0.519886012156860        7.32381796525116     
  -20.3840613079019       0.519429371962611        7.84324733721377     
  -20.3565490463215       0.519291300141246        8.36253863735502     
  -20.3290367847411       0.519592059013605        8.88213069636862     
  -20.3015245231608       0.520056180481985        9.40218687685061     
  -20.2740122615804       0.520051896229643        9.92223877308025     
  -20.2465000000000       0.518681339744931        10.4409201128252     
  -20.2189877384196       0.514908166128499        10.9558282789537     
  -20.1914754768392       0.507703963446773        11.4635322424005     
  -20.1639632152589       0.496192582731035        11.9597248251315     
  -20.1364509536785       0.479772571293180        12.4394973964247     
  -20.1089386920981       0.458201953038790        12.8976993494635     
  -20.0814264305177       0.431635851038131        13.3293352005016     
  -20.0539141689373       0.400614746630933        13.7299499471325     
  -20.0264019073569       0.366008261489108        14.0959582086216     
  -19.9988896457766       0.328925107046524        14.4248833156682     
  -19.9713773841962       0.290603465955129        14.7154867816233     
  -19.9438651226158       0.252297192257530        14.9677839738808     
  -19.9163528610354       0.215171946364110        15.1829559202449     
  -19.8888405994550       0.180222219284362        15.3631781395293     
  -19.8613283378747       0.148215905901809        15.5113940454311     
  -19.8338160762943       0.119668501340972        15.6310625467721     
  -19.8063038147139       9.484487807146352E-002   15.7259074248435     
  -19.7787915531335       7.378350827648943E-002   15.7996909331200     
  -19.7512792915531       5.633620908679609E-002   15.8560271422068     
  -19.7237670299728       4.221601868541778E-002   15.8982431608922     
  -19.6962547683924       3.104645027393885E-002   15.9292896111662     
  -19.6687425068120       2.240677347593363E-002   15.9516963846421     
  -19.6412302452316       1.586974941065377E-002   15.9675661340528     
  -19.6137179836512       1.103004150444430E-002   15.9785961755572     
  -19.5862057220708       7.523072306549109E-003   15.9861192478638     
  -19.5586934604905       5.035241647771191E-003   15.9911544895115     
  -19.5311811989101       3.307115439766694E-003   15.9944616049513     
  -19.5036689373297       2.131474061779149E-003   15.9965930790131     
  -19.4761566757493       1.348064505177232E-003   15.9979411435182     
  -19.4486444141689       8.366424712951063E-004   15.9987777859895     
  -19.4211321525886       5.095264794672488E-004   15.9992873124690     
  -19.3936198910082       3.045022279081907E-004   15.9995918146969     
  -19.3661076294278       1.785708159370365E-004   15.9997703855129     
  -19.3385953678474       1.027605333467558E-004   15.9998731460462     
  -19.3110831062670       5.802801906227054E-005   15.9999311740653     
  -19.2835708446866       3.215469742806924E-005   15.9999633287627     
  -19.2560585831063       1.748421994957582E-005   15.9999808129826     
  -19.2285463215259       9.329178293356402E-006   15.9999901421609     
  -19.2010340599455       4.884691857346074E-006   15.9999950268528     
  -19.1735217983651       2.509774712548384E-006   15.9999975366275     
  -19.1460095367847       1.265527765354933E-006   15.9999988021553     
  -19.1184972752044       6.265036650947558E-007   15.9999994286589     
  -19.0909850136240       3.051084520220258E-007   15.9999997337674     
  -19.0634727520436       1.475927070583843E-007   15.9999998813601     
  -19.0359604904632       7.416156385981094E-008   15.9999999555217     
  -19.0084482288828       4.570125505224017E-008   16.0000000012229     
  -18.9809359673025       4.649382077449339E-008   16.0000000477167     
  -18.9534237057221       7.698269607458313E-008   16.0000001246994     
  -18.9259114441417       1.539797433293497E-007   16.0000002786792     
  -18.8983991825613       3.183896519695639E-007   16.0000005970688     
  -18.8708869209809       6.532321020775566E-007   16.0000012503009     
  -18.8433746594005       1.318129157530309E-006   16.0000025684301     
  -18.8158623978202       2.611220675325255E-006   16.0000051796508     
  -18.7883501362398       5.076499829507770E-006   16.0000102561506     
  -18.7608378746594       9.684738831203937E-006   16.0000199408894     
  -18.7333256130790       1.813040964914348E-005   16.0000380712991     
  -18.7058133514986       3.330597598568980E-005   16.0000713772751     
  -18.6783010899183       6.003870276042288E-005   16.0001314159778     
  -18.6507888283379       1.062025592045064E-004   16.0002376185370     
  -18.6232765667575       1.843457857236797E-004   16.0004219643228     
  -18.5957643051771       3.139973664197408E-004   16.0007359616892     
  -18.5682520435967       5.248236168188601E-004   16.0012607853060     
  -18.5407397820163       8.607862458232258E-004   16.0021215715518     
  -18.5132275204360       1.385389413714772E-003   16.0035069609655     
  -18.4857152588556       2.187978341068032E-003   16.0056949393066     
  -18.4582029972752       3.390851664061546E-003   16.0090857909707     
  -18.4306907356948       5.156668273411874E-003   16.0142424592441     
  -18.4031784741144       7.695276636939526E-003   16.0219377358810     
  -18.3756662125341       1.126870290353428E-002   16.0332064387845     
  -18.3481539509537       1.619266308912657E-002   16.0493991018737     
  -18.3206416893733       2.283270146491006E-002   16.0722318033386     
  -18.2931294277929       3.159300911194590E-002   16.1038248124505     
  -18.2656171662125       4.289625427152337E-002   16.1467210667221     
  -18.2381049046322       5.715344858688561E-002   16.2038745153089     
  -18.2105926430518       7.472401659104395E-002   16.2785985319000     
  -18.1830803814714       9.586778224057568E-002   16.3744663141406     
  -18.1555681198910       0.120692383517259        16.4951586976578     
  -18.1280558583106       0.149101414659107        16.6442601123169     
  -18.1005435967302       0.180750033125253        16.8250101454422     
  -18.0730313351499       0.215015482707163        17.0400256281493     
  -18.0455190735695       0.250989649431454        17.2910152775808     
  -18.0180068119891       0.287499189617601        17.5785144671984     
  -17.9904945504087       0.323155964027199        17.9016704312256     
  -17.9629822888283       0.356436743084919        18.2581071743105     
  -17.9354700272480       0.385786921717369        18.6438940960279     
  -17.9079577656676       0.409738978089959        19.0536330741178     
  -17.8804455040872       0.427033361819647        19.4806664359375     
  -17.8529332425068       0.436728041782964        19.9173944777204     
  -17.8254209809264       0.438283477867723        20.3556779555882     
  -17.7979087193460       0.431612355147096        20.7872903107353     
  -17.7703964577657       0.417087702006788        21.2043780127421     
  -17.7428841961853       0.395508342093553        21.5998863548356     
  -17.7153719346049       0.368026131862679        21.9679124866983     
  -17.6878596730245       0.336044204421107        22.3039566911194     
  -17.6603474114441       0.301098716329638        22.6050554074490     
  -17.6328351498638       0.264737910688896        22.8697933181379     
  -17.6053228882834       0.228411573635719        23.0982048917736     
  -17.5778106267030       0.193381447523750        23.2915863392974     
  -17.5502983651226       0.160659435113321        23.4522457744107     
  -17.5227861035422       0.130976200560989        23.5832219749717     
  -17.4952738419619       0.104778761046937        23.6880007360186     
  -17.4677615803815       8.225244997501828E-002   23.7702531859937     
  -17.4402493188011       6.336057848774089E-002   23.8336137644814     
  -17.4127370572207       4.789433256916955E-002   23.8815080970506     
  -17.3852247956403       3.552579548020618E-002   23.9170338925308     
  -17.3577125340599       2.585819365885922E-002   23.9428920861896     
  -17.3302002724796       1.846916388668355E-002   23.9613612500763     
  -17.3026880108992       1.294466921857251E-002   23.9743059192949     
  -17.2751757493188       8.902855847466855E-003   23.9832087751424     
  -17.2476634877384       6.008448994597486E-003   23.9892172241370     
  -17.2201512261580       3.979147699553169E-003   23.9931963718365     
  -17.1926389645777       2.585903859686565E-003   23.9957822756962     
  -17.1651267029973       1.649032870528117E-003   23.9974313085667     
  -17.1376144414169       1.031907728357503E-003   23.9984632162951     
  -17.1101021798365       6.336464799217008E-004   23.9990968627750     
  -17.0825899182561       3.818104507865882E-004   23.9994786732258     
  -17.0550776566757       2.257580882592375E-004   23.9997044313141     
  -17.0275653950954       1.309887525662060E-004   23.9998354200666     
  -17.0000531335150       7.457991066896663E-005   23.9999099999773     
  -16.9725408719346       4.166921719915020E-005   23.9999516691945     
  -16.9450286103542       2.284811749096271E-005   23.9999745173120     
  -16.9175163487738       1.229928087845646E-005   23.9999868165929     
  -16.8900040871935       6.509527479309175E-006   23.9999933261203     
  -16.8624918256131       3.408589723749101E-006   23.9999967347101     
  -16.8349795640327       1.811337975881223E-006   23.9999985460480     
  -16.8074673024523       1.069999680420718E-006   23.9999996160477     
  -16.7799550408719       8.695806521866190E-007   24.0000004856284     
  -16.7524427792916       1.122701289406206E-006   24.0000016083297     
  -16.7249305177112       1.939541530996541E-006   24.0000035478712     
  -16.6974182561308       3.665668808747018E-006   24.0000072135400     
  -16.6699059945504       6.996821777438197E-006   24.0000142103618     
  -16.6423937329700       1.319699768983270E-005   24.0000274073595     
  -16.6148814713896       2.446602532238146E-005   24.0000518733848     
  -16.5873692098093       4.452623818957031E-005   24.0000963996230     
  -16.5598569482289       7.952490077952983E-005   24.0001759245238     
  -16.5323446866485       1.393780025945835E-004   24.0003153025264     
  -16.5048324250681       2.397077700736475E-004   24.0005550102964     
  -16.4773201634877       4.045433595331099E-004   24.0009595536560     
  -16.4498079019074       6.699505432610795E-004   24.0016295041992     
  -16.4222956403270       1.088717065212654E-003   24.0027182212644     
  -16.3947833787466       1.736128740333433E-003   24.0044543500048     
  -16.3672711171662       2.716710982533445E-003   24.0071710609873     
  -16.3397588555858       4.171570387129627E-003   24.0113426313744     
  -16.3122465940055       6.285652238509038E-003   24.0176282836129     
  -16.2847343324251       9.293852379956162E-003   24.0269221359929     
  -16.2572220708447       1.348453107736584E-002   24.0404066670703     
  -16.2297098092643       1.919864581004367E-002   24.0596053128803     
  -16.2021975476839       2.682254773303479E-002   24.0864278606133     
  -16.1746852861035       3.677258450357294E-002   24.1232004451169     
  -16.1471730245232       4.947012405551247E-002   24.1726705691724     
  -16.1196607629428       6.530652691845719E-002   24.2379770960909     
  -16.0921485013624       8.459894750429037E-002   24.3225760435952     
  -16.0646362397820       0.107539540428561        24.4301155840237     
  -16.0371239782016       0.134142480662780        24.5642580646865     
  -16.0096117166213       0.164194871672729        24.7284529363592     
  -15.9820994550409       0.197218748927410        24.9256716852867     
  -15.9545871934605       0.232451627778166        25.1581233130648     
  -15.9270749318801       0.268852123736430        25.4269754368012     
  -15.8995626702997       0.305134990725461        25.7321104275267     
  -15.8720504087193       0.339836613954942        26.0719470414816     
  -15.8445381471390       0.371407946449101        26.4433549879307     
  -15.8170258855586       0.398327694482477        26.8416826824132     
  -15.7895136239782       0.419224958734739        27.2609076411480     
  -15.7620013623978       0.432998226546513        27.6939058676945     
  -15.7344891008174       0.438917115153540        28.1328229828480     
  -15.7069768392371       0.436694811706956        28.5695177945550     
  -15.6794645776567       0.426522591833045        28.9960403863880     
  -15.6519523160763       0.409062602745119        29.4051029891331     
  -15.6244400544959       0.385400468310881        29.7905034574440     
  -15.5969277929155       0.356964288830477        30.1474677462745     
  -15.5694155313351       0.325420411511727        30.4728881577862     
  -15.5419032697548       0.292558326550019        30.7654464843362     
  -15.5143910081744       0.260176953440435        31.0256234377767     
  -15.4868787465940       0.229982587284495        31.2556060250612     
  -15.4593664850136       0.203505402733415        31.4591114277946     
  -15.4318542234332       0.182037431329683        31.6411488591243     
  -15.4043419618529       0.166591175548889        31.8077400346732     
  -15.3768297002725       0.157875234445603        31.9656152691188     
  -15.3493174386921       0.156281974837602        32.1218972439564     
  -15.3218051771117       0.161882531643853        32.2837797756002     
  -15.2942929155313       0.174426048103232        32.4582058237034     
  -15.2667806539510       0.193342557528132        32.6515483812316     
  -15.2392683923706       0.217751563853793        32.8692999450854     
  -15.2117561307902       0.246480464240643        33.1157804093260     
  -15.1842438692098       0.278097860960266        33.3938782702863     
  -15.1567316076294       0.310966175058908        33.7048444453452     
  -15.1292193460490       0.343315784247169        34.0481602295924     
  -15.1017070844687       0.373339502124618        34.4214997317170     
  -15.0741948228883       0.399302234091428        34.8208019658084     
  -15.0466825613079       0.419656900921192        35.2404588667296     
  -15.0191702997275       0.433155035260256        35.6736139019898     
  -14.9916580381471       0.438939481304659        36.1125533832945     
  -14.9641457765668       0.436607699128396        36.5491610824229     
  -14.9366335149864       0.426237228644842        36.9753983110677     
  -14.9091212534060       0.408369443115545        37.3837677541833     
  -14.8816089918256       0.383953050599714        37.7677208047830     
  -14.8540967302452       0.354253966591870        38.1219747713749     
  -14.8265844686648       0.320742305032380        38.4427170764073     
  -14.7990722070845       0.284969657019219        38.7276867334265     
  -14.7715599455041       0.248450226035364        38.9761369594618     
  -14.7440476839237       0.212557829082582        39.1886947885444     
  -14.7165354223433       0.178447663172010        39.3671424517164     
  -14.6890231607629       0.147007719973252        39.5141501716897     
  -14.6615108991826       0.118840539551517        39.6329907112412     
  -14.6339986376022       9.427229695843772E-002   39.7272630081996     
  -14.6064863760218       7.338350384684264E-002   39.8006465120465     
  -14.5789741144414       5.605412871321378E-002   39.8567006407597     
  -14.5514618528610       4.201569269350876E-002   39.8987163334532     
  -14.5239495912807       3.090367850534259E-002   39.9296200119585     
  -14.4964373297003       2.230506698178806E-002   39.9519250789403     
  -14.4689250681199       1.579761680017665E-002   39.9677226957405     
  -14.4414128065395       1.097929093068731E-002   39.9787019866712     
  -14.4139005449591       7.487755837214930E-003   39.9861897425084     
  -14.3863882833787       5.010991975311813E-003   39.9912007344837     
  -14.3588760217984       3.290715834844164E-003   39.9944914503186     
  -14.3313637602180       2.120565467404113E-003   39.9966120157860     
  -14.3038514986376       1.340934632787429E-003   39.9979529504188     
  -14.2763392370572       8.320666933961436E-004   39.9987850171122     
  -14.2488269754768       5.066444209205535E-004   39.9992916615331     
  -14.2213147138965       3.027212968645171E-004   39.9995943828299     
  -14.1938024523161       1.774913765273988E-004   39.9997718742065     
  -14.1662901907357       1.021188931912566E-004   39.9998739930997     
  -14.1387779291553       5.765400588820342E-005   39.9999316471055     
  -14.1112656675749       3.194091983746406E-005   39.9999635880254     
  -14.0837534059945       1.736440537897796E-005   39.9999809524308     
  -14.0562411444142       9.263330493936494E-006   39.9999902157613     
  -14.0287288828338       4.849199989809998E-006   39.9999950649612     
  -14.0012166212534       2.490998701406687E-006   39.9999975559600     
  -13.9737043596730       1.255744212494718E-006   39.9999988117042     
  -13.9461920980926       6.214004940375845E-007   39.9999994331047     
  -13.9186798365123       3.022545536704446E-007   39.9999997353592     
  -13.8911675749319       1.454801587805806E-007   39.9999998808394     
  -13.8636553133515       7.152452752203636E-008   39.9999999523639     
  -13.8361430517711       4.085668181596017E-008   39.9999999932206     
  -13.8086307901907       3.641487758359284E-008   40.0000000296355     
  -13.7811185286104       5.568082555944785E-008   40.0000000853163     
  -13.7536062670300       1.094851979426773E-007   40.0000001948015     
  -13.7260940054496       2.270972642610947E-007   40.0000004218987     
  -13.6985817438692       4.694834439722580E-007   40.0000008913822     
  -13.6710694822888       9.554347265843411E-007   40.0000018468169     
  -13.6435572207084       1.909211445165005E-006   40.0000037560284     
  -13.6160449591281       3.744185711259491E-006   40.0000075002141     
  -13.5885326975477       7.205538554871851E-006   40.0000147057526     
  -13.5610204359673       1.360730952571811E-005   40.0000283130622     
  -13.5335081743869       2.521581727539459E-005   40.0000535288794     
  -13.5059959128065       4.585307435567027E-005   40.0000993819538     
  -13.4784836512262       8.181980630669709E-005   40.0001812017601     
  -13.4509713896458       1.432659632112487E-004   40.0003244677233     
  -13.4234591280654       2.461626849338482E-004   40.0005706304082     
  -13.3959468664850       4.150458498283511E-004   40.0009856762581     
  -13.3684346049046       6.866961964987043E-004   40.0016723724546     
  -13.3409223433242       1.114879647444431E-003   40.0027872521020     
  -13.3134100817439       1.776176841814895E-003   40.0045634289438     
  -13.2858978201635       2.776766844217697E-003   40.0073401957880     
  -13.2583855585831       4.259786133189085E-003   40.0115999819212     
  -13.2308732970027       6.412562134489798E-003   40.0180125440557     
  -13.2033610354223       9.472642055703626E-003   40.0274851861114     
  -13.1758487738420       1.373114952942821E-002   40.0412163356409     
  -13.1483365122616       1.953167880761256E-002   40.0607480144485     
  -13.1208242506812       2.726277889742343E-002   40.0880107933459     
  -13.0933119891008       3.734220056954797E-002   40.1253529939154     
  -13.0657997275204       5.019158111392778E-002   40.1755445750294     
  -13.0382874659401       6.620119040962687E-002   40.2417457654390     
  -13.0107752043597       8.568575244529630E-002   40.3274315178843     
  -12.9832629427793       0.108834086689225        40.4362656045735     
  -12.9557506811989       0.135657171495103        40.5719227760686     
  -12.9282384196185       0.165940905488179        40.7378636815568     
  -12.9007261580381       0.199210960667579        40.9370746422244     
  -12.8732138964578       0.234717316439459        41.1717919586638     
  -12.8457016348774       0.271445059570209        41.4432370182340     
  -12.8181893732970       0.308155726198836        41.7513927444329     
  -12.7906771117166       0.343459978187523        42.0948527226204     
  -12.7631648501362       0.375918131394217        42.4707708540146     
  -12.7356525885559       0.404160591441834        42.8749314454565     
  -12.7081403269755       0.427016335130644        43.3019477805871     
  -12.6806280653951       0.443634930739672        43.7455827113268     
  -12.6531158038147       0.453586795689653        44.1991695070164     
  -12.6256035422343       0.456927745980611        44.6560972529970     
  -12.5980912806540       0.454217346408891        45.1103145994059     
  -12.5705790190736       0.446485714260272        45.5568003136662     
  -12.5430667574932       0.435149563078500        45.9919498767447     
  -12.5155544959128       0.421884533879471        46.4138344106242     
  -12.4880422343324       0.408466372708530        46.8223007833327     
  -12.4605299727520       0.396597530632546        47.2188983139652     
  -12.4330177111717       0.387737777578850        47.6066360915441     
  -12.4055054495913       0.382957217857785        47.9895933094019     
  -12.3779931880109       0.382827745352822        48.3724210547547     
  -12.3504809264305       0.387364800745702        48.7597858555004     
  -12.3229686648501       0.396025796938819        49.1558116524392     
  -12.2954564032698       0.407765384769766        49.5635770372090     
  -12.2679441416894       0.421141518287721        49.9847185554967     
  -12.2404318801090       0.434460727840926        50.4191792833376     
  -12.2129196185286       0.445946747311189        50.8651260306488     
  -12.1854073569482       0.453914182303485        51.3190402129523     
  -12.1578950953678       0.456928581261101        51.7759687942134     
  -12.1303828337875       0.453936168810977        52.2299049630244     
  -12.1028705722071       0.444350419377543        52.6742553824019     
  -12.0753583106267       0.428088096676897        53.1023434790788     
  -12.0478460490463       0.405553626676720        53.5078971057555     
  -12.0203337874659       0.377576835547853        53.8854739413034     
  -11.9928215258856       0.345314302047535        54.2307882433509     
  -11.9653092643052       0.310128134256137        54.5409163776071     
  -11.9377970027248       0.273457456031576        54.8143738336386     
  -11.9102847411444       0.236697206961742        55.0510710406004     
  -11.8827724795640       0.201096303879175        55.2521673444796     
  -11.8552602179837       0.167683347782764        55.4198506922623     
  -11.8277479564033       0.137223611014111        55.5570743032764     
  -11.8002356948229       0.110206741339943        55.6672810446164     
  -11.7727234332425       8.686108567875024E-002   55.7541421302951     
  -11.7452111716621       6.718816413073798E-002   55.8213302944259     
  -11.7176989100817       5.100975782825089E-002   55.8723400522541     
  -11.6901866485014       3.802021765084356E-002   55.9103602699050     
  -11.6626743869210       2.783768348455122E-002   55.9381979533895     
  -11.6351621253406       2.004955939030731E-002   55.9582475127798     
  -11.6076498637602       1.424944211120542E-002   55.9724969548910     
  -11.5801376021798       1.006442903307578E-002   55.9825613839241     
  -11.5526253405995       7.173115385187128E-003   55.9897344993093     
  -11.5251130790191       5.315518749890200E-003   55.9950500180592     
  -11.4976008174387       4.296632563536275E-003   55.9993466506227     
  -11.4700885558583       3.985376124553171E-003   56.0033320267473     
  -11.4425762942779       4.310489143603732E-003   56.0076425158909     
  -11.4150640326975       5.254543211557050E-003   56.0128970591024     
  -11.3875517711172       6.846833634186741E-003   56.0197438927366     
  -11.3600395095368       9.155573952950094E-003   56.0288994666896     
  -11.3325272479564       1.227961208306287E-002   56.0411790787727     
  -11.3050149863760       1.633985538476644E-002   56.0575189341574     
  -11.2775027247956       2.147072838006769E-002   56.0789896625375     
  -11.2499904632153       2.781225020829706E-002   56.1068019127458     
  -11.2224782016349       3.550363463030864E-002   56.1423055473761     
  -11.1949659400545       4.467958337907925E-002   56.1869851307552     
  -11.1674536784741       5.547055246805864E-002   56.2424556832232     
  -11.1399414168937       6.800811777442768E-002   56.3104638009977     
  -11.1124291553134       8.243608018328434E-002   56.3928998811809     
  -11.0849168937330       9.892711703971628E-002   56.4918269982207     
  -11.0574046321526       0.117703664328513        56.6095306625492     
  -11.0298923705722       0.139060440921910        56.7485911034711     
  -11.0023801089918       0.163384809453600        56.9119759129247     
  -10.9748678474114       0.191170256397334        57.1031461693220     
  -10.9473555858311       0.223017914915571        57.3261640842376     
  -10.9198433242507       0.259621446782228        57.5857855310198     
  -10.8923310626703       0.301731846911715        57.8875173779315     
  -10.8648188010899       0.350100808168480        58.2376181861000     
  -10.8373065395095       0.405404013430435        58.6430221995304     
  -10.8097942779292       0.468148801006427        59.1111710005369     
  -10.7822820163488       0.538573673988253        59.6497446745251     
  -10.7547697547684       0.616549643633750        60.2662943181589     
  -10.7272574931880       0.701494979591267        60.9677892977501     
  -10.6997452316076       0.792315238595684        61.7601045363458     
  -10.6722329700272       0.887379255145667        62.6474837914915     
  -10.6447207084469       0.984539087891443        63.6320228793829     
  -10.6172084468665        1.08119791993209        64.7132207993150     
  -10.5896961852861        1.17442501111548        65.8876458104305     
  -10.5621839237057        1.26111156550704        67.1487573759375     
  -10.5346716621253        1.33815647771196        68.4869138536495     
  -10.5071594005450        1.40266703442401        69.8895808880735     
  -10.4796471389646        1.45215734777006        71.3417382358436     
  -10.4521348773842        1.48472695552244        72.8264651913660     
  -10.4246226158038        1.49920372970256        74.3256689210686     
  -10.3971103542234        1.49523876788009        75.8209076889487     
  -10.3695980926431        1.47334579611368        77.2942534850623     
  -10.3420858310627        1.43488308770707        78.7291365727694     
  -10.3145735694823        1.38198122789793        80.1111178006673     
  -10.2870613079019        1.31742453585738        81.4285423365247     
  -10.2595490463215        1.24449709647965        82.6730394330044     
  -10.2320367847411        1.16680593875565        83.8398453717600     
  -10.2045245231608        1.08809400237562        84.9279393741356     
  -10.1770122615804        1.01205448104144        85.9399938551771     
  -10.1495000000000       0.942156385574007        86.8821502407511     
  -10.1219877384196       0.881489218942094        87.7636394596932     
  -10.0944754768392       0.832632889453063        88.5962723491463     
  -10.0669632152589       0.797557618126418        89.3938299672727     
  -10.0394509536785       0.777557618071534        90.1713875853442     
  -10.0119386920981       0.773221540108624        90.9446091254528     
  -9.98442643051771       0.784441767367579        91.7290508928204     
  -9.95691416893733       0.810463255793874        92.5395141486143     
  -9.92940190735695       0.849970500074288        93.3894846486886     
  -9.90188964577657       0.901208288291158        94.2906929369798     
  -9.87437738419618       0.962128382958931        95.2528213199387     
  -9.84686512261580        1.03055058959828        96.2833719095370     
  -9.81935286103542        1.10432352241875        97.3876954319557     
  -9.79184059945504        1.18146852636319        98.5691639583189     
  -9.76432833787466        1.26029037681968        99.8294543351386     
  -9.73681607629428        1.33944101365553        101.168895348794     
  -9.70930381471389        1.41792772306078        102.586823071855     
  -9.68179155313351        1.49506439874543        104.081887470600     
  -9.65427929155313        1.57037283185849        105.652260302459     
  -9.62676702997275        1.64344906029200        107.295709362751     
  -9.59925476839237        1.71381617507283        109.009525537824     
  -9.57174250681199        1.78078831395298        110.790313851777     
  -9.54423024523161        1.84337000675564        112.633683858532     
  -9.51671798365122        1.90021039510566        114.533894253638     
  -9.48920572207084        1.94962373105358        116.483517984692     
  -9.46169346049046        1.98967726899665        118.473195253688     
  -9.43418119891008        2.01833697453767        120.491532228226     
  -9.40666893732970        2.03365226923041        122.525184497456     
  -9.37915667574932        2.03395492614127        124.559139423598     
  -9.35164441416894        2.01804523819119        126.577184661789     
  -9.32413215258855        1.98534090830211        128.562525570091     
  -9.29661989100817        1.93597014908925        130.498495719180     
  -9.26910762942779        1.87079897005693        132.369294689237     
  -9.24159536784741        1.79139196115727        134.160686650394     
  -9.21408310626703        1.69991444921444        135.860601099609     
  -9.18657084468665        1.59899043476338        137.459591534372     
  -9.15905858310627        1.49153448244516        138.951126016817     
  -9.13154632152589        1.38057661617823        140.331702632995     
  -9.10403405994550        1.26909765866927        141.600800291665     
  -9.07652179836512        1.15988907743824        142.760689369103     
  -9.04900953678474        1.05544707372581        143.816136442829     
  -9.02149727520436       0.957906085358166        144.774042528187     
  -8.99398501362398       0.869012552149058        145.643055080336     
  -8.96647275204360       0.790135953552721        146.433191033889     
  -8.93896049046321       0.722310845683277        147.155501879572     
  -8.91144822888283       0.666300921784003        147.821802801356     
  -8.88393596730245       0.622674081519982        148.444476882876     
  -8.85642370572207       0.591876322700952        149.036353205577     
  -8.82891144414169       0.574292262499396        149.610645468076     
  -8.80139918256130       0.570281551960480        150.180927020037     
  -8.77388692098092       0.580183527442050        150.761110547479     
  -8.74637465940054       0.604287034938941        151.365397582418     
  -8.71886239782016       0.642768009276648        152.008165591694     
  -8.69135013623978       0.695603295045136        152.703768886740     
  -8.66383787465940       0.762474341077763        153.466243227817     
  -8.63632561307902       0.842677736902268        154.308920964720     
  -8.60881335149864       0.935060244290648        155.243981209010     
  -8.58130108991826        1.03799358877388        156.281974797784     
  -8.55378882833787        1.14939896126251        157.431373759047     
  -8.52627656675749        1.26682368280249        158.698197441849     
  -8.49876430517711        1.38756404609952        160.085761487949     
  -8.47125204359673        1.50882048260680        161.594581970555     
  -8.44373978201635        1.62786541259201        163.222447383147     
  -8.41622752043596        1.74220159037820        164.964648973526     
  -8.38871525885558        1.84969004999998        166.814339023526     
  -8.36120299727520        1.94863175635841        168.762970779884     
  -8.33369073569482        2.03779492109238        170.800765700976     
  -8.30617847411444        2.11638922819613        172.917154929173     
  -8.27866621253406        2.18399720909499        175.101152138268     
  -8.25115395095368        2.24048002171297        177.341632159980     
  -8.22364168937330        2.28587859904347        179.627510759024     
  -8.19612942779291        2.32033084128838        181.947841600312     
  -8.16861716621253        2.34402129773930        184.291862898052     
  -8.14110490463215        2.35717244161592        186.649035339668     
  -8.11359264305177        2.36007760440017        189.009112944068     
  -8.08608038147139        2.35316665507997        191.362279599148     
  -8.05856811989101        2.33708832390714        193.699367923055     
  -8.03105585831063        2.31278907101547        196.012156994070     
  -8.00354359673024        2.28156835493362        198.293725349004     
  -7.97603133514986        2.24509405198534        200.538819400989     
  -7.94851907356948        2.20536881965681        202.744188220646     
  -7.92100681198910        2.16464696508040        204.908835185727     
  -7.89349455040872        2.12531011930666        207.034145305033     
  -7.86598228882833        2.08971700724654        209.123862312280     
  -7.83847002724795        2.06004651928213        211.183908831562     
  -7.81095776566757        2.03815349320424        213.222062324766     
  -7.78344550408719        2.02545327943746        215.247515604204     
  -7.75593324250681        2.02284522642460        217.270360830628     
  -7.72842098092643        2.03067815723481        219.301038987863     
  -7.70090871934605        2.04875436054963        221.349793348413     
  -7.67339645776567        2.07636401709017        223.426157365503     
  -7.64588419618529        2.11234019379133        225.538497559294     
  -7.61837193460490        2.15512566918998        227.693623228484     
  -7.59085967302452        2.20284623971396        229.896469468198     
  -7.56334741144414        2.25338954344842        232.149859011646     
  -7.53583514986376        2.30449231054296        234.454351322189     
  -7.50832288828338        2.35384092682829        236.808192249018     
  -7.48081062670300        2.39918939663275        239.207381645650     
  -7.45329836512261        2.43849507299527        241.645876718646     
  -7.42578610354223        2.47006656122542        244.115943279871     
  -7.39827384196185        2.49271135446388        246.608654634335     
  -7.37076158038147        2.50586478188839        249.114519416223     
  -7.34324931880109        2.50967849681936        251.624197913043     
  -7.31573705722070        2.50504734904282        254.129245262086     
  -7.28822479564032        2.49355867144171        256.622803933527     
  -7.26071253405994        2.47735742429011        259.100161357817     
  -7.23320027247956        2.45893299919088        261.559094357008     
  -7.20568801089918        2.44084676078318        263.999941117791     
  -7.17817574931880        2.42543118317204        266.425372300964     
  -7.15066348773842        2.41449937359480        268.839871674558     
  -7.12315122615804        2.40910605681907        271.248977731377     
  -7.09563896457766        2.40939682712474        273.658374558502     
  -7.06812670299727        2.41457190847852        276.072946466981     
  -7.04061444141689        2.42297519881150        278.495921665792     
  -7.01310217983651        2.43230135673853        280.928223022531     
  -6.98558991825613        2.43989601240924        283.368119034940     
  -6.95807765667575        2.44310977835871        285.811228813299     
  -6.93056539509537        2.43965803621424        288.250886849513     
  -6.90305313351498        2.42793697457262        290.678823824086     
  -6.87554087193460        2.40725233161487        293.086076155700     
  -6.84802861035422        2.37792977337547        295.464005929076     
  -6.82051634877384        2.34129276822667        297.805298697303     
  -6.79300408719346        2.29951247365031        300.104811170953     
  -6.76549182561308        2.25535162781501        302.360162798768     
  -6.73797956403270        2.21183816279622        304.572000961564     
  -6.71046730245232        2.17191240424536        306.743913365809     
  -6.68295504087193        2.13809346501206        308.882006830821     
  -6.65544277929155        2.11220598560076        310.994212816422     
  -6.62793051771117        2.09519881789668        313.089411634319     
  -6.60041825613079        2.08707428818010        315.176485922499     
  -6.57290599455041        2.08693226840296        317.263418190902     
  -6.54539373297003        2.09311932596984        319.356537516872     
  -6.51788147138964        2.10346130205023        321.459998818922     
  -6.49036920980926        2.11554893592715        323.575547754849     
  -6.46285694822888        2.12704127944202        325.702589034291     
  -6.43534468664850        2.13595085767252        327.838539891964     
  -6.40783242506812        2.14087767549737        329.979417567461     
  -6.38032016348773        2.14116577500362        332.120583342465     
  -6.35280790190735        2.13696538164855        334.257548724113     
  -6.32529564032697        2.12919478005095        336.386743504164     
  -6.29778337874659        2.11940779862514        338.506151302789     
  -6.27027111716621        2.10958391408365        340.615735216873     
  -6.24275885558583        2.10186726554472        342.717602482418     
  -6.21524659400545        2.09828717403649        344.815889656454     
  -6.18773433242507        2.10049524783778        346.916384904292     
  -6.16022207084469        2.10955237014382        349.025937274436     
  -6.13270980926430        2.12579285954126        351.151730133977     
  -6.10519754768392        2.14878344035725        353.300513574334     
  -6.07768528610354        2.17738242923238        355.477896003567     
  -6.05017302452316        2.20989120344048        357.687787207007     
  -6.02266076294278        2.24427727455072        359.932064481558     
  -5.99514850136240        2.27843790068771        362.210502382246     
  -5.96763623978201        2.31046670434354        364.520969086589     
  -5.94012397820163        2.33888438370685        366.859853470296     
  -5.91261171662125        2.36279885991848        369.222652330215     
  -5.88509945504087        2.38196986447999        371.604622194695     
  -5.85758719346049        2.39676697567842        374.001389170373     
  -5.83007493188011        2.40802661274325        376.409415783116     
  -5.80256267029973        2.41683005801293        378.826245841129     
  -5.77505040871934        2.42423851586236        381.250484356991     
  -5.74753814713896        2.43103003210111        383.681514389093     
  -5.72002588555858        2.43748494057249        386.118999329665     
  -5.69251362397820        2.44326058586618        388.562259915531     
  -5.66500136239782        2.44738291421613        391.009642829747     
  -5.63748910081744        2.44836398035750        393.458006810105     
  -5.60997683923706        2.44443342228520        395.902440232390     
  -5.58246457765667        2.43385204483384        398.336292277224     
  -5.55495231607629        2.41526032549792        400.751552602722     
  -5.52744005449591        2.38800670818626        403.139559310908     
  -5.49992779291553        2.35240152642628        405.491960837334     
  -5.47241553133515        2.30985227441594        407.801813111750     
  -5.44490326975477        2.26285312680660        410.064666238557     
  -5.41739100817438        2.21482323013430        412.279489468691     
  -5.38987874659400        2.16981075820646        414.449300226898     
  -5.36236648501362        2.13209939008312        416.581399616981     
  -5.33485422343324        2.10576767498169        418.687167291962     
  -5.30734196185286        2.09425773458382        420.781425026546     
  -5.27982970027248        2.10000733228124        422.881432358827     
  -5.25231743869210        2.12418930197781        425.005621660805     
  -5.22480517711172        2.16658661224630        427.172208273052     
  -5.19729291553133        2.22561261909640        429.397820892148     
  -5.16978065395095        2.29846725545519        431.696288147603     
  -5.14226839237057        2.38140371047871        434.077691858082     
  -5.11475613079019        2.47006863653265        436.547760494615     
  -5.08724386920981        2.55987327664690        439.107633771261     
  -5.05973160762943        2.64635334636422        441.753987117626     
  -5.03221934604904        2.72548133416839        444.479468451794     
  -5.00470708446866        2.79390468985729        447.273373141651     
  -4.97719482288828        2.84909530900152        450.122468450653     
  -4.94968256130790        2.88940785973415        453.011876310387     
  -4.92217029972752        2.91405513026951        455.925931440656     
  -4.89465803814713        2.92301648060184        458.848947921258     
  -4.86714577656675        2.91690006741466        461.765847988673     
  -4.83963351498637        2.89678082443938        464.662628813112     
  -4.81212125340599        2.86403478892734        467.526663602040     
  -4.78460899182561        2.82018714133296        470.346850743373     
  -4.75709673024523        2.76678719276054        473.113637936133     
  -4.72958446866485        2.70531925826881        475.818957194402     
  -4.70207220708447        2.63715431834543        478.456111512747     
  -4.67455994550409        2.56354367732701        481.019655190074     
  -4.64704768392370        2.48565231144895        483.505307501523     
  -4.61953542234332        2.40462602864261        485.909933530166     
  -4.59202316076294        2.32168283786999        488.231616368036     
  -4.56451089918256        2.23821523203751        490.469831600074     
  -4.53699863760218        2.15588694036189        492.625718540435     
  -4.50948637602180        2.07670586830878        494.702424408744     
  -4.48197411444141        2.00305523739049        496.705479646135     
  -4.45446185286103        1.93766798703688        498.643147633172     
  -4.42694959128065        1.88353548956405        500.526683122736     
  -4.39943732970027        1.84375014054570        502.370433263281     
  -4.37192506811989        1.82129138291223        504.191724646194     
  -4.34441280653951        1.81877467781012        506.010499324004     
  -4.31690054495913        1.83819109987261        507.848690423876     
  -4.28938828337875        1.88066997959856        509.729360403475     
  -4.26187602179836        1.94629717362935        511.675657577104     
  -4.23436376021798        2.03401667680039        513.709674253905     
  -4.20685149863760        2.14163382155086        515.851308075455     
  -4.17933923705722        2.26592549379819        518.117233569254     
  -4.15182697547684        2.40284852092973        520.520082090183     
  -4.12431471389646        2.54782387210221        523.067905962286     
  -4.09680245231607        2.69606371466144        525.763969676947     
  -4.06929019073569        2.84290242862538        528.606872105573     
  -4.04177792915531        2.98409240359038        531.590964509163     
  -4.01426566757493        3.11603093644294        534.706995445606     
  -3.98675340599455        3.23589499401562        537.942890439621     
  -3.95924114441417        3.34167438534484        541.284564824966     
  -3.93172888283378        3.43210885154928        544.716673676516     
  -3.90421662125340        3.50654839078858        548.223222067304     
  -3.87670435967302        3.56476664977292        551.787988717077     
  -3.84919209809264        3.60676283289338        555.394751549970     
  -3.82167983651226        3.63258750581541        559.027339055786     
  -3.79416757493188        3.64222202625313        562.669561082039     
  -3.76665531335150        3.63553113744823        566.305092219487     
  -3.73914305177112        3.61229523948828        569.917387458975     
  -3.71163079019073        3.57231515455752        573.489702613533     
  -3.68411852861035        3.51557001890606        577.005272632439     
  -3.65660626702997        3.44240014458252        580.447672777021     
  -3.62909400544959        3.35368255680847        583.801355333830     
  -3.60158174386921        3.25096788431768        587.052323218148     
  -3.57406948228883        3.13655297807741        590.188876196225     
  -3.54655722070844        3.01347295375301        593.202349149978     
  -3.51904495912806        2.88540770337909        596.087756853357     
  -3.49153269754768        2.75650952671788        598.844266380075     
  -3.46402043596730        2.63116873990084        601.475435119976     
  -3.43650817438692        2.51374164578330        603.989176765759     
  -3.40899591280654        2.40826933319406        606.397446098953     
  -3.38148365122616        2.31821619972720        608.715662298680     
  -3.35397138964577        2.24625414075866        610.961916439439     
  -3.32645912806539        2.19411264978613        613.156029089225     
  -3.29894686648501        2.16250747536287        615.318536564588     
  -3.27143460490463        2.15115190114292        617.469688465731     
  -3.24392234332425        2.15884607108674        619.628534536818     
  -3.21641008174387        2.18363192391776        621.812166460736     
  -3.18889782016349        2.22299499177136        624.035161452507     
  -3.16138555858310        2.27409019919695        626.309251651704     
  -3.13387329700272        2.33396734053632        628.643218992240     
  -3.10636103542234        2.39977334252341        631.042992334764     
  -3.07884877384196        2.46891263841560        633.511904973179     
  -3.05133651226158        2.53915351638491        636.051058489564     
  -3.02382425068120        2.60867630922803        638.659734798792     
  -2.99631198910081        2.67606762168209        641.335802420474     
  -2.96879972752043        2.74027217111445        644.076074591589     
  -2.94128746594005        2.80051906041493        646.876593652004     
  -2.91377520435967        2.85624154159244        649.732835193596     
  -2.88626294277929        2.90700820618915        652.639843399785     
  -2.85875068119891        2.95247929909518        655.592322698880     
  -2.83123841961853        2.99239531618186        658.584718015062     
  -2.80372615803815        3.02659745779836        661.611315472861     
  -2.77621389645776        3.05507229364525        664.666387766506     
  -2.74870163487738        3.07800747150750        667.744395238013     
  -2.72118937329700        3.09584243682129        670.840237674835     
  -2.69367711171662        3.10929835694407        673.949536031779     
  -2.66616485013624        3.11937461564385        677.068910647423     
  -2.63865258855586        3.12730469792111        680.196215345344     
  -2.61114032697547        3.13447101068034        683.330686356024     
  -2.58362806539509        3.14228503098827        686.472971387012     
  -2.55611580381471        3.15204506172353        689.625016448736     
  -2.52860354223433        3.16478795908173        692.789804407818     
  -2.50109128065395        3.18115296018460        695.970957368002     
  -2.47357901907357        3.20127501804126        699.172232386044     
  -2.44606675749318        3.22472200955942        702.396954395603     
  -2.41855449591280        3.25048525910618        705.647439654709     
  -2.39104223433242        3.27702666506784        708.924466319777     
  -2.36352997275204        3.30237912249820        712.226845442275     
  -2.33601771117166        3.32429075896895        715.551136201244     
  -2.30850544959128        3.34039857043048        718.891534771675     
  -2.28099318801090        3.34841404111529        722.239948812790     
  -2.25348092643052        3.34630267138524        725.586251484175     
  -2.22596866485013        3.33244106907752        728.918692553253     
  -2.19845640326975        3.30573902475776        732.224431578010     
  -2.17094414168937        3.26571906692314        735.490150644934     
  -2.14343188010899        3.21255142936384        738.702702074297     
  -2.11591961852861        3.14704718629209        741.849749260590     
  -2.08840735694823        3.07061574840988        744.920365008999     
  -2.06089509536784        2.98519457060870        747.905559579608     
  -2.03338283378746        2.89315886310615        750.798718442714     
  -2.00587057220708        2.79721779632637        753.595936239040     
  -1.97835831062670        2.70030186791864        756.296238106959     
  -1.95084604904632        2.60544450226279        758.901682609222     
  -1.92333378746594        2.51566012507362        761.417342734296     
  -1.89582152588556        2.43382110164869        763.851163835944     
  -1.86830926430518        2.36253687906184        766.213700715006     
  -1.84079700272479        2.30403998246208        768.517740697468     
  -1.81328474114441        2.26008462908980        770.777825326558     
  -1.78577247956403        2.23186417097415        773.009689497532     
  -1.75826021798365        2.21995311785196        775.229642615384     
  -1.73074795640327        2.22427816572548        777.453920781110     
  -1.70323569482289        2.24412073444592        779.698041515556     
  -1.67572343324250        2.27815137747384        781.976192893029     
  -1.64821117166212        2.32449440866860        784.300687301698     
  -1.62069891008174        2.38081938939110        786.681506691089     
  -1.59318664850136        2.44445475238486        789.125961443474     
  -1.56567438692098        2.51251770065381        791.638479144128     
  -1.53816212534060        2.58205348938027        794.220532633508     
  -1.51064986376021        2.65017625904092        796.870708892549     
  -1.48313760217983        2.71420289333963        799.584911785889     
  -1.45562534059945        2.77177124064071        802.356683026529     
  -1.42811307901907        2.82093483354492        805.177617860074     
  -1.40060081743869        2.86022823649223        808.037846096567     
  -1.37308855585831        2.88870035018977        810.926546446756     
  -1.34557629427793        2.90591704572934        813.832463492486     
  -1.31806403269755        2.91193867986810        816.744402172354     
  -1.29055177111716        2.90728142792016        819.651683600274     
  -1.26303950953678        2.89287304758869        822.544556647863     
  -1.23552724795640        2.87001302148269        825.414569669345     
  -1.20801498637602        2.84034388644305        828.254913555788     
  -1.18050272479564        2.80583542269997        831.060748978488     
  -1.15299046321526        2.76877728360231        833.829526262091     
  -1.12547820163487        2.73176998874568        836.561296250836     
  -1.09796594005449        2.69770040842413        839.258996659260     
  -1.07045367847411        2.66968705474646        841.928683714007     
  -1.04294141689373        2.65098318782316        844.579666901830     
  -1.01542915531335        2.64483172017478        847.224498622005     
 -0.987916893732969        2.65427421151305        849.878772833518     
 -0.960404632152585        2.68192541100314        852.560698244521     
 -0.932892370572205        2.72973312713712        855.290431371658     
 -0.905380108991825        2.79874912037128        858.089180492029     
 -0.877867847411441        2.88893909339180        860.978119585421     
 -0.850355585831061        2.99905820468980        863.977177790111     
 -0.822843324250677        3.12661304274330        867.103790832854     
 -0.795331062670297        3.26792245417790        870.371713287032     
 -0.767818801089916        3.41827920945098        873.789992496483     
 -0.740306539509533        3.57220358114454        877.362196077628     
 -0.712794277929152        3.72376983582648        881.085965913454     
 -0.685282016348772        3.86697854242943        884.952944455884     
 -0.657769754768388        3.99614233890964        888.949086794793     
 -0.630257493188008        4.10625091859025        893.055337713384     
 -0.602745231607628        4.19328271751583        897.248620430899     
 -0.575232970027244        4.25443599423914        901.503056425139     
 -0.547720708446864        4.28826024156857        905.791316666707     
 -0.520208446866484        4.29467935182189        910.085996018529     
 -0.492696185286100        4.27490953605332        914.360905554582     
 -0.465183923705720        4.23128628159759        918.592191836180     
 -0.437671662125339        4.16702412873556        922.759215964915     
 -0.410159400544956        4.08593938693707        926.845155351852     
 -0.382647138964575        3.99216810261141        930.837323454464     
 -0.355134877384192        3.88990924739915        934.727232701863     
 -0.327622615803811        3.78321657184325        938.510449273706     
 -0.300110354223431        3.67585294755916        942.186302221265     
 -0.272598092643047        3.57120994891738        945.757512170183     
 -0.245085831062667        3.47228481299433        949.229796983177     
 -0.217573569482287        3.38169856776224        952.611495550939     
 -0.190061307901903        3.30173437576306        955.913229926702     
 -0.162549046321523        3.23437462930360        959.147604556006     
 -0.135036784741143        3.18131886270866        962.328923418715     
 -0.107524523160759        3.14397118694298        965.472894605658     
 -8.001226158037866E-002   3.12339425974061        968.596288865398     
 -5.249999999999844E-002   3.12023514556123        971.716524010959     
 -2.498773841961466E-002   3.13463530032949        974.851159311289     
  2.524523160765568E-003   3.16614125555022        978.017300566839     
  3.003678474114579E-002   3.21363386624749        981.230934433087     
  5.754904632152957E-002   3.27529231205067        984.506226745137     
  8.506130790190980E-002   3.34860497645442        987.854831721592     
  0.112573569482290        3.43043375457437        991.285265476166     
  0.140085831062674        3.51713221691922        994.802397693085     
  0.167598092643054        3.60471223561857        998.407109928704     
  0.195110354223438        3.68904876723676        1002.09615869594     
  0.222622615803818        3.76610880361887        1005.86226749956     
  0.250134877384198        3.83218812359553        1009.69445562315     
  0.277647138964582        3.88413832926603        1013.57859395242     
  0.305159400544962        3.91956662301312        1017.49816057543     
  0.332671662125342        3.93699182572994        1021.43515240116     
  0.360183923705726        3.93594229729539        1025.37109469846     
  0.387696185286106        3.91698480214680        1029.28807950061     
  0.415208446866487        3.88167804011068        1033.16975754072     
  0.442720708446871        3.83245046110999        1037.00220800183     
  0.470232970027251        3.77240877834982        1040.77461678018     
  0.497745231607631        3.70509067339968        1044.47970745358     
  0.525257493188015        3.63418168572836        1048.11388913931     
  0.552769754768395        3.56322121800089        1051.67711035731     
  0.580282016348775        3.49532505825938        1055.17243541557     
  0.607794277929159        3.43295118954156        1058.60538660511     
  0.635306539509539        3.37773173811911        1061.98311834323     
  0.662818801089923        3.33038703918109        1065.31350538241     
  0.690331062670303        3.29072880561214        1068.60423418802     
  0.717843324250683        3.25774946677371        1071.86198365479     
  0.745355585831067        3.22978524998027        1075.09176890477     
  0.772867847411447        3.20473277741458        1078.29650168219     
  0.800380108991828        3.18029382503885        1081.47679550723     
  0.827892370572211        3.15422098473483        1084.63101649196     
  0.855404632152592        3.12453834961491        1087.75555484158     
  0.882916893732972        3.08971562283549        1090.84527046441     
  0.910429155313356        3.04878051187247        1093.89405097628     
  0.937941416893736        3.00136199801599        1096.89541297430     
  0.965453678474116        2.94766510010098        1099.84307807440     
  0.992965940054500        2.88838518770250        1102.73146326210     
   1.02047820163488        2.82457599935549        1105.55603926146     
   1.04799046321526        2.75748973848691        1108.31352899995     
   1.07550272479564        2.68840961877158        1111.00193861872     
   1.10301498637602        2.61849489283998        1113.62043351156     
   1.13052724795641        2.54865582192275        1116.16908933348     
   1.15803950953679        2.47947154387797        1118.64856087736     
   1.18555177111717        2.41115789590773        1121.05971877327     
   1.21306403269755        2.34358564833387        1123.40330442160     
   1.24057629427793        2.27634312891689        1125.67964755052     
   1.26808855585831        2.20883171051572        1127.88847926103     
   1.29560081743870        2.14037885029831        1130.02885811133     
   1.32311307901908        2.07035183644004        1132.09920994777     
   1.35062534059946        1.99825632232630        1134.09746627010     
   1.37813760217984        1.92380693168647        1136.02127320178     
   1.40564986376022        1.84696215642734        1137.86823535821     
   1.43316212534060        1.76792161632845        1139.63615697454     
   1.46067438692099        1.68708954305001        1141.32324651759     
   1.48818664850137        1.60501316327462        1142.92825968086     
   1.51569891008175        1.52230776325486        1144.45056744412     
   1.54321117166213        1.43958122242011        1145.89014866654     
   1.57072343324251        1.35736969330102        1147.24751835984     
   1.59823569482289        1.27609322859948        1148.52361158844     
   1.62574795640327        1.19603613855713        1149.71964772700     
   1.65326021798365        1.11735246845695        1150.83700019545     
   1.68077247956404        1.04009297406078        1151.87709316951     
   1.70828474114442       0.964246956667329        1152.84134012618     
   1.73579700272480       0.889790678501746        1153.73113080468     
   1.76330926430518       0.816733918154209        1154.54786472284     
   1.79082152588556       0.745157391252298        1155.29302211409     
   1.81833378746594       0.675235902357393        1155.96825801645     
   1.84584604904633       0.607244749148467        1156.57550276560     
   1.87335831062671       0.541549592286071        1157.11705235788     
   1.90087057220709       0.478582322813433        1157.59563468070     
   1.92838283378747       0.418807114898667        1158.01444179559     
   1.95589509536785       0.362681704506238        1158.37712350010     
   1.98340735694823       0.310618987360472        1158.68774248746     
   2.01091961852861       0.262953402067603        1158.95069588953     
   2.03843188010899       0.219915452261093        1159.17061134179     
   2.06594414168937       0.181616352945986        1159.35222769474     
   2.09345640326976       0.148043381449173        1159.50027107619     
   2.12096866485014       0.119065256562232        1159.61933633275     
   2.14848092643052       9.444589061660252E-002   1159.71378222336     
   2.17599318801090       7.386422838270444E-002   1159.78764645175     
   2.20350544959128       5.693761716606115E-002   1159.84458406891     
   2.23101771117167       4.324621071094045E-002   1159.88783027962     
   2.25852997275205       3.235622850590735E-002   1159.92018650813     
   2.28604223433243       2.384038611121072E-002   1159.94402689424     
   2.31355449591281       1.729439088314280E-002   1159.96132128512     
   2.34106675749319       1.234897803523054E-002   1159.97367026316     
   2.36857901907357       8.677477725181449E-003   1159.98234774088     
   2.39609128065396       5.999309700525602E-003   1159.98834705058     
   2.42360354223434       4.080075906066915E-003   1159.99242712649     
   2.45111580381472       2.729062422174734E-003   1159.99515618891     
   2.47862806539510       1.794985939935025E-003   1159.99695117485     
   2.50614032697548       1.160753283471240E-003   1159.99811192814     
   2.53365258855586       7.378765111171477E-004   1159.99884980465     
   2.56116485013624       4.610313404944439E-004   1159.99931083599     
   2.58867711171662       2.830887608218303E-004   1159.99959392475     
   2.61618937329700       1.708074280489495E-004   1159.99976473218     
   2.64370163487739       1.012589171826354E-004   1159.99986599109     
   2.67121389645777       5.897342750243084E-005   1159.99992496452     
   2.69872615803815       3.373911575588813E-005   1159.99995870364     
   2.72623841961853       1.895947159631921E-005   1159.99997766311     
   2.75375068119891       1.046400723208934E-005   1159.99998812712     
   2.78126294277930       5.671736618601030E-006   1159.99999379885     
   2.80877520435968       3.018908486045104E-006   1159.99999681776     
   2.83628746594006       1.577872334680404E-006   1159.99999839563     
   2.86379972752044       8.097599028195957E-007   1159.99999920539     
   2.89131198910082       4.080184365593811E-007   1159.99999961341     
   2.91882425068120       2.018464073256501E-007   1159.99999981526     
   2.94633651226158       9.803031728917739E-008   1159.99999991329     
   2.97384877384196       4.673906843646143E-008   1159.99999996003     
   3.00136103542235       2.187578351629674E-008   1159.99999998190     
   3.02887329700273       1.005069679560619E-008   1159.99999999195     
   3.05638555858311       4.532774379418462E-009   1159.99999999649     
   3.08389782016349       2.006573439252823E-009   1159.99999999849     
   3.11141008174387       8.718814808583025E-010   1159.99999999937     
   3.13892234332425       3.718443277898539E-010   1159.99999999974     
   3.16643460490464       1.556526584055654E-010   1159.99999999989     
   3.19394686648502       6.394944627010138E-011   1159.99999999996     
   3.22145912806540       2.578633124085752E-011   1159.99999999998     
   3.24897138964578       1.020497250071861E-011   1159.99999999999     
   3.27648365122616       3.963612749645351E-012   1160.00000000000     
   3.30399591280654       1.511061295620536E-012   1160.00000000000     
   3.33150817438693       5.651717700609626E-013   1160.00000000000     
   3.35902043596731       2.076525800268070E-013   1160.00000000000     
   3.38653269754769       7.472424371976483E-014   1160.00000000000     
   3.41404495912807       2.639869659676330E-014   1160.00000000000     
   3.44155722070845       9.141667457746028E-015   1160.00000000000     
   3.46906948228883       3.076315244210370E-015   1160.00000000000     
   3.49658174386921       1.090544755194545E-015   1160.00000000000     
   3.52409400544959       3.879275373153135E-016   1160.00000000000     
   3.55160626702997       1.596487698984905E-016   1160.00000000000     
   3.57911852861036       5.014435047745458E-017   1160.00000000000     
   3.60663079019074       0.000000000000000E+000   1160.00000000000     
   3.63414305177112       0.000000000000000E+000   1160.00000000000     
   3.66165531335150       0.000000000000000E+000   1160.00000000000     
   3.68916757493188       0.000000000000000E+000   1160.00000000000     
   3.71667983651227       0.000000000000000E+000   1160.00000000000     
   3.74419209809265       0.000000000000000E+000   1160.00000000000     
   3.77170435967303       0.000000000000000E+000   1160.00000000000     
   3.79921662125341       0.000000000000000E+000   1160.00000000000     
   3.82672888283379       0.000000000000000E+000   1160.00000000000     
   3.85424114441417       0.000000000000000E+000   1160.00000000000     
   3.88175340599456       0.000000000000000E+000   1160.00000000000     
   3.90926566757494       0.000000000000000E+000   1160.00000000000     
   3.93677792915532       0.000000000000000E+000   1160.00000000000     
   3.96429019073570       0.000000000000000E+000   1160.00000000000     
   3.99180245231608       0.000000000000000E+000   1160.00000000000     
   4.01931471389646       0.000000000000000E+000   1160.00000000000     
   4.04682697547684       0.000000000000000E+000   1160.00000000000     
   4.07433923705722       0.000000000000000E+000   1160.00000000000     
   4.10185149863760       0.000000000000000E+000   1160.00000000000     
   4.12936376021799       0.000000000000000E+000   1160.00000000000     
   4.15687602179837       0.000000000000000E+000   1160.00000000000     
   4.18438828337875       0.000000000000000E+000   1160.00000000000     
   4.21190054495913       0.000000000000000E+000   1160.00000000000     
   4.23941280653951       0.000000000000000E+000   1160.00000000000     
   4.26692506811990       0.000000000000000E+000   1160.00000000000     
   4.29443732970028       0.000000000000000E+000   1160.00000000000     
   4.32194959128066       0.000000000000000E+000   1160.00000000000     
   4.34946185286104       0.000000000000000E+000   1160.00000000000     
   4.37697411444142       0.000000000000000E+000   1160.00000000000     
   4.40448637602180       0.000000000000000E+000   1160.00000000000     
   4.43199863760218       0.000000000000000E+000   1160.00000000000     
   4.45951089918256       0.000000000000000E+000   1160.00000000000     
   4.48702316076294       0.000000000000000E+000   1160.00000000000     
   4.51453542234333       0.000000000000000E+000   1160.00000000000     
   4.54204768392371       0.000000000000000E+000   1160.00000000000     
   4.56955994550409       0.000000000000000E+000   1160.00000000000     
   4.59707220708447       0.000000000000000E+000   1160.00000000000     
   4.62458446866485       0.000000000000000E+000   1160.00000000000     
   4.65209673024523       0.000000000000000E+000   1160.00000000000     
   4.67960899182562       0.000000000000000E+000   1160.00000000000     
   4.70712125340600       0.000000000000000E+000   1160.00000000000     
   4.73463351498638       0.000000000000000E+000   1160.00000000000     
   4.76214577656676       0.000000000000000E+000   1160.00000000000     
   4.78965803814714       0.000000000000000E+000   1160.00000000000     
   4.81717029972753       0.000000000000000E+000   1160.00000000000     
   4.84468256130791       0.000000000000000E+000   1160.00000000000     
   4.87219482288829       0.000000000000000E+000   1160.00000000000     
   4.89970708446867       0.000000000000000E+000   1160.00000000000     
   4.92721934604905       0.000000000000000E+000   1160.00000000000     
   4.95473160762943       0.000000000000000E+000   1160.00000000000     
   4.98224386920981       0.000000000000000E+000   1160.00000000000     
