# nkptgw: 4  neig: 145 
# E(DFT) E(GW)
-20.567 -22.546
-20.157 -23.295
-17.834 -20.308
-15.729 -18.170
-14.985 -17.108
-12.649 -14.575
-12.133 -13.840
-10.908 -10.617
-10.447 -11.869
-10.400 -11.882
-9.929 -9.711
-9.781 -9.653
-9.766 -9.574
-9.714 -10.800
-9.405 -9.296
-9.389 -9.252
-9.365 -10.711
-8.816 -8.673
-8.782 -8.636
-8.445 -8.351
-8.416 -8.312
-8.404 -8.311
-8.285 -8.186
-8.273 -8.175
-8.268 -8.167
-8.258 -8.157
-7.964 -9.488
-7.674 -8.745
-7.611 -8.096
-7.400 -8.639
-7.325 -7.285
-7.297 -7.263
-7.291 -7.248
-7.285 -7.281
-7.263 -7.399
-7.245 -7.330
-6.936 -7.070
-6.896 -6.920
-6.850 -7.756
-6.445 -6.775
-6.425 -6.426
-6.403 -6.521
-6.205 -6.595
-5.859 -5.974
-5.807 -5.871
-5.782 -5.851
-5.774 -5.841
-5.562 -6.621
-5.489 -5.540
-5.461 -5.505
-5.277 -5.407
-5.124 -5.230
-4.990 -5.012
-4.981 -5.003
-4.974 -4.993
-4.953 -4.985
-4.943 -4.961
-4.938 -4.960
-4.844 -4.986
-4.770 -4.880
-4.595 -5.245
-4.172 -4.329
-4.055 -4.137
-4.042 -4.131
-4.036 -4.124
-4.024 -4.088
-4.005 -4.073
-4.004 -4.068
-3.985 -4.080
-3.898 -3.943
-3.894 -3.956
-3.882 -3.939
-3.857 -3.905
-3.826 -3.911
-3.708 -3.824
-3.679 -3.793
-3.672 -3.797
-3.656 -3.769
-3.583 -4.250
-3.089 -3.202
-2.992 -3.083
-2.951 -3.040
-2.929 -3.020
-2.914 -2.987
-2.752 -2.866
-2.742 -2.853
-2.698 -2.818
-2.656 -2.781
-2.411 -2.551
-2.361 -2.484
-2.245 -2.374
-2.213 -2.300
-2.204 -2.277
-2.157 -2.457
-2.025 -2.124
-1.988 -2.099
-1.773 -1.860
-1.730 -1.816
-1.545 -1.636
-1.409 -1.508
-1.293 -1.389
-1.240 -1.340
-1.199 -1.255
-1.186 -1.231
-1.068 -1.172
-1.041 -1.078
-1.024 -1.068
-0.759 -0.792
-0.754 -0.786
-0.666 -0.740
-0.590 -0.384
-0.562 -0.376
-0.535 -0.361
-0.514 -0.332
-0.397 -0.221
-0.303 -0.106
-0.253 -0.063
-0.235 -0.036
-0.231 -0.039
-0.216 -0.028
0.057 0.209
0.133 0.313
0.178 0.383
0.224 0.409
0.276 0.426
0.343 0.567
0.381 0.591
0.385 0.596
0.398 0.626
0.406 0.624
0.427 0.638
0.555 0.735
0.659 0.878
0.763 0.955
0.813 1.016
0.867 1.073
0.884 1.096
0.963 1.172
1.202 1.433
1.224 1.498
1.294 1.517
1.318 1.556
1.407 2.584
1.465 1.895
1.518 2.049
-20.567 -22.555
-20.157 -23.286
-17.834 -20.303
-15.729 -18.170
-14.985 -17.102
-12.649 -14.575
-12.133 -13.839
-10.545 -10.295
-10.513 -10.258
-10.447 -11.858
-10.398 -11.867
-9.730 -10.868
-9.552 -9.398
-9.538 -9.337
-9.418 -9.249
-9.399 -9.226
-9.386 -9.256
-9.374 -9.589
-9.362 -10.257
-8.476 -8.368
-8.420 -8.296
-8.410 -8.286
-8.398 -8.280
-8.086 -8.068
-8.001 -7.959
-7.963 -9.487
-7.673 -8.765
-7.547 -7.805
-7.540 -7.492
-7.489 -7.819
-7.398 -8.637
-6.995 -7.161
-6.916 -7.135
-6.890 -6.909
-6.877 -6.948
-6.836 -7.504
-6.576 -6.582
-6.566 -6.605
-6.440 -6.431
-6.434 -6.509
-6.420 -6.423
-6.405 -6.391
-6.332 -6.875
-6.080 -6.091
-6.060 -6.071
-6.040 -6.037
-6.037 -6.039
-5.958 -6.143
-5.855 -5.946
-5.565 -6.611
-5.494 -5.544
-5.485 -5.539
-5.458 -5.498
-5.437 -5.476
-5.213 -5.330
-5.121 -5.178
-5.099 -5.145
-5.096 -5.143
-5.072 -5.141
-5.062 -5.134
-4.929 -5.066
-4.775 -4.888
-4.756 -4.866
-4.733 -4.843
-4.561 -5.241
-4.082 -4.210
-4.010 -4.110
-3.980 -4.077
-3.959 -4.057
-3.767 -3.884
-3.666 -3.768
-3.635 -3.736
-3.630 -3.730
-3.584 -4.251
-3.485 -3.611
-3.336 -3.478
-3.191 -3.226
-3.181 -3.218
-3.168 -3.211
-3.155 -3.193
-3.038 -3.156
-3.033 -3.149
-2.694 -2.845
-2.368 -2.489
-2.314 -2.427
-2.285 -2.388
-2.277 -2.373
-2.263 -2.364
-2.249 -2.362
-2.219 -2.314
-2.148 -2.507
-2.050 -2.153
-2.014 -2.119
-1.976 -2.074
-1.961 -2.055
-1.725 -1.761
-1.715 -1.745
-1.579 -1.674
-1.446 -1.516
-1.370 -1.445
-1.353 -1.424
-1.121 -1.198
-0.924 -1.008
-0.779 -0.807
-0.769 -0.804
-0.758 -0.787
-0.749 -0.785
-0.743 -0.790
-0.714 -0.754
-0.685 -0.735
-0.634 -0.428
-0.615 -0.414
-0.597 -0.412
-0.587 -0.377
-0.575 -0.376
-0.560 -0.354
-0.552 -0.359
-0.468 -0.313
-0.380 -0.212
-0.175 -0.039
0.071 0.253
0.126 0.317
0.193 0.397
0.201 0.407
0.252 0.431
0.269 0.471
0.397 0.593
0.411 0.611
0.432 0.626
0.438 0.629
0.462 0.603
0.576 0.768
0.614 0.778
0.687 0.892
0.721 0.939
0.748 0.975
0.770 0.996
0.810 1.026
0.846 1.057
0.923 1.127
0.936 1.142
0.959 1.153
1.258 1.515
1.303 1.535
1.319 1.547
-20.567 -22.549
-20.157 -23.290
-17.834 -20.306
-15.729 -18.170
-14.985 -17.111
-12.649 -14.575
-12.133 -13.839
-10.652 -10.386
-10.593 -10.336
-10.447 -11.870
-10.399 -11.875
-9.736 -10.726
-9.650 -9.454
-9.619 -9.538
-9.368 -10.862
-9.148 -8.995
-9.138 -8.982
-9.093 -8.945
-9.073 -8.922
-8.375 -8.281
-8.365 -8.265
-8.209 -8.167
-8.159 -8.058
-8.146 -8.046
-8.131 -8.049
-8.110 -8.054
-8.102 -8.025
-7.964 -9.482
-7.672 -8.765
-7.529 -8.052
-7.399 -8.573
-7.393 -7.340
-7.365 -7.552
-6.899 -6.907
-6.886 -6.945
-6.880 -6.927
-6.875 -6.898
-6.862 -7.494
-6.722 -6.942
-6.627 -6.666
-6.624 -6.658
-6.610 -6.643
-6.348 -6.897
-6.050 -6.297
-5.956 -6.042
-5.935 -5.955
-5.921 -5.941
-5.909 -5.928
-5.900 -5.925
-5.887 -5.948
-5.873 -5.948
-5.562 -6.627
-4.916 -5.213
-4.735 -4.758
-4.708 -4.731
-4.675 -4.703
-4.641 -4.680
-4.517 -4.647
-4.512 -4.950
-4.485 -4.633
-4.479 -4.596
-4.439 -4.533
-4.435 -4.541
-4.432 -4.553
-4.413 -4.546
-3.974 -4.017
-3.967 -4.001
-3.895 -4.018
-3.807 -3.905
-3.786 -3.897
-3.766 -3.870
-3.751 -3.820
-3.716 -3.790
-3.583 -4.252
-3.552 -3.686
-3.435 -3.579
-3.055 -3.148
-3.040 -3.130
-2.788 -2.909
-2.701 -2.782
-2.690 -2.771
-2.686 -2.761
-2.618 -2.703
-2.565 -2.606
-2.557 -2.600
-2.533 -2.604
-2.523 -2.587
-2.504 -2.597
-2.414 -2.530
-2.284 -2.379
-2.267 -2.365
-2.241 -2.337
-2.195 -2.385
-2.151 -2.271
-2.096 -2.338
-2.041 -2.157
-2.014 -2.132
-1.944 -2.013
-1.924 -1.992
-1.910 -1.984
-1.909 -1.980
-1.638 -1.713
-1.626 -1.714
-1.611 -1.692
-1.511 -1.570
-1.420 -1.486
-1.413 -1.466
-1.396 -1.450
-1.359 -1.434
-1.312 -1.383
-1.268 -1.105
-1.044 -0.929
-0.665 -0.566
-0.508 -0.350
-0.440 -0.261
-0.431 -0.241
-0.267 -0.106
-0.229 -0.047
-0.190 -0.008
-0.070 0.129
-0.044 0.170
-0.015 0.201
-0.005 0.187
0.007 0.210
0.119 0.311
0.127 0.324
0.192 0.390
0.259 0.442
0.327 0.530
0.391 0.604
0.549 0.712
0.651 0.824
0.703 0.856
0.792 0.975
0.840 1.044
0.911 1.098
1.097 1.289
1.132 1.311
1.402 2.996
1.594 2.011
1.639 1.901
1.681 2.007
1.744 1.950
1.765 2.274
1.888 2.141
-20.567 -22.546
-20.157 -23.285
-17.834 -20.294
-15.729 -18.170
-14.985 -17.103
-12.649 -14.575
-12.133 -13.840
-10.447 -11.868
-10.401 -11.856
-10.289 -10.061
-10.258 -10.018
-10.226 -10.000
-10.197 -9.963
-9.724 -10.928
-9.369 -10.832
-9.288 -9.111
-9.273 -9.091
-9.259 -9.086
-9.236 -9.067
-8.040 -8.002
-8.007 -7.933
-7.981 -7.893
-7.975 -7.895
-7.963 -9.456
-7.885 -7.928
-7.747 -7.719
-7.735 -7.715
-7.709 -7.775
-7.668 -8.624
-7.450 -8.122
-7.396 -8.594
-7.289 -7.246
-7.272 -7.224
-7.237 -7.196
-7.204 -7.177
-7.041 -7.059
-7.028 -7.003
-7.016 -6.981
-7.015 -6.981
-6.857 -7.847
-6.434 -7.007
-6.309 -6.317
-6.295 -6.301
-6.287 -6.299
-6.223 -6.420
-5.847 -6.057
-5.592 -5.800
-5.587 -5.747
-5.576 -5.832
-5.553 -6.175
-5.533 -5.611
-5.527 -5.610
-5.507 -5.581
-5.497 -5.580
-5.066 -5.088
-5.064 -5.088
-5.049 -5.073
-5.034 -5.055
-4.850 -5.001
-4.804 -4.889
-4.799 -4.889
-4.793 -4.879
-4.592 -5.267
-4.142 -4.234
-4.125 -4.199
-4.117 -4.188
-4.094 -4.164
-3.796 -3.939
-3.625 -3.671
-3.617 -3.668
-3.600 -3.645
-3.596 -3.643
-3.584 -4.252
-3.475 -3.590
-3.405 -3.515
-3.391 -3.503
-3.288 -3.406
-3.098 -3.235
-3.090 -3.227
-3.065 -3.201
-2.877 -2.978
-2.865 -2.960
-2.858 -2.957
-2.851 -2.951
-2.793 -2.902
-2.763 -2.874
-2.730 -2.844
-2.717 -2.823
-2.491 -2.577
-2.478 -2.564
-2.470 -2.557
-2.458 -2.541
-2.202 -2.609
-1.691 -1.791
-1.485 -1.524
-1.481 -1.519
-1.426 -1.466
-1.402 -1.451
-1.299 -1.365
-1.156 -1.226
-1.144 -1.204
-1.113 -1.184
-1.100 -1.173
-1.078 -1.155
-1.064 -1.146
-0.937 -1.000
-0.867 -0.941
-0.712 -0.751
-0.603 -0.642
-0.585 -0.626
-0.572 -0.374
-0.531 -0.346
-0.518 -0.330
-0.491 -0.304
-0.482 -0.287
-0.464 -0.272
-0.452 -0.263
-0.436 -0.250
-0.345 -0.190
-0.302 -0.189
-0.278 -0.169
-0.210 -0.066
-0.129 0.054
-0.121 0.058
-0.107 0.072
0.193 0.406
0.251 0.480
0.283 0.515
0.292 0.514
0.373 0.564
0.464 0.699
0.479 0.711
0.491 0.723
0.516 0.736
0.825 1.049
0.973 1.216
0.983 1.227
1.014 1.249
1.037 1.276
1.069 1.293
1.098 1.322
1.113 1.337
1.309 1.808
1.354 1.867
1.479 2.656
