  -25.2812438692098       0.000000000000000E+000  0.000000000000000E+000
  -25.2537316076294       0.000000000000000E+000  0.000000000000000E+000
  -25.2262193460490       0.000000000000000E+000  0.000000000000000E+000
  -25.1987070844687       0.000000000000000E+000  0.000000000000000E+000
  -25.1711948228883       0.000000000000000E+000  0.000000000000000E+000
  -25.1436825613079       0.000000000000000E+000  0.000000000000000E+000
  -25.1161702997275       0.000000000000000E+000  0.000000000000000E+000
  -25.0886580381471       0.000000000000000E+000  0.000000000000000E+000
  -25.0611457765668       0.000000000000000E+000  0.000000000000000E+000
  -25.0336335149864       0.000000000000000E+000  0.000000000000000E+000
  -25.0061212534060       0.000000000000000E+000  0.000000000000000E+000
  -24.9786089918256       2.220446049250313E-016  2.220446049250313E-016
  -24.9510967302452       4.950467119568813E-016  7.170913168819126E-016
  -24.9235844686648       1.419708534761144E-015  2.136799851643056E-015
  -24.8960722070845       4.398337163230570E-015  6.535137014873627E-015
  -24.8685599455041       1.326364148721004E-014  1.979877850208367E-014
  -24.8410476839237       3.903989761674942E-014  5.883867611883309E-014
  -24.8135354223433       1.119804661324497E-013  1.708191422512828E-013
  -24.7860231607629       3.159076190743793E-013  4.867267613256621E-013
  -24.7585108991826       8.750306794251539E-013  1.361757440750816E-012
  -24.7309986376022       2.376739809736156E-012  3.738497250486972E-012
  -24.7034863760218       6.335582286663005E-012  1.007407953714998E-011
  -24.6759741144414       1.657222910332948E-011  2.664630864047945E-011
  -24.6484618528610       4.253776481446050E-011  6.918407345493996E-011
  -24.6209495912807       1.071439103346623E-010  1.763279837896023E-010
  -24.5934373297003       2.648236695581598E-010  4.411516533477620E-010
  -24.5659250681199       6.423090507276345E-010  1.083460704075397E-009
  -24.5384128065395       1.528723487316704E-009  2.612184191392100E-009
  -24.5109005449591       3.570355284641599E-009  6.182539476033699E-009
  -24.4833882833787       8.182604017644736E-009  1.436514349367844E-008
  -24.4558760217984       1.840218142017819E-008  3.276732491385662E-008
  -24.4283637602180       4.061109987115201E-008  7.337842478500863E-008
  -24.4008514986376       8.794636380721242E-008  1.613247885922211E-007
  -24.3733392370572       1.868911469014444E-007  3.482159354936654E-007
  -24.3458269754768       3.897241242765991E-007  7.379400597702646E-007
  -24.3183147138965       7.974869495614291E-007  1.535427009331694E-006
  -24.2908024523161       1.601355026336888E-006  3.136782035668582E-006
  -24.2632901907357       3.155363741919254E-006  6.292145777587836E-006
  -24.2357779291553       6.101112147020458E-006  1.239325792460829E-005
  -24.2082656675749       1.157620932640068E-005  2.396946725100898E-005
  -24.1807534059946       2.155368505198064E-005  4.552315230298961E-005
  -24.1532411444142       3.937989040990762E-005  8.490304271289723E-005
  -24.1257288828338       7.060334776268012E-005  1.555063904755774E-004
  -24.0982166212534       1.242149635394475E-004  2.797213540150249E-004
  -24.0707043596730       2.144471995344797E-004  4.941685535495046E-004
  -24.0431920980926       3.632994101053863E-004  8.574679636548909E-004
  -24.0156798365123       6.039581775762330E-004  1.461426141231124E-003
  -23.9881675749319       9.852510530955452E-004  2.446677194326669E-003
  -23.9606553133515       1.577192946913262E-003  4.023870141239932E-003
  -23.9331430517711       2.477539740854981E-003  6.501409882094912E-003
  -23.9056307901907       3.819041036202054E-003  1.032045091829697E-002
  -23.8781185286104       5.776781218304994E-003  1.609723213660196E-002
  -23.8506062670300       8.574630646051745E-003  2.467186278265371E-002
  -23.8230940054496       1.248943631146952E-002  3.716129909412322E-002
  -23.7955817438692       1.785123123383262E-002  5.501253032795585E-002
  -23.7680694822888       2.503752780504655E-002  8.005005813300239E-002
  -23.7405572207084       3.445979234984631E-002  0.114509850482849     
  -23.7130449591281       4.654058370097879E-002  0.161050434183827     
  -23.6855326975477       6.168065495341889E-002  0.222731089137246     
  -23.6580204359673       8.021658034384883E-002  0.302947669481095     
  -23.6305081743869       0.102371103386138       0.405318772867233     
  -23.6029959128065       0.128200225571013       0.533518998438247     
  -23.5754836512262       0.157542781851300       0.691061780289547     
  -23.5479713896458       0.189979523878139       0.881041304167687     
  -23.5204591280654       0.224809188180722        1.10585049234841     
  -23.4929468664850       0.261048367921088        1.36689886026950     
  -23.4654346049046       0.297460092327848        1.66435895259734     
  -23.4379223433242       0.332612929465092        1.99697188206244     
  -23.4104100817439       0.364968500258014        2.36194038232045     
  -23.3828978201635       0.392991086532286        2.75493146885274     
  -23.3553855585831       0.415269238238581        3.17020070709132     
  -23.3278732970027       0.430636651843350        3.60083735893467     
  -23.3003610354223       0.438278679217923        4.03911603815259     
  -23.2728487738420       0.437811931627257        4.47692796977985     
  -23.2453365122616       0.429327497415933        4.90625546719578     
  -23.2178242506812       0.413392847706070        5.31964831490185     
  -23.1903119891008       0.391012810744224        5.71066112564607     
  -23.1627997275204       0.363555142883058        6.07421626852913     
  -23.1352874659401       0.332650330168513        6.40686659869765     
  -23.1077752043597       0.300077646675006        6.70694424537265     
  -23.0802629427793       0.267649848749258        6.97459409412191     
  -23.0527506811989       0.237107280150157        7.21170137427207     
  -23.0252384196185       0.210029061833072        7.42173043610514     
  -22.9977261580381       0.187765170661628        7.60949560676677     
  -22.9702138964578       0.171389408496677        7.78088501526344     
  -22.9427016348774       0.161670289334526        7.94255530459797     
  -22.9151893732970       0.159055261791432        8.10161056638940     
  -22.8876771117166       0.163663641825444        8.26527420821485     
  -22.8601648501362       0.175285001185499        8.44055920940034     
  -22.8326525885559       0.193382071093495        8.63394128049384     
  -22.8051403269755       0.217099801888019        8.85104108238186     
  -22.7776280653951       0.245284333458581        9.09632541584044     
  -22.7501158038147       0.276516645600100        9.37284206144054     
  -22.7226035422343       0.309165180933877        9.68200724237442     
  -22.6950912806540       0.341459708909030        10.0234669512834     
  -22.6675790190736       0.371585429731907        10.3950523810154     
  -22.6400667574932       0.397792412378941        10.7928447933943     
  -22.6125544959128       0.418511720960164        11.2113565143545     
  -22.5850422343324       0.432466832212322        11.6438233465668     
  -22.5575299727520       0.438767853058328        12.0825911996251     
  -22.5300177111717       0.436976974393365        12.5195681740185     
  -22.5025054495913       0.427136513839627        12.9467046878581     
  -22.4749931880109       0.409755374891672        13.3564600627498     
  -22.4474809264305       0.385755035502890        13.7422150982527     
  -22.4199686648501       0.356381366336578        14.0985964645892     
  -22.3924564032698       0.323092784075374        14.4216892486646     
  -22.3649441416894       0.287437789306734        14.7091270379713     
  -22.3374318801090       0.250935475304072        14.9600625132754     
  -22.3099196185286       0.214971160573333        15.1750336738488     
  -22.2824073569482       0.180716280576368        15.3557499544251     
  -22.2548950953678       0.149077703008897        15.5048276574340     
  -22.2273828337875       0.120677435125803        15.6255050925598     
  -22.1998705722071       9.585994791708316E-002   15.7213650404769     
  -22.1723583106267       7.472155547235473E-002   15.7960865959493     
  -22.1448460490463       5.715472335148845E-002   15.8532413193007     
  -22.1173337874659       4.289985242108055E-002   15.8961411717218     
  -22.0898215258856       3.159780222625769E-002   15.9277389739481     
  -22.0623092643052       2.283785606224150E-002   15.9505768300103     
  -22.0347970027248       1.619761749808797E-002   15.9667744475084     
  -22.0072847411444       1.127312386019642E-002   15.9780475713686     
  -21.9797724795640       7.699007311341111E-003   15.9857465786800     
  -21.9522602179836       5.159676599511146E-003   15.9909062552795     
  -21.9247479564033       3.393184779406106E-003   15.9942994400589     
  -21.8972356948229       2.189726131333802E-003   15.9964891661902     
  -21.8697234332425       1.386657921760106E-003   15.9978758241120     
  -21.8422111716621       8.616801743731306E-004   15.9987375042863     
  -21.8146989100817       5.254363020780234E-004   15.9992629405884     
  -21.7871866485014       3.144063008498844E-004   15.9995773468893     
  -21.7596743869210       1.846118535550583E-004   15.9997619587428     
  -21.7321621253406       1.063714522907413E-004   15.9998683301951     
  -21.7046498637602       6.014337209016155E-005   15.9999284735672     
  -21.6771376021798       3.336935270424564E-005   15.9999618429199     
  -21.6496253405995       1.816794693673056E-005   15.9999800108668     
  -21.6221130790191       9.706563867000514E-006   15.9999897174307     
  -21.5946008174387       5.089127681759864E-006   15.9999948065584     
  -21.5670885558583       2.618887535813040E-006   15.9999974254459     
  -21.5395762942779       1.323877597282457E-006   15.9999987493235     
  -21.5120640326975       6.599600038291660E-007   15.9999994092835     
  -21.4845517711172       3.302030802705821E-007   15.9999997394866     
  -21.4570395095368       1.784370979060305E-007   15.9999999179237     
  -21.4295272479564       1.292943714724815E-007   16.0000000472181     
  -21.4020149863760       1.576325212892843E-007   16.0000002048506     
  -21.3745027247956       2.779850217064241E-007   16.0000004828356     
  -21.3469904632153       5.506749941653114E-007   16.0000010335106     
  -21.3194782016349       1.106547467339433E-006   16.0000021400581     
  -21.2919659400545       2.197987000209379E-006   16.0000043380451     
  -21.2644536784741       4.291066213427011E-006   16.0000086291113     
  -21.2369414168937       8.223409043740739E-006   16.0000168525203     
  -21.2094291553134       1.546570597304661E-005   16.0000323182263     
  -21.1819168937330       2.854263782036721E-005   16.0000608608641     
  -21.1544046321526       5.169156853759014E-005   16.0001125524327     
  -21.1268923705722       9.186402339885017E-005   16.0002044164561     
  -21.0993801089918       1.602031873700164E-004   16.0003646196434     
  -21.0718678474114       2.741553725581831E-004   16.0006387750160     
  -21.0443555858311       4.603862122505335E-004   16.0010991612283     
  -21.0168433242507       7.586611141540364E-004   16.0018578223424     
  -20.9893310626703       1.226798788205993E-003   16.0030846211306     
  -20.9618188010899       1.946699334737859E-003   16.0050313204653     
  -20.9343065395095       3.031269017619163E-003   16.0080625894830     
  -20.9067942779292       4.631803943337311E-003   16.0126943934263     
  -20.8792820163488       6.945059515444661E-003   16.0196394529417     
  -20.8517697547684       1.021884754203211E-002   16.0298583004838     
  -20.8242574931880       1.475462038410717E-002   16.0446129208679     
  -20.7967452316076       2.090520160554105E-002   16.0655181224734     
  -20.7692329700272       2.906570802394226E-002   16.0945838304974     
  -20.7417207084469       3.965589041979099E-002   16.1342397209172     
  -20.7142084468665       5.309269657742616E-002   16.1873324174946     
  -20.6866961852861       6.975288351139800E-002   16.2570853010060     
  -20.6591839237057       8.992695255962867E-002   16.3470122535656     
  -20.6316716621253       0.113767428080974        16.4607796816466     
  -20.6041594005450       0.141236316032690        16.6020159976793     
  -20.5766471389646       0.172058139369455        16.7740741370487     
  -20.5491348773842       0.205685883416163        16.9797600204649     
  -20.5216226158038       0.241287151173691        17.2210471716386     
  -20.4941103542234       0.277756590438677        17.4988037620773     
  -20.4665980926431       0.313758165654936        17.8125619277322     
  -20.4390858310627       0.347797303980409        18.1603592317126     
  -20.4115735694823       0.378318791935828        18.5386780236484     
  -20.3840613079019       0.403822177297799        18.9425002009462     
  -20.3565490463215       0.422983070823282        19.3654832717695     
  -20.3290367847411       0.434766819373503        19.8002500911430     
  -20.3015245231608       0.438521007189782        20.2387710983328     
  -20.2740122615804       0.434035283775013        20.6728063821078     
  -20.2465000000000       0.421560885115243        21.0943672672231     
  -20.2189877384196       0.401787327688251        21.4961545949113     
  -20.1914754768392       0.375779283268679        21.8719338781800     
  -20.1639632152589       0.344881675031293        22.2168155532113     
  -20.1364509536785       0.310604759330161        22.5274203125414     
  -20.1089386920981       0.274502818951046        22.8019231314925     
  -20.0814264305177       0.238059896721851        23.0399830282143     
  -20.0539141689373       0.202593923701670        23.2425769519160     
  -20.0264019073569       0.169187138710284        23.4117640906263     
  -19.9988896457766       0.138646542271644        23.5504106328979     
  -19.9713773841962       0.111494005836230        23.6619046387342     
  -19.9438651226158       8.798219354995787E-002   23.7498868322841     
  -19.9163528610354       6.813007262335052E-002   23.8180169049075     
  -19.8888405994550       5.177066318977609E-002   23.8697875680973     
  -19.8613283378747       3.860374377106519E-002   23.9083913118683     
  -19.8338160762943       2.824723536072969E-002   23.9366385472290     
  -19.8063038147139       2.028258521114520E-002   23.9569211324402     
  -19.7787915531335       1.429129269526808E-002   23.9712124251355     
  -19.7512792915531       9.881447553109542E-003   23.9810938726886     
  -19.7237670299728       6.704563117904200E-003   23.9877984358065     
  -19.6962547683924       4.463969937266429E-003   23.9922624057437     
  -19.6687425068120       2.916573382237153E-003   23.9951789791260     
  -19.6412302452316       1.869930343261308E-003   23.9970489094692     
  -19.6137179836512       1.176464505665353E-003   23.9982253739749     
  -19.5862057220708       7.263285462668437E-004   23.9989517025212     
  -19.5586934604905       4.400360849163043E-004   23.9993917386061     
  -19.5311811989101       2.616040107639128E-004   23.9996533426169     
  -19.5036689373297       1.526165258681067E-004   23.9998059591427     
  -19.4761566757493       8.736960045942655E-005   23.9998933287432     
  -19.4486444141689       4.908210541181349E-005   23.9999424108486     
  -19.4211321525886       2.705830273985049E-005   23.9999694691513     
  -19.3936198910082       1.463988898964014E-005   23.9999841090403     
  -19.3661076294278       7.777333860132293E-006   23.9999918863742     
  -19.3385953678474       4.064655008363758E-006   23.9999959510292     
  -19.3110831062670       2.107264012412462E-006   23.9999980582932     
  -19.2835708446866       1.121095703945994E-006   23.9999991793889     
  -19.2560585831063       6.881994894773367E-007   23.9999998675884     
  -19.2285463215259       6.171973586544411E-007   24.0000004847858     
  -19.2010340599455       8.761417861277839E-007   24.0000013609275     
  -19.1735217983651       1.581082268779961E-006   24.0000029420098     
  -19.1460095367847       3.037426037289653E-006   24.0000059794358     
  -19.1184972752044       5.844588712096345E-006   24.0000118240246     
  -19.0909850136240       1.108915286482983E-005   24.0000229131774     
  -19.0634727520436       2.066929848068983E-005   24.0000435824759     
  -19.0359604904632       3.781470524403413E-005   24.0000813971811     
  -19.0084482288828       6.789165471510905E-005   24.0001492888359     
  -18.9809359673025       1.196114231274482E-004   24.0002689002590     
  -18.9534237057221       2.067877801258587E-004   24.0004756880391     
  -18.9259114441417       3.508100050355761E-004   24.0008264980442     
  -18.8983991825613       5.840011746957411E-004   24.0014104992188     
  -18.8708869209809       9.540037353214723E-004   24.0023645029542     
  -18.8433746594005       1.529258956594677E-003   24.0038937619108     
  -18.8158623978202       2.405506871298200E-003   24.0062992687821     
  -18.7883501362398       3.713015758834222E-003   24.0100122845409     
  -18.7608378746594       5.623952126137651E-003   24.0156362366670     
  -18.7333256130790       8.358937532248355E-003   24.0239951741993     
  -18.7058133514986       1.219144533912344E-002   24.0361866195384     
  -18.6783010899183       1.744833426670437E-002   24.0536349538051     
  -18.6507888283379       2.450458878072796E-002   24.0781395425858     
  -18.6232765667575       3.377034852297665E-002   24.1119098911088     
  -18.5957643051771       4.566866875300207E-002   24.1575785598618     
  -18.5682520435967       6.060324152255896E-002   24.2181818013844     
  -18.5407397820163       7.891654364710203E-002   24.2970983450315     
  -18.5132275204360       0.100840493845088        24.3979388388766     
  -18.4857152588556       0.126443521883595        24.5243823607602     
  -18.4582029972752       0.155579697103805        24.6799620578640     
  -18.4306907356948       0.187846878260056        24.8678089361240     
  -18.4031784741144       0.222561361844866        25.0903702979689     
  -18.3756662125341       0.258755917137472        25.3491262151064     
  -18.3481539509537       0.295206248347490        25.6443324634538     
  -18.3206416893733       0.330487882999978        25.9748203464538     
  -18.2931294277929       0.363061569825664        26.3378819162795     
  -18.2656171662125       0.391381029546539        26.7292629458260     
  -18.2381049046322       0.414013040685365        27.1432759865114     
  -18.2105926430518       0.429757085939838        27.5730330724512     
  -18.1830803814714       0.437750730601474        28.0107838030527     
  -18.1555681198910       0.437547882763079        28.4483316858158     
  -18.1280558583106       0.429160065274767        28.8774917510906     
  -18.1005435967302       0.413055403412478        29.2905471545030     
  -18.0730313351499       0.390115480147359        29.6806626346504     
  -18.0455190735695       0.361555638971775        30.0422182736222     
  -18.0180068119891       0.328818833308623        30.3710371069308     
  -17.9904945504087       0.293456024476968        30.6644931314078     
  -17.9629822888283       0.257007026445750        30.9215001578535     
  -17.9354700272480       0.220894572745025        31.1423947305985     
  -17.9079577656676       0.186341582234181        31.3287363128327     
  -17.8804455040872       0.154317728966596        31.4830540417993     
  -17.8529332425068       0.125517197736942        31.6085712395363     
  -17.8254209809264       0.100365617414413        31.7089368569507     
  -17.7979087193460       7.905113458738516E-002   31.7879879915381     
  -17.7703964577657       6.157270960200093E-002   31.8495607011401     
  -17.7428841961853       4.779802321098662E-002   31.8973587243510     
  -17.7153719346049       3.752370036746571E-002   31.9348824247185     
  -17.6878596730245       3.053157997177788E-002   31.9654140046903     
  -17.6603474114441       2.663613648526542E-002   31.9920501411756     
  -17.6328351498638       2.571958642137909E-002   32.0177697275969     
  -17.6053228882834       2.775248920956322E-002   32.0455222168065     
  -17.5778106267030       3.279870671112479E-002   32.0783209235176     
  -17.5502983651226       4.100446665944873E-002   32.1193253901771     
  -17.5227861035422       5.257210918289636E-002   32.1718974993600     
  -17.4952738419619       6.772002901453013E-002   32.2396175283745     
  -17.4677615803815       8.663146228313051E-002   32.3262489906576     
  -17.4402493188011       0.109396112515126        32.4356451031728     
  -17.4127370572207       0.135950045493174        32.5715951486659     
  -17.3852247956403       0.166020562604849        32.7376157112708     
  -17.3577125340599       0.199083557690279        32.9366992689611     
  -17.3302002724796       0.234340829233550        33.1710400981946     
  -17.3026880108992       0.270723690131758        33.4417637883264     
  -17.2751757493188       0.306926889285745        33.7486906776121     
  -17.2476634877384       0.341473462989499        34.0901641406016     
  -17.2201512261580       0.372807052274870        34.4629711928765     
  -17.1926389645777       0.399404052142812        34.8623752450193     
  -17.1651267029973       0.419894414802009        35.2822696598213     
  -17.1376144414169       0.433177704818506        35.7154473646398     
  -17.1101021798365       0.438520618745074        36.1539679833849     
  -17.0825899182561       0.435623852217684        36.5895918356026     
  -17.0550776566757       0.424649767492053        37.0142416030946     
  -17.0275653950954       0.406207263765902        37.4204488668605     
  -17.0000531335150       0.381295788443455        37.8017446553040     
  -16.9725408719346       0.351215638707895        38.1529602940119     
  -16.9450286103542       0.317455742825606        38.4704160368375     
  -16.9175163487738       0.281572364896526        38.7519884017340     
  -16.8900040871935       0.245072375987848        38.9970607777218     
  -16.8624918256131       0.209312989637522        39.2063737673594     
  -16.8349795640327       0.175426614075498        39.3818003814349     
  -16.8074673024523       0.144275389672491        39.5260757711074     
  -16.7799550408719       0.116435791243549        39.6425115623509     
  -16.7524427792916       9.221003831882116E-002   39.7347216006697     
  -16.7249305177112       7.165844168179371E-002   39.8063800423515     
  -16.6974182561308       5.464544437263413E-002   39.8610254867241     
  -16.6699059945504       4.089196695901018E-002   39.9019174536832     
  -16.6423937329700       3.002752023678422E-002   39.9319449739199     
  -16.6148814713896       2.163706520568446E-002   39.9535820391256     
  -16.5873692098093       1.529940875697526E-002   39.9688814478826     
  -16.5598569482289       1.061569274427551E-002   39.9794971406269     
  -16.5323446866485       7.228021227231625E-003   39.9867251618541     
  -16.5048324250681       4.829341027006691E-003   39.9915545028811     
  -16.4773201634877       3.166311903344824E-003   39.9947208147845     
  -16.4498079019074       2.037121181265646E-003   39.9967579359657     
  -16.4222956403270       1.286107806038946E-003   39.9980440437718     
  -16.3947833787466       7.967741021694903E-004   39.9988408178739     
  -16.3672711171662       4.843846332460280E-004   39.9993252025072     
  -16.3397588555858       2.889633757381546E-004   39.9996141658829     
  -16.3122465940055       1.691579956404173E-004   39.9997833238786     
  -16.2847343324251       9.717163874742660E-005   39.9998804955173     
  -16.2572220708447       5.477517526415314E-005   39.9999352706926     
  -16.2297098092643       3.029878834101123E-005   39.9999655694809     
  -16.2021975476839       1.644613938732616E-005   39.9999820156203     
  -16.1746852861035       8.759914666676765E-006   39.9999907755350     
  -16.1471730245232       4.578602818487438E-006   39.9999953541378     
  -16.1196607629428       2.348352251722418E-006   39.9999977024900     
  -16.0921485013624       1.181927119907539E-006   39.9999988844172     
  -16.0646362397820       5.837346766442999E-007   39.9999994681518     
  -16.0371239782016       2.829036715641686E-007   39.9999997510555     
  -16.0096117166213       1.345443583221405E-007   39.9999998855999     
  -15.9820994550409       6.279538096226524E-008   39.9999999483952     
  -15.9545871934605       2.877426345408501E-008   39.9999999771695     
  -15.9270749318801       1.297507704419885E-008   39.9999999901446     
  -15.8995626702997       5.833433896519635E-009   39.9999999959780     
  -15.8720504087193       2.799362145192684E-009   39.9999999987774     
  -15.8445381471390       1.852844740753579E-009   40.0000000006302     
  -15.8170258855586       2.345349721561991E-009   40.0000000029756     
  -15.7895136239782       4.616097120649018E-009   40.0000000075917     
  -15.7620013623978       1.019391840704304E-008   40.0000000177856     
  -15.7344891008174       2.268483774637469E-008   40.0000000404704     
  -15.7069768392371       4.977366257114023E-008   40.0000000902441     
  -15.6794645776567       1.072566854465025E-007   40.0000001975008     
  -15.6519523160763       2.268339401651138E-007   40.0000004243347     
  -15.6244400544959       4.707577207674514E-007   40.0000008950924     
  -15.5969277929155       9.587012212022654E-007   40.0000018537937     
  -15.5694155313351       1.915860552871866E-006   40.0000037696542     
  -15.5419032697548       3.756981212179483E-006   40.0000075266354     
  -15.5143910081744       7.229506105847913E-006   40.0000147561415     
  -15.4868787465940       1.365125938792108E-005   40.0000284074009     
  -15.4593664850136       2.529480330254924E-005   40.0000537022042     
  -15.4318542234332       4.599222356415321E-005   40.0000996944278     
  -15.4043419618529       8.206009838527195E-005   40.0001817545262     
  -15.3768297002725       1.436726824193249E-004   40.0003254272086     
  -15.3493174386921       2.468373759688098E-004   40.0005722645845     
  -15.3218051771117       4.161426307830639E-004   40.0009884072153     
  -15.2942929155313       6.884431374321655E-004   40.0016768503528     
  -15.2667806539510       1.117605507835434E-003   40.0027944558606     
  -15.2392683923706       1.780342646301814E-003   40.0045747985069     
  -15.2117561307902       2.783000417632317E-003   40.0073577989245     
  -15.1842438692098       4.268915653947116E-003   40.0116267145785     
  -15.1567316076294       6.425641824738659E-003   40.0180523564032     
  -15.1292193460490       9.490959091625499E-003   40.0275433154948     
  -15.1017070844687       1.375619580738480E-002   40.0412995113022     
  -15.0741948228883       1.956506380233356E-002   40.0608645751046     
  -15.0466825613079       2.730604955251431E-002   40.0881706246571     
  -15.0191702997275       3.739651937400439E-002   40.1255671440311     
  -14.9916580381471       5.025719173509791E-002   40.1758243357662     
  -14.9641457765668       6.627656786474835E-002   40.2421009036309     
  -14.9366335149864       8.576628712056174E-002   40.3278671907515     
  -14.9091212534060       0.108910083266320        40.4367772740178     
  -14.8816089918256       0.135710850251601        40.5724881242694     
  -14.8540967302452       0.165941972283169        40.7384300965526     
  -14.8265844686648       0.199110166583541        40.9375402631361     
  -14.7990722070845       0.234437271428073        41.1719775345642     
  -14.7715599455041       0.270867423303861        41.4428449578681     
  -14.7440476839237       0.307103818020960        41.7499487758890     
  -14.7165354223433       0.341675890166731        42.0916246660558     
  -14.6890231607629       0.373033674364921        42.4646583404207     
  -14.6615108991826       0.399661942046510        42.8643202824672     
  -14.6339986376022       0.420203162506840        43.2845234449740     
  -14.6064863760218       0.433576112120531        43.7180995570946     
  -14.5789741144414       0.439076564824667        44.1571761219192     
  -14.5514618528610       0.436448145213909        44.5936242671331     
  -14.5239495912807       0.425914939151288        45.0195392062844     
  -14.4964373297003       0.408172295331521        45.4277115016159     
  -14.4689250681199       0.384337603378568        45.8120491049945     
  -14.4414128065395       0.355867778278960        46.1679168832735     
  -14.4139005449591       0.324453875466082        46.4923707587396     
  -14.3863882833787       0.291905118430516        46.7842758771701     
  -14.3588760217984       0.260034427354170        47.0443103045242     
  -14.3313637602180       0.230555487931273        47.2748657924555     
  -14.3038514986376       0.204998044282650        47.4798638367382     
  -14.2763392370572       0.184644214919868        47.6645080516580     
  -14.2488269754768       0.170485045862380        47.8349930975204     
  -14.2213147138965       0.163193936510843        47.9981870340313     
  -14.1938024523161       0.163112440810639        48.1612994748419     
  -14.1662901907357       0.170244348745202        48.3315438235871     
  -14.1387779291553       0.184255626630285        48.5157994502174     
  -14.1112656675749       0.204480187817772        48.7202796380351     
  -14.0837534059945       0.229933866858504        48.9502135048936     
  -14.0562411444142       0.259340666677723        49.2095541715714     
  -14.0287288828338       0.291175783517016        49.5007299550884     
  -14.0012166212534       0.323728816216881        49.8244587713053     
  -13.9737043596730       0.355188016813495        50.1796467881188     
  -13.9461920980926       0.383742870273139        50.5633896583919     
  -13.9186798365123       0.407698404125002        50.9710880625169     
  -13.8911675749319       0.425591252659279        51.3966793151762     
  -13.8636553133515       0.436295414625977        51.8329747298022     
  -13.8361430517711       0.439105404737039        52.2720801345392     
  -13.8086307901907       0.433786311590239        52.7058664461294     
  -13.7811185286104       0.420583933041680        53.1264503791711     
  -13.7536062670300       0.400193084670023        53.5266434638411     
  -13.7260940054496       0.373687529980163        53.9003309938213     
  -13.6985817438692       0.342419840559159        54.2427508343805     
  -13.6710694822888       0.307903044766838        54.5506538791473     
  -13.6435572207084       0.271687616956770        54.8223414961041     
  -13.6160449591281       0.235247013334939        55.0575885094390     
  -13.5885326975477       0.199882772207598        55.2574712816466     
  -13.5610204359673       0.166656673943307        55.4241279555899     
  -13.5335081743869       0.136353292248844        55.5604812478388     
  -13.5059959128065       0.109472187968827        55.6699534358076     
  -13.4784836512262       8.624561500356433E-002   55.7561990508111     
  -13.4509713896458       6.667533143562947E-002   55.8228743822468     
  -13.4234591280654       5.058109208202870E-002   55.8734554743288     
  -13.3959468664850       3.765355890395067E-002   55.9111090332328     
  -13.3684346049046       2.750544257696921E-002   55.9386144758097     
  -13.3409223433242       1.971632638654008E-002   55.9583308021963     
  -13.3134100817439       1.386845552455958E-002   55.9721992577208     
  -13.2858978201635       9.572489993768694E-003   55.9817717477146     
  -13.2583855585831       6.483603622732569E-003   55.9882553513373     
  -13.2308732970027       4.309259973542976E-003   55.9925646113109     
  -13.2033610354223       2.810500325613710E-003   55.9953751116365     
  -13.1758487738420       1.798702451716616E-003   55.9971738140882     
  -13.1483365122616       1.129613644921201E-003   55.9983034277331     
  -13.1208242506812       6.961393041626191E-004   55.9989995670373     
  -13.0933119891008       4.209793208951366E-004   55.9994205463582     
  -13.0657997275204       2.498241776357623E-004   55.9996703705358     
  -13.0382874659401       1.454985676543542E-004   55.9998158691035     
  -13.0107752043597       8.319433725696967E-005   55.9998990634407     
  -12.9832629427793       4.676897223513955E-005   55.9999458324130     
  -12.9557506811989       2.599071891595057E-005   55.9999718231319     
  -12.9282384196185       1.457102188929746E-005   55.9999863941538     
  -12.9007261580381       8.822772461932382E-006   55.9999952169262     
  -12.8732138964578       6.804733244968606E-006   56.0000020216595     
  -12.8457016348774       7.848082170168534E-006   56.0000098697416     
  -12.8181893732970       1.240398674353662E-005   56.0000222737284     
  -12.7906771117166       2.219861691620868E-005   56.0000444723453     
  -12.7631648501362       4.073357707795329E-005   56.0000852059224     
  -12.7356525885559       7.422599847868594E-005   56.0001594319209     
  -12.7081403269755       1.331436237219630E-004   56.0002925755446     
  -12.6806280653951       2.345540690467984E-004   56.0005271296136     
  -12.6531158038147       4.055679246725329E-004   56.0009326975383     
  -12.6256035422343       6.882004084018492E-004   56.0016208979467     
  -12.5980912806540       1.145986627608292E-003   56.0027668845743     
  -12.5705790190736       1.872634352399449E-003   56.0046395189267     
  -12.5430667574932       3.002853089543017E-003   56.0076423720163     
  -12.5155544959128       4.725225746749681E-003   56.0123675977630     
  -12.4880422343324       7.296563231630590E-003   56.0196641609946     
  -12.4605299727520       1.105659608270078E-002   56.0307207570773     
  -12.4330177111717       1.644113708227896E-002   56.0471618941596     
  -12.4055054495913       2.399106783561804E-002   56.0711529619952     
  -12.3779931880109       3.435378866921129E-002   56.1055067506645     
  -12.3504809264305       4.827330609670803E-002   56.1537800567612     
  -12.3229686648501       6.656513223894192E-002   56.2203451890001     
  -12.2954564032698       9.007285230768300E-002   56.3104180413078     
  -12.2679441416894       0.119604742653263        56.4300227839611     
  -12.2404318801090       0.155851240164497        56.5858740241256     
  -12.2129196185286       0.199287246586695        56.7851612707123     
  -12.1854073569482       0.250066859603021        57.0352281303153     
  -12.1578950953678       0.307921609271572        57.3431497395868     
  -12.1303828337875       0.372075946037134        57.7152256856240     
  -12.1028705722071       0.441194840641822        58.1564205262658     
  -12.0753583106267       0.513377302264131        58.6697978285299     
  -12.0478460490463       0.586206074231957        59.2560039027619     
  -12.0203337874659       0.656857833082595        59.9128617358445     
  -11.9928215258856       0.722270503772880        60.6351322396174     
  -11.9653092643052       0.779355883331356        61.4144881229487     
  -11.9377970027248       0.825238020894289        62.2397261438430     
  -11.9102847411444       0.857492178925096        63.0972183227681     
  -11.8827724795640       0.874356905294249        63.9715752280624     
  -11.8552602179837       0.874893467302588        64.8464686953649     
  -11.8277479564033       0.859072617749285        65.7055413131142     
  -11.8002356948229       0.827777609574931        66.5333189226892     
  -11.7727234332425       0.782723149783861        67.3160420724730     
  -11.7452111716621       0.726300822184768        68.0423428946578     
  -11.7176989100817       0.661370636352939        68.7037135310107     
  -11.6901866485014       0.591024342433438        69.2947378734442     
  -11.6626743869210       0.518348167476727        69.8130860409209     
  -11.6351621253406       0.446210604247914        70.2592966451688     
  -11.6076498637602       0.377095455111049        70.6363921002799     
  -11.5801376021798       0.312992669514589        70.9493847697945     
  -11.5526253405995       0.255351036543820        71.2047358063383     
  -11.5251130790191       0.205088882812585        71.4098246891509     
  -11.4976008174387       0.162652663386023        71.5724773525369     
  -11.4700885558583       0.128109350839340        71.7005867033762     
  -11.4425762942779       0.101256967319445        71.8018436706957     
  -11.4150640326975       8.173818959830233E-002   71.8835818602940     
  -11.3875517711172       6.914413427861681E-002   71.9527259945726     
  -11.3600395095368       6.309854063355834E-002   72.0158245352061     
  -11.3325272479564       6.331600189091491E-002   72.0791405370971     
  -11.3050149863760       6.963119652325517E-002   72.1487717336203     
  -11.2775027247956       8.199898083784168E-002   72.2307707144582     
  -11.2499904632153       0.100467644074718        72.3312383585329     
  -11.2224782016349       0.125129637536405        72.4563679960693     
  -11.1949659400545       0.156055749924679        72.6124237459940     
  -11.1674536784741       0.193220058849619        72.8056438048436     
  -11.1399414168937       0.236424010638135        73.0420678154817     
  -11.1124291553134       0.285228545761395        73.3272963612431     
  -11.0849168937330       0.338903114391427        73.6661994756345     
  -11.0574046321526       0.396399532518487        74.0625990081530     
  -11.0298923705722       0.456356797764628        74.5189558059176     
  -11.0023801089918       0.517140229012765        75.0360960349304     
  -10.9748678474114       0.576914794981276        75.6130108299117     
  -10.9473555858311       0.633748599544900        76.2467594294566     
  -10.9198433242507       0.685738667179379        76.9324980966360     
  -10.8923310626703       0.731147944305277        77.6636460409412     
  -10.8648188010899       0.768540288024137        78.4321863289654     
  -10.8373065395095       0.796899514508589        79.2290858434740     
  -10.8097942779292       0.815719496519784        80.0448053399938     
  -10.7822820163488       0.825054783710039        80.8698601237038     
  -10.7547697547684       0.825525009012450        81.6953851327163     
  -10.7272574931880       0.818271008986929        82.5136561417032     
  -10.6997452316076       0.804865590915145        83.3185217326183     
  -10.6722329700272       0.787186658099136        84.1057083907175     
  -10.6447207084469       0.767264424533262        84.8729728152507     
  -10.6172084468665       0.747117264529002        85.6200900797797     
  -10.5896961852861       0.728592029568957        86.3486821093487     
  -10.5621839237057       0.713224251438966        87.0619063607876     
  -10.5346716621253       0.702131534747785        87.7640378955354     
  -10.5071594005450       0.695949803549202        88.4599876990846     
  -10.4796471389646       0.694817273384655        89.1548049724693     
  -10.4521348773842       0.698405612322578        89.8532105847919     
  -10.4246226158038       0.705992404174762        90.5592029889666     
  -10.3971103542234       0.716564460316500        91.2757674492831     
  -10.3695980926431       0.728938416723789        92.0047058660069     
  -10.3420858310627       0.741883896523255        92.7465897625302     
  -10.3145735694823       0.754235521206700        93.5008252837369     
  -10.2870613079019       0.764983056747871        94.2658083404847     
  -10.2595490463215       0.773333454272216        95.0391417947569     
  -10.2320367847411       0.778743662736090        95.8178854574930     
  -10.2045245231608       0.780927881405177        96.5988133388982     
  -10.1770122615804       0.779846462760811        97.3786598016590     
  -10.1495000000000       0.775685305159719        98.1543451068187     
  -10.1219877384196       0.768834031508503        98.9231791383272     
  -10.0944754768392       0.759868754756039        99.6830478930833     
  -10.0669632152589       0.749541438132716        100.432589331216     
  -10.0394509536785       0.738773713511996        101.171363044728     
  -10.0119386920981       0.728649546192011        101.900012590920     
  -9.98442643051771       0.720399191441297        102.620411782361     
  -9.95691416893733       0.715366985939561        103.335778768301     
  -9.92940190735695       0.714957699913910        104.050736468215     
  -9.90188964577657       0.720560021733889        104.771296489949     
  -9.87437738419618       0.733450472479782        105.504746962428     
  -9.84686512261580       0.754685687217304        106.259432649646     
  -9.81935286103542       0.784994611672768        107.044427261319     
  -9.79184059945504       0.824684021369497        107.869111282688     
  -9.76432833787466       0.873570493138346        108.742681775826     
  -9.73681607629428       0.930949559196566        109.673631335023     
  -9.70930381471389       0.995608630272688        110.669239965296     
  -9.68179155313351        1.06588503883520        111.735125004131     
  -9.65427929155313        1.13976502445654        112.874890028587     
  -9.62676702997275        1.21501446866940        114.089904497257     
  -9.59925476839237        1.28932838310435        115.379232880361     
  -9.57174250681199        1.36048405636209        116.739716936723     
  -9.54423024523161        1.42648260859146        118.166199545315     
  -9.51671798365122        1.48566545016725        119.651864995482     
  -9.48920572207084        1.53679549843145        121.188660493913     
  -9.46169346049046        1.57909747514719        122.767757969061     
  -9.43418119891008        1.61225655881952        124.380014527880     
  -9.40666893732970        1.63637943476321        126.016393962643     
  -9.37915667574932        1.65192576380864        127.668319726452     
  -9.35164441416894        1.65962081049059        129.327940536942     
  -9.32413215258855        1.66036116364933        130.988301700592     
  -9.29661989100817        1.65512509626002        132.643426796852     
  -9.26910762942779        1.64489730212871        134.288324098981     
  -9.24159536784741        1.63061483292884        135.918938931909     
  -9.21408310626703        1.61313746338090        137.532076395290     
  -9.18657084468665        1.59324190605067        139.125318301341     
  -9.15905858310627        1.57163575033786        140.696954051679     
  -9.13154632152589        1.54898414653684        142.245938198216     
  -9.10403405994550        1.52594046514692        143.771878663363     
  -9.07652179836512        1.50317171087858        145.275050374241     
  -9.04900953678474        1.48137050754020        146.756420881781     
  -9.02149727520436        1.46124796796147        148.217668849743     
  -8.99398501362398        1.44350548100835        149.661174330751     
  -8.96647275204360        1.42878790922349        151.089962239975     
  -8.93896049046321        1.41762520616724        152.507587446142     
  -8.91144822888283        1.41037320712162        153.917960653264     
  -8.88393596730245        1.40716649316830        155.325127146432     
  -8.85642370572207        1.40789611748297        156.733023263915     
  -8.82891144414169        1.41222229501127        158.145245558926     
  -8.80139918256130        1.41962704391207        159.564872602838     
  -8.77388692098092        1.42950489732669        160.994377500165     
  -8.74637465940054        1.44128229745242        162.435659797617     
  -8.71886239782016        1.45454953591406        163.890209333531     
  -8.69135013623978        1.46918452201123        165.359393855543     
  -8.66383787465940        1.48544636427194        166.844840219815     
  -8.63632561307902        1.50401930936426        168.348859529179     
  -8.60881335149864        1.52599384374818        169.874853372927     
  -8.58130108991826        1.55278083202938        171.427634204956     
  -8.55378882833787        1.58596494224591        173.013599147202     
  -8.52627656675749        1.62711346856121        174.640712615763     
  -8.49876430517711        1.67756422179197        176.318276837555     
  -8.47125204359673        1.73822004001482        178.056496877570     
  -8.44373978201635        1.80937698937347        179.865873866944     
  -8.41622752043596        1.89060862222377        181.756482489167     
  -8.38871525885558        1.98072066331920        183.737203152487     
  -8.36120299727520        2.07778070249837        185.814983854985     
  -8.33369073569482        2.17921762203923        187.994201477024     
  -8.30617847411444        2.28197719162018        190.276178668644     
  -8.27866621253406        2.38271470020290        192.658893368847     
  -8.25115395095368        2.47800321283529        195.136896581683     
  -8.22364168937330        2.56453693421494        197.701433515898     
  -8.19612942779291        2.63931258142162        200.340746097319     
  -8.16861716621253        2.69977664469188        203.040522742011     
  -8.14110490463215        2.74393190742596        205.784454649437     
  -8.11359264305177        2.77040171462392        208.554856364061     
  -8.08608038147139        2.77845461849523        211.333310982556     
  -8.05856811989101        2.76799490857258        214.101305891129     
  -8.03105585831063        2.73952614036853        216.840832031497     
  -8.00354359673024        2.69409527379088        219.534927305288     
  -7.97603133514986        2.63322465340684        222.168151958695     
  -7.94851907356948        2.55883803961698        224.726989998312     
  -7.92100681198910        2.47318543807322        227.200175436385     
  -7.89349455040872        2.37876976373006        229.578945200115     
  -7.86598228882833        2.27827661617168        231.857221816287     
  -7.83847002724795        2.17450686113691        234.031728677424     
  -7.81095776566757        2.07031054963376        236.102039227058     
  -7.78344550408719        1.96852017100019        238.070559398058     
  -7.75593324250681        1.87188145168392        239.942440849742     
  -7.72842098092643        1.78298086129774        241.725421711040     
  -7.70090871934605        1.70417049946006        243.429592210500     
  -7.67339645776567        1.63749280789278        245.067085018392     
  -7.64588419618529        1.58460921177043        246.651694230163     
  -7.61837193460490        1.54673798757032        248.198432217733     
  -7.59085967302452        1.52460711850572        249.723039336239     
  -7.56334741144414        1.51842750819764        251.241466844436     
  -7.53583514986376        1.52789069908966        252.769357543526     
  -7.50832288828338        1.55219332309566        254.321550866622     
  -7.48081062670300        1.59008811192260        255.911638978544     
  -7.45329836512261        1.63995866388977        257.551597642434     
  -7.42578610354223        1.69991257123937        259.251510213674     
  -7.39827384196185        1.76788524462484        261.019395458298     
  -7.37076158038147        1.84174514415193        262.861140602450     
  -7.34324931880109        1.91939047111056        264.780531073561     
  -7.31573705722070        1.99882799607295        266.779359069634     
  -7.28822479564032        2.07822678965254        268.857585859286     
  -7.26071253405994        2.15594315430994        271.013529013596     
  -7.23320027247956        2.23051768890322        273.244046702500     
  -7.20568801089918        2.30065046710585        275.544697169605     
  -7.17817574931880        2.36516481160255        277.909861981208     
  -7.15066348773842        2.42297302706738        280.332835008275     
  -7.12315122615804        2.47305779471850        282.805892802994     
  -7.09563896457766        2.51448023484887        285.320373037843     
  -7.06812670299727        2.54642006046803        287.866793098311     
  -7.04061444141689        2.56824564829849        290.435038746609     
  -7.01310217983651        2.57960373397103        293.014642480580     
  -6.98558991825613        2.58051161521051        295.595154095791     
  -6.95807765667575        2.57143094975427        298.166585045545     
  -6.93056539509537        2.55330266212143        300.719887707667     
  -6.90305313351498        2.52752744472573        303.247415152392     
  -6.87554087193460        2.49588514482683        305.743300297219     
  -6.84802861035422        2.46039733341447        308.203697630634     
  -6.82051634877384        2.42314833474681        310.626845965380     
  -6.79300408719346        2.38608865299228        313.012934618373     
  -6.76549182561308        2.35084921558229        315.363783833955     
  -6.73797956403270        2.31859419542547        317.682378029381     
  -6.71046730245232        2.28993450741824        319.972312536799     
  -6.68295504087193        2.26491457217077        322.237227108970     
  -6.65544277929155        2.24307351365064        324.480300622620     
  -6.62793051771117        2.22357079368550        326.703871416306     
  -6.60041825613079        2.20535734631844        328.909228762624     
  -6.57290599455041        2.18736789161702        331.096596654241     
  -6.54539373297003        2.16870877228735        333.265305426529     
  -6.51788147138964        2.14881802877816        335.414123455307     
  -6.49036920980926        2.12757955245620        337.541703007763     
  -6.46285694822888        2.10537978425252        339.647082792015     
  -6.43534468664850        2.08310236017938        341.730185152195     
  -6.40783242506812        2.06206245496137        343.792247607156     
  -6.38032016348773        2.04388787252193        345.836135479678     
  -6.35280790190735        2.03035809340355        347.866493573082     
  -6.32529564032697        2.02321566235635        349.889709235438     
  -6.29778337874659        2.02396666532351        351.913675900762     
  -6.27027111716621        2.03368864821193        353.947364548973     
  -6.24275885558583        2.05286499516604        356.000229544140     
  -6.21524659400545        2.08126414631694        358.081493690456     
  -6.18773433242507        2.11787966631835        360.199373356775     
  -6.16022207084469        2.16094276736129        362.360316124136     
  -6.13270980926430        2.20801243356368        364.568328557700     
  -6.10519754768392        2.25614019265748        366.824468750357     
  -6.07768528610354        2.30209767446494        369.126566424822     
  -6.05017302452316        2.34264656449225        371.469212989314     
  -6.02266076294278        2.37482374208836        373.844036731403     
  -5.99514850136240        2.39621053755385        376.240247268957     
  -5.96763623978201        2.40515506904254        378.645402337999     
  -5.94012397820163        2.40092090702006        381.046323245019     
  -5.91261171662125        2.38374358117796        383.430066826197     
  -5.88509945504087        2.35478774231391        385.784854568511     
  -5.85758719346049        2.31601060746625        388.100865175977     
  -5.83007493188011        2.26994978765330        390.370814963631     
  -5.80256267029973        2.21946379800804        392.590278761639     
  -5.77505040871934        2.16745981036697        394.757738572006     
  -5.74753814713896        2.11664441393765        396.874382985943     
  -5.72002588555858        2.06932896476747        398.943711950711     
  -5.69251362397820        2.02731207443311        400.971024025144     
  -5.66500136239782        1.99184928940795        402.962873314552     
  -5.63748910081744        1.96370604924227        404.926579363794     
  -5.60997683923706        1.94327688353823        406.869856247332     
  -5.58246457765667        1.93074370482530        408.800599952158     
  -5.55495231607629        1.92624065678896        410.726840608947     
  -5.52744005449591        1.92999313942826        412.656833748375     
  -5.49992779291553        1.94240422244707        414.599237970822     
  -5.47241553133515        1.96407158727989        416.563309558102     
  -5.44490326975477        1.99573058159409        418.559040139696     
  -5.41739100817438        2.03813172809878        420.597171867795     
  -5.38987874659400        2.09187195346036        422.689043821255     
  -5.36236648501362        2.15720619288074        424.846250014136     
  -5.33485422343324        2.23386891369437        427.080118927830     
  -5.30734196185286        2.32093336799240        429.401052295823     
  -5.27982970027248        2.41673069444107        431.817782990264     
  -5.25231743869210        2.51884257674372        434.336625567007     
  -5.22480517711172        2.62417153195928        436.960797098967     
  -5.19729291553133        2.72908350609409        439.689880605061     
  -5.16978065395095        2.82960947000921        442.519490075070     
  -5.14226839237057        2.92168688600530        445.441176961075     
  -5.11475613079019        3.00141856749973        448.442595528575     
  -5.08724386920981        3.06532554047735        451.507921069052     
  -5.05973160762943        3.11057177702581        454.618492846078     
  -5.03221934604904        3.13514176392578        457.753634610004     
  -5.00470708446866        3.13795644979883        460.891591059803     
  -4.97719482288828        3.11891886034172        464.010509920145     
  -4.94968256130790        3.07888724056254        467.089397160707     
  -4.92217029972752        3.01958054356434        470.108977704271     
  -4.89465803814713        2.94342785773595        473.052405562007     
  -4.86714577656675        2.85337921576118        475.905784777769     
  -4.83963351498637        2.75269934318080        478.658484120949     
  -4.81212125340599        2.64476752071227        481.303251641662     
  -4.78460899182561        2.53290532984170        483.836156971503     
  -4.75709673024523        2.42024951440689        486.256406485910     
  -4.72958446866485        2.30967993868516        488.566086424595     
  -4.70207220708447        2.20380361150987        490.769890036105     
  -4.67455994550409        2.10498636202174        492.874876398127     
  -4.64704768392370        2.01541558769131        494.890291985818     
  -4.61953542234332        1.93717205159783        496.827464037416     
  -4.59202316076294        1.87228709013204        498.699751127548     
  -4.56451089918256        1.82276426626269        500.522515393811     
  -4.53699863760218        1.79055115290704        502.313066546718     
  -4.50948637602180        1.77745648575368        504.090523032472     
  -4.48197411444141        1.78501873524571        505.875541767717     
  -4.45446185286103        1.81434228305204        507.689884050769     
  -4.42694959128065        1.86592500206437        509.555809052834     
  -4.39943732970027        1.93950472006733        511.495313772901     
  -4.37192506811989        2.03395109178678        513.529264864688     
  -4.34441280653951        2.14722394657339        515.676488811261     
  -4.31690054495913        2.27641015999261        517.952898971254     
  -4.28938828337875        2.41784007554722        520.370739046801     
  -4.26187602179836        2.56727335209540        522.938012398896     
  -4.23436376021798        2.72013467122735        525.658147070124     
  -4.20685149863760        2.87177347738457        528.529920547508     
  -4.17933923705722        3.01771969933161        531.547640246840     
  -4.15182697547684        3.15390934270821        534.701549589548     
  -4.12431471389646        3.27685937524544        537.978408964794     
  -4.09680245231607        3.38377932668446        541.362188291478     
  -4.06929019073569        3.47261606754589        544.834804359024     
  -4.04177792915531        3.54203685896766        548.376841217992     
  -4.01426566757493        3.59136274830791        551.968203966299     
  -3.98675340599455        3.62046889797617        555.588672864276     
  -3.95924114441417        3.62967014732584        559.218343011602     
  -3.93172888283378        3.61960916599272        562.837952177594     
  -3.90421662125340        3.59116148393814        566.429113661532     
  -3.87670435967302        3.54536722173011        569.974480883262     
  -3.84919209809264        3.48339429044543        573.457875173708     
  -3.82167983651226        3.40653288980670        576.864408063515     
  -3.79416757493188        3.31621682902242        580.180624892537     
  -3.76665531335150        3.21406383841378        583.394688730951     
  -3.73914305177112        3.10192475785606        586.496613488807     
  -3.71163079019073        2.98193028748104        589.478543776288     
  -3.68411852861035        2.85652383003839        592.335067606326     
  -3.65660626702997        2.72846981969285        595.063537426019     
  -3.62909400544959        2.60082882961072        597.664366255630     
  -3.60158174386921        2.47689369963704        600.141259955267     
  -3.57406948228883        2.36008488970296        602.501344844970     
  -3.54655722070844        2.25380807277120        604.755152917741     
  -3.51904495912806        2.16128225860250        606.916435176343     
  -3.49153269754768        2.08535188547565        609.001787061819     
  -3.46402043596730        2.02830054718928        611.030087609008     
  -3.43650817438692        1.99168648681035        613.021774095819     
  -3.40899591280654        1.97621994548996        614.997994041309     
  -3.38148365122616        1.98169947085366        616.979693512162     
  -3.35397138964577        2.00701841059548        618.986711922758     
  -3.32645912806539        2.05024465765343        621.036956580411     
  -3.29894686648501        2.10876742519922        623.145724005610     
  -3.27143460490463        2.17949593160021        625.325219937211     
  -3.24392234332425        2.25908796878117        627.584307905992     
  -3.21641008174387        2.34418275127125        629.928490657263     
  -3.18889782016349        2.43161295263571        632.360103609899     
  -3.16138555858310        2.51857538729881        634.878678997198     
  -3.13387329700272        2.60274750648606        637.481426503684     
  -3.10636103542234        2.68234618558480        640.163772689268     
  -3.07884877384196        2.75613427963533        642.919906968904     
  -3.05133651226158        2.82338729435756        645.743294263261     
  -3.02382425068120        2.88383595623640        648.627130219498     
  -2.99631198910081        2.93759998484906        651.564730204347     
  -2.96879972752043        2.98512442729186        654.549854631639     
  -2.94128746594005        3.02712377703077        657.576978408669     
  -2.91377520435967        3.06453252827699        660.641510936946     
  -2.88626294277929        3.09845561921812        663.739966556165     
  -2.85875068119891        3.13010979450908        666.870076350674     
  -2.83123841961853        3.16074792125510        670.030824271929     
  -2.80372615803815        3.19156247694009        673.222386748869     
  -2.77621389645776        3.22357072771811        676.445957476587     
  -2.74870163487738        3.25749093027526        679.703448406862     
  -2.72118937329700        3.29362448831285        682.997072895175     
  -2.69367711171662        3.33176193409787        686.328834829273     
  -2.66616485013624        3.37113006563799        689.699964894911     
  -2.63865258855586        3.41039351383716        693.110358408748     
  -2.61114032697547        3.44771715663516        696.558075565383     
  -2.58362806539509        3.48088740487466        700.038962970258     
  -2.55611580381471        3.50748197072256        703.546444940980     
  -2.52860354223433        3.52507073195230        707.071515672933     
  -2.50109128065395        3.53142582398154        710.602941496914     
  -2.47357901907357        3.52471773220790        714.127659229122     
  -2.44606675749318        3.50367599563846        717.631335224761     
  -2.41855449591280        3.46769777530040        721.099033000061     
  -2.39104223433242        3.41689424205333        724.515927242114     
  -2.36352997275204        3.35207253637578        727.867999778490     
  -2.33601771117166        3.27465889621623        731.142658674706     
  -2.30850544959128        3.18657540965615        734.329234084362     
  -2.28099318801090        3.09008782583489        737.419321910197     
  -2.25348092643052        2.98764428164309        740.406966191840     
  -2.22596866485013        2.88172434019378        743.288690532034     
  -2.19845640326975        2.77471447600668        746.063405008041     
  -2.17094414168937        2.66882061839959        748.732225626440     
  -2.14343188010899        2.56602151883023        751.298247145271     
  -2.11591961852861        2.46805974027487        753.766306885545     
  -2.08840735694823        2.37646121597610        756.142768101521     
  -2.06089509536784        2.29257061158734        758.435338713109     
  -2.03338283378746        2.21758872426390        760.652927437373     
  -2.00587057220708        2.15259986260743        762.805527299980     
  -1.97835831062670        2.09858099923689        764.904108299217     
  -1.95084604904632        2.05638947838214        766.960497777599     
  -1.92333378746594        2.02673103491776        768.987228812517     
  -1.89582152588556        2.01011380809363        770.997342620611     
  -1.86830926430518        2.00679625808053        773.004138878691     
  -1.84079700272479        2.01673726790832        775.020876146599     
  -1.81328474114441        2.03955557457195        777.060431721171     
  -1.78577247956403        2.07450368301962        779.134935404191     
  -1.75826021798365        2.12045931637028        781.255394720561     
  -1.73074795640327        2.17593581466896        783.431330535230     
  -1.70323569482289        2.23911193775944        785.670442472990     
  -1.67572343324250        2.30788109491953        787.978323567909     
  -1.64821117166212        2.37991967183487        790.358243239744     
  -1.62069891008174        2.45277333891928        792.811016578663     
  -1.59318664850136        2.52395865888590        795.334975237549     
  -1.56567438692098        2.59107497938282        797.926050216932     
  -1.53816212534060        2.65191893285793        800.577969149790     
  -1.51064986376021        2.70459163142021        803.282560781210     
  -1.48313760217983        2.74758769706227        806.030148478273     
  -1.45562534059945        2.77985626712437        808.810004745397     
  -1.42811307901907        2.80082725961006        811.610832005007     
  -1.40060081743869        2.81040106884339        814.421233073850     
  -1.37308855585831        2.80890552217137        817.230138596022     
  -1.34557629427793        2.79702905548389        820.027167651506     
  -1.31806403269755        2.77574235950415        822.802910011010     
  -1.29055177111716        2.74622129394512        825.549131304955     
  -1.26303950953678        2.70978142149607        828.258912726451     
  -1.23552724795640        2.66782962762821        830.926742354079     
  -1.20801498637602        2.62183220366451        833.548574557744     
  -1.18050272479564        2.57329310724208        836.121867664986     
  -1.15299046321526        2.52373247345522        838.645600138441     
  -1.12547820163487        2.47465496884252        841.120255107283     
  -1.09796594005449        2.42750061202495        843.547755719308     
  -1.07045367847411        2.38357666597087        845.931332385279     
  -1.04294141689373        2.34397675455919        848.275309139838     
  -1.01542915531335        2.30950057135616        850.584809711195     
 -0.987916893732969        2.28059245538397        852.865402166579     
 -0.960404632152585        2.25731812541804        855.122720291997     
 -0.932892370572205        2.23939519811270        857.362115490109     
 -0.905380108991825        2.22628499053589        859.588400480645     
 -0.877867847411441        2.21734177740992        861.805742258055     
 -0.850355585831061        2.21200320793813        864.017745465993     
 -0.822843324250677        2.20999448358757        866.227739949581     
 -0.795331062670297        2.21151158744894        868.439251537030     
 -0.767818801089916        2.21734720562048        870.656598742650     
 -0.740306539509533        2.22892789365267        872.885526636303     
 -0.712794277929152        2.24824222475203        875.133768861055     
 -0.685282016348772        2.27765561875428        877.411424479809     
 -0.657769754768388        2.31962581901328        879.731050298822     
 -0.630257493188008        2.37635051624327        882.107400815066     
 -0.602745231607628        2.44939233303304        884.556793148099     
 -0.575232970027244        2.53933371570291        887.096126863802     
 -0.547720708446864        2.64551366332810        889.741640527130     
 -0.520208446866484        2.76588940109875        892.507529928229     
 -0.492696185286100        2.89705022181443        895.404580150043     
 -0.465183923705720        3.03439016018488        898.438970310228     
 -0.437671662125339        3.17242416382386        901.611394474052     
 -0.410159400544956        3.30521250926122        904.916606983313     
 -0.382647138964575        3.42684357686525        908.343450560178     
 -0.355134877384192        3.53191803525232        911.875368595431     
 -0.327622615803811        3.61597896413828        915.491347559569     
 -0.300110354223431        3.67584194924705        919.167189508816     
 -0.272598092643047        3.70979483105341        922.876984339869     
 -0.245085831062667        3.71765571385668        926.594640053726     
 -0.217573569482287        3.70069676158276        930.295336815309     
 -0.190061307901903        3.66145716198808        933.956793977297     
 -0.162549046321523        3.60347915997359        937.560273137270     
 -0.135036784741143        3.53100513815016        941.091278275421     
 -0.107524523160759        3.44867153513229        944.539949810553     
 -8.001226158037866E-002   3.36122823957582        947.901178050129     
 -5.249999999999844E-002   3.27330202593727        951.174480076066     
 -2.498773841961466E-002   3.18921189815734        954.363691974223     
  2.524523160765568E-003   3.11283492306442        957.476526897288     
  3.003678474114579E-002   3.04751467965161        960.524041576939     
  5.754904632152957E-002   2.99600141406836        963.520042991008     
  8.506130790190980E-002   2.96041315625232        966.480456147260     
  0.112573569482290        2.94220958987262        969.422665737133     
  0.140085831062674        2.94217422165944        972.364839958792     
  0.167598092643054        2.96040421694042        975.325244175733     
  0.195110354223438        2.99631025968574        978.321554435418     
  0.222622615803818        3.04863046596365        981.370184901382     
  0.250134877384198        3.11546266204320        984.485647563425     
  0.277647138964582        3.19431850024287        987.679966063668     
  0.305159400544962        3.28220137362058        990.962167437289     
  0.332671662125342        3.37570835881518        994.337875796104     
  0.360183923705726        3.47115478837575        997.809030584480     
  0.387696185286106        3.56471865174689        1001.37374923623     
  0.415208446866487        3.65260077618881        1005.02635001242     
  0.442720708446871        3.73119545793584        1008.75754547035     
  0.470232970027251        3.79726471614952        1012.55481018650     
  0.497745231607631        3.84810757055297        1016.40291775705     
  0.525257493188015        3.88171385404084        1020.28463161109     
  0.552769754768395        3.89689045286069        1024.18152206396     
  0.580282016348775        3.89334708017549        1028.07486914413     
  0.607794277929159        3.87172933501522        1031.94659847915     
  0.635306539509539        3.83358934529919        1035.78018782445     
  0.662818801089923        3.78128890458322        1039.56147672903     
  0.690331062670303        3.71783642967750        1043.27931315871     
  0.717843324250683        3.64666658423616        1046.92597974294     
  0.745355585831067        3.57137896010494        1050.49735870305     
  0.772867847411447        3.49545852851670        1053.99281723156     
  0.800380108991828        3.42200447443698        1057.41482170600     
  0.827892370572211        3.35349463365396        1060.76831633965     
  0.855404632152592        3.29160970800333        1064.05992604766     
  0.882916893732972        3.23713500667312        1067.29706105433     
  0.910429155313356        3.18994851585328        1070.48700957018     
  0.937941416893736        3.14909394807170        1073.63610351826     
  0.965453678474116        3.11292758513144        1076.74903110339     
  0.992965940054500        3.07931964786680        1079.82835075125     
   1.02047820163488        3.04588571105450        1082.87423646231     
   1.04799046321526        3.01022192628319        1085.88445838859     
   1.07550272479564        2.97011952781042        1088.85457791640     
   1.10301498637602        2.92373874881920        1091.77831666522     
   1.13052724795641        2.86972895085116        1094.64804561607     
   1.15803950953679        2.80728936212957        1097.45533497820     
   1.18555177111717        2.73617224259131        1100.19150722079     
   1.21306403269755        2.65663663728561        1102.84814385808     
   1.24057629427793        2.56936551410973        1105.41750937219     
   1.26808855585831        2.47536167411278        1107.89287104630     
   1.29560081743870        2.37583830643673        1110.26870935274     
   1.32311307901908        2.27211857734159        1112.54082793008     
   1.35062534059946        2.16555549040528        1114.70638342049     
   1.37813760217984        2.05747885242865        1116.76386227291     
   1.40564986376022        1.94917105794136        1118.71303333086     
   1.43316212534060        1.84186819942829        1120.55490153028     
   1.46067438692099        1.73677843011806        1122.29167996040     
   1.48818664850137        1.63510626612785        1123.92678622653     
   1.51569891008175        1.53807022220242        1125.46485644873     
   1.54321117166213        1.44690219383157        1126.91175864256     
   1.57072343324251        1.36282032562789        1128.27457896819     
   1.59823569482289        1.28697230730809        1129.56155127550     
   1.62574795640327        1.22035227407131        1130.78190354957     
   1.65326021798365        1.16370063812652        1131.94560418770     
   1.68077247956404        1.11740105366170        1133.06300524136     
   1.70828474114442        1.08139130696526        1134.14439654832     
   1.73579700272480        1.05510461604733        1135.19950116437     
   1.76330926430518        1.03745455439537        1136.23695571877     
   1.79082152588556        1.02687108759549        1137.26382680636     
   1.81833378746594        1.02138800900472        1138.28521481537     
   1.84584604904633        1.01877463485670        1139.30398945022     
   1.87335831062671        1.01669824452102        1140.32068769474     
   1.90087057220709        1.01289947576785        1141.33358717051     
   1.92838283378747        1.00536133957672        1142.33894851009     
   1.95589509536785       0.992453825818171        1143.33140233591     
   1.98340735694823       0.973039853893328        1144.30444218980     
   2.01091961852861       0.946533814635031        1145.25097600444     
   2.03843188010899       0.912910166123085        1146.16388617056     
   2.06594414168937       0.872665478102225        1147.03655164866     
   2.09345640326976       0.826742115757435        1147.86329376442     
   2.12096866485014       0.776424850831356        1148.63971861525     
   2.14848092643052       0.723222877278922        1149.36294149253     
   2.17599318801090       0.668749127442195        1150.03169061997     
   2.20350544959128       0.614606847584461        1150.64629746756     
   2.23101771117167       0.562290676297059        1151.20858814385     
   2.25852997275205       0.513106584805726        1151.72169472866     
   2.28604223433243       0.468112501345658        1152.18980723000     
   2.31355449591281       0.428079585592598        1152.61788681560     
   2.34106675749319       0.393473049543098        1153.01135986514     
   2.36857901907357       0.364451027571013        1153.37581089271     
   2.39609128065396       0.340880012404514        1153.71669090512     
   2.42360354223434       0.322365461270282        1154.03905636639     
   2.45111580381472       0.308296038849237        1154.34735240523     
   2.47862806539510       0.297899424831814        1154.64525183007     
   2.50614032697548       0.290306671214728        1154.93555850128     
   2.53365258855586       0.284620922405780        1155.22017942369     
   2.56116485013624       0.279985215868635        1155.50016463956     
   2.58867711171662       0.275643418475257        1155.77580805803     
   2.61618937329700       0.270988431754125        1156.04679648978     
   2.64370163487739       0.265592788096390        1156.31238927788     
   2.67121389645777       0.259218634670934        1156.57160791255     
   2.69872615803815       0.251806630825542        1156.82341454338     
   2.72623841961853       0.243446069293418        1157.06686061267     
   2.75375068119891       0.234331085998710        1157.30119169867     
   2.78126294277930       0.224709678596215        1157.52590137727     
   2.80877520435968       0.214833059347400        1157.74073443661     
   2.83628746594006       0.204912467841856        1157.94564690446     
   2.86379972752044       0.195089037043092        1158.14073594150     
   2.89131198910082       0.185419929647991        1158.32615587115     
   2.91882425068120       0.175881181340086        1158.50203705249     
   2.94633651226158       0.166385005210632        1158.66842205770     
   2.97384877384196       0.156807189558496        1158.82522924726     
   3.00136103542235       0.147018992907232        1158.97224824016     
   3.02887329700273       0.136917752385862        1159.10916599255     
   3.05638555858311       0.126451219045413        1159.23561721159     
   3.08389782016349       0.115632184426672        1159.35124939602     
   3.11141008174387       0.104541918773155        1159.45579131479     
   3.13892234332425       9.332291682481599E-002   1159.54911423162     
   3.16643460490464       8.216309665402924E-002   1159.63127732827     
   3.19394686648502       7.127467710811905E-002   1159.70255200538     
   3.22145912806540       6.087136257531665E-002   1159.76342336796     
   3.24897138964578       5.114722043942570E-002   1159.81457058840     
   3.27648365122616       4.225988917268513E-002   1159.85683047757     
   3.30399591280654       3.431971334348313E-002   1159.89115019091     
   3.33150817438693       2.738529202720546E-002   1159.91853548294     
   3.35902043596731       2.146494606595610E-002   1159.94000042901     
   3.38653269754769       1.652289340328042E-002   1159.95652332241     
   3.41404495912807       1.248853226322040E-002   1159.96901185467     
   3.44155722070845       9.267161110557427E-003   1159.97827901578     
   3.46906948228883       6.750650917378755E-003   1159.98502966670     
   3.49658174386921       4.826938584130831E-003   1159.98985660528     
   3.52409400544959       3.387633985468255E-003   1159.99324423927     
   3.55160626702997       2.333443780000818E-003   1159.99557768305     
   3.57911852861036       1.577454220066726E-003   1159.99715513727     
   3.60663079019074       1.046552348864060E-003   1159.99820168962     
   3.63414305177112       6.813952570773465E-004   1159.99888308488     
   3.66165531335150       4.353742449003890E-004   1159.99931845912     
   3.68916757493188       2.729890272637714E-004   1159.99959144815     
   3.71667983651227       1.679736888996643E-004   1159.99975942184     
   3.74419209809265       1.014254274997140E-004   1159.99986084726     
   3.77170435967303       6.009782258876382E-005   1159.99992094509     
   3.79921662125341       3.494414395529243E-005   1159.99995588923     
   3.82672888283379       1.993847174105138E-005   1159.99997582770     
   3.85424114441417       1.116373604319185E-005   1159.99998699144     
   3.88175340599456       6.133752568352217E-006   1159.99999312519     
   3.90926566757494       3.307051650237012E-006   1159.99999643224     
   3.93677792915532       1.749657203642364E-006   1159.99999818190     
   3.96429019073570       9.083675714688529E-007   1159.99999909027     
   3.99180245231608       4.627713411311683E-007   1159.99999955304     
   4.01931471389646       2.313487146328582E-007   1159.99999978439     
   4.04682697547684       1.134914706488904E-007   1159.99999989788     
   4.07433923705722       5.463294483921011E-008   1159.99999995251     
   4.10185149863760       2.580721025264741E-008   1159.99999997832     
   4.12936376021799       1.196251257280139E-008   1159.99999999028     
   4.15687602179837       5.441248269717845E-009   1159.99999999572     
   4.18438828337875       2.428674575577321E-009   1159.99999999815     
   4.21190054495913       1.063738082698624E-009   1159.99999999921     
   4.23941280653951       4.571876297682076E-010   1159.99999999967     
   4.26692506811990       1.928186346483382E-010   1159.99999999986     
   4.29443732970028       7.979907002114012E-011   1159.99999999994     
   4.32194959128066       3.240712684099076E-011   1159.99999999998     
   4.34946185286104       1.291450317996920E-011   1159.99999999999     
   4.37697411444142       5.050202877415755E-012   1160.00000000000     
   4.40448637602180       1.937894397903428E-012   1160.00000000000     
   4.43199863760218       7.297281810932088E-013   1160.00000000000     
   4.45951089918256       2.696823883999167E-013   1160.00000000000     
   4.48702316076294       9.775166787129308E-014   1160.00000000000     
   4.51453542234333       3.473827128730456E-014   1160.00000000000     
   4.54204768392371       1.216583257745985E-014   1160.00000000000     
   4.56955994550409       4.129671864888662E-015   1160.00000000000     
   4.59707220708447       1.412498590314115E-015   1160.00000000000     
   4.62458446866485       4.570454258112644E-016   1160.00000000000     
   4.65209673024523       1.075528555105620E-016   1160.00000000000     
   4.67960899182562       6.830473686658678E-017   1160.00000000000     
   4.70712125340600       0.000000000000000E+000   1160.00000000000     
   4.73463351498638       0.000000000000000E+000   1160.00000000000     
   4.76214577656676       0.000000000000000E+000   1160.00000000000     
   4.78965803814714       0.000000000000000E+000   1160.00000000000     
   4.81717029972753       0.000000000000000E+000   1160.00000000000     
   4.84468256130791       0.000000000000000E+000   1160.00000000000     
   4.87219482288829       0.000000000000000E+000   1160.00000000000     
   4.89970708446867       0.000000000000000E+000   1160.00000000000     
   4.92721934604905       0.000000000000000E+000   1160.00000000000     
   4.95473160762943       0.000000000000000E+000   1160.00000000000     
   4.98224386920981       0.000000000000000E+000   1160.00000000000     
