-25.2062 0.000000000000000E+000
-25.1787 0.000000000000000E+000
-25.1512 0.000000000000000E+000
-25.1237 0.000000000000000E+000
-25.0962 0.000000000000000E+000
-25.0687 0.000000000000000E+000
-25.0412 0.000000000000000E+000
-25.0137 0.000000000000000E+000
-24.9861 0.000000000000000E+000
-24.9586 0.000000000000000E+000
-24.9311 0.000000000000000E+000
-24.9036 2.220446049250313E-016
-24.8761 4.950467119568813E-016
-24.8486 1.419708534761144E-015
-24.8211 4.398337163230570E-015
-24.7936 1.326364148721004E-014
-24.766 3.903989761674942E-014
-24.7385 1.119804661324497E-013
-24.711 3.159076190743793E-013
-24.6835 8.750306794251539E-013
-24.656 2.376739809736156E-012
-24.6285 6.335582286663005E-012
-24.601 1.657222910332948E-011
-24.5735 4.253776481446050E-011
-24.5459 1.071439103346623E-010
-24.5184 2.648236695581598E-010
-24.4909 6.423090507276345E-010
-24.4634 1.528723487316704E-009
-24.4359 3.570355284641599E-009
-24.4084 8.182604017644736E-009
-24.3809 1.840218142017819E-008
-24.3534 4.061109987115201E-008
-24.3259 8.794636380721242E-008
-24.2983 1.868911469014444E-007
-24.2708 3.897241242765991E-007
-24.2433 7.974869495614291E-007
-24.2158 1.601355026336888E-006
-24.1883 3.155363741919254E-006
-24.1608 6.101112147020458E-006
-24.1333 1.157620932640068E-005
-24.1058 2.155368505198064E-005
-24.0782 3.937989040990762E-005
-24.0507 7.060334776268012E-005
-24.0232 1.242149635394475E-004
-23.9957 2.144471995344797E-004
-23.9682 3.632994101053863E-004
-23.9407 6.039581775762330E-004
-23.9132 9.852510530955452E-004
-23.8857 1.577192946913262E-003
-23.8581 2.477539740854981E-003
-23.8306 3.819041036202054E-003
-23.8031 5.776781218304994E-003
-23.7756 8.574630646051745E-003
-23.7481 1.248943631146952E-002
-23.7206 1.785123123383262E-002
-23.6931 2.503752780504655E-002
-23.6656 3.445979234984631E-002
-23.638 4.654058370097879E-002
-23.6105 6.168065495341889E-002
-23.583 8.021658034384883E-002
-23.5555 0.102371103386138
-23.528 0.128200225571013
-23.5005 0.157542781851300
-23.473 0.189979523878139
-23.4455 0.224809188180722
-23.4179 0.261048367921088
-23.3904 0.297460092327848
-23.3629 0.332612929465092
-23.3354 0.364968500258014
-23.3079 0.392991086532286
-23.2804 0.415269238238581
-23.2529 0.430636651843350
-23.2254 0.438278679217923
-23.1978 0.437811931627257
-23.1703 0.429327497415933
-23.1428 0.413392847706070
-23.1153 0.391012810744224
-23.0878 0.363555142883058
-23.0603 0.332650330168513
-23.0328 0.300077646675006
-23.0053 0.267649848749258
-22.9778 0.237107280150157
-22.9502 0.210029061833072
-22.9227 0.187765170661628
-22.8952 0.171389408496677
-22.8677 0.161670289334526
-22.8402 0.159055261791432
-22.8127 0.163663641825444
-22.7852 0.175285001185499
-22.7577 0.193382071093495
-22.7301 0.217099801888019
-22.7026 0.245284333458581
-22.6751 0.276516645600100
-22.6476 0.309165180933877
-22.6201 0.341459708909030
-22.5926 0.371585429731907
-22.5651 0.397792412378941
-22.5376 0.418511720960164
-22.51 0.432466832212322
-22.4825 0.438767853058328
-22.455 0.436976974393365
-22.4275 0.427136513839627
-22.4 0.409755374891672
-22.3725 0.385755035502890
-22.345 0.356381366336578
-22.3175 0.323092784075374
-22.2899 0.287437789306734
-22.2624 0.250935475304072
-22.2349 0.214971160573333
-22.2074 0.180716280576368
-22.1799 0.149077703008897
-22.1524 0.120677435125803
-22.1249 9.585994791708316E-002
-22.0974 7.472155547235473E-002
-22.0698 5.715472335148845E-002
-22.0423 4.289985242108055E-002
-22.0148 3.159780222625769E-002
-21.9873 2.283785606224150E-002
-21.9598 1.619761749808797E-002
-21.9323 1.127312386019642E-002
-21.9048 7.699007311341111E-003
-21.8773 5.159676599511146E-003
-21.8497 3.393184779406106E-003
-21.8222 2.189726131333802E-003
-21.7947 1.386657921760106E-003
-21.7672 8.616801743731306E-004
-21.7397 5.254363020780234E-004
-21.7122 3.144063008498844E-004
-21.6847 1.846118535550583E-004
-21.6572 1.063714522907413E-004
-21.6296 6.014337209016155E-005
-21.6021 3.336935270424564E-005
-21.5746 1.816794693673056E-005
-21.5471 9.706563867000514E-006
-21.5196 5.089127681759864E-006
-21.4921 2.618887535813040E-006
-21.4646 1.323877597282457E-006
-21.4371 6.599600038291660E-007
-21.4096 3.302030802705821E-007
-21.382 1.784370979060305E-007
-21.3545 1.292943714724815E-007
-21.327 1.576325212892843E-007
-21.2995 2.779850217064241E-007
-21.272 5.506749941653114E-007
-21.2445 1.106547467339433E-006
-21.217 2.197987000209379E-006
-21.1895 4.291066213427011E-006
-21.1619 8.223409043740739E-006
-21.1344 1.546570597304661E-005
-21.1069 2.854263782036721E-005
-21.0794 5.169156853759014E-005
-21.0519 9.186402339885017E-005
-21.0244 1.602031873700164E-004
-20.9969 2.741553725581831E-004
-20.9694 4.603862122505335E-004
-20.9418 7.586611141540364E-004
-20.9143 1.226798788205993E-003
-20.8868 1.946699334737859E-003
-20.8593 3.031269017619163E-003
-20.8318 4.631803943337311E-003
-20.8043 6.945059515444661E-003
-20.7768 1.021884754203211E-002
-20.7493 1.475462038410717E-002
-20.7217 2.090520160554105E-002
-20.6942 2.906570802394226E-002
-20.6667 3.965589041979099E-002
-20.6392 5.309269657742616E-002
-20.6117 6.975288351139800E-002
-20.5842 8.992695255962867E-002
-20.5567 0.113767428080974
-20.5292 0.141236316032690
-20.5016 0.172058139369455
-20.4741 0.205685883416163
-20.4466 0.241287151173691
-20.4191 0.277756590438677
-20.3916 0.313758165654936
-20.3641 0.347797303980409
-20.3366 0.378318791935828
-20.3091 0.403822177297799
-20.2815 0.422983070823282
-20.254 0.434766819373503
-20.2265 0.438521007189782
-20.199 0.434035283775013
-20.1715 0.421560885115243
-20.144 0.401787327688251
-20.1165 0.375779283268679
-20.089 0.344881675031293
-20.0615 0.310604759330161
-20.0339 0.274502818951046
-20.0064 0.238059896721851
-19.9789 0.202593923701670
-19.9514 0.169187138710284
-19.9239 0.138646542271644
-19.8964 0.111494005836230
-19.8689 8.798219354995787E-002
-19.8414 6.813007262335052E-002
-19.8138 5.177066318977609E-002
-19.7863 3.860374377106519E-002
-19.7588 2.824723536072969E-002
-19.7313 2.028258521114520E-002
-19.7038 1.429129269526808E-002
-19.6763 9.881447553109542E-003
-19.6488 6.704563117904200E-003
-19.6213 4.463969937266429E-003
-19.5937 2.916573382237153E-003
-19.5662 1.869930343261308E-003
-19.5387 1.176464505665353E-003
-19.5112 7.263285462668437E-004
-19.4837 4.400360849163043E-004
-19.4562 2.616040107639128E-004
-19.4287 1.526165258681067E-004
-19.4012 8.736960045942655E-005
-19.3736 4.908210541181349E-005
-19.3461 2.705830273985049E-005
-19.3186 1.463988898964014E-005
-19.2911 7.777333860132293E-006
-19.2636 4.064655008363758E-006
-19.2361 2.107264012412462E-006
-19.2086 1.121095703945994E-006
-19.1811 6.881994894773367E-007
-19.1535 6.171973586544411E-007
-19.126 8.761417861277839E-007
-19.0985 1.581082268779961E-006
-19.071 3.037426037289653E-006
-19.0435 5.844588712096345E-006
-19.016 1.108915286482983E-005
-18.9885 2.066929848068983E-005
-18.961 3.781470524403413E-005
-18.9334 6.789165471510905E-005
-18.9059 1.196114231274482E-004
-18.8784 2.067877801258587E-004
-18.8509 3.508100050355761E-004
-18.8234 5.840011746957411E-004
-18.7959 9.540037353214723E-004
-18.7684 1.529258956594677E-003
-18.7409 2.405506871298200E-003
-18.7134 3.713015758834222E-003
-18.6858 5.623952126137651E-003
-18.6583 8.358937532248355E-003
-18.6308 1.219144533912344E-002
-18.6033 1.744833426670437E-002
-18.5758 2.450458878072796E-002
-18.5483 3.377034852297665E-002
-18.5208 4.566866875300207E-002
-18.4933 6.060324152255896E-002
-18.4657 7.891654364710203E-002
-18.4382 0.100840493845088
-18.4107 0.126443521883595
-18.3832 0.155579697103805
-18.3557 0.187846878260056
-18.3282 0.222561361844866
-18.3007 0.258755917137472
-18.2732 0.295206248347490
-18.2456 0.330487882999978
-18.2181 0.363061569825664
-18.1906 0.391381029546539
-18.1631 0.414013040685365
-18.1356 0.429757085939838
-18.1081 0.437750730601474
-18.0806 0.437547882763079
-18.0531 0.429160065274767
-18.0255 0.413055403412478
-17.998 0.390115480147359
-17.9705 0.361555638971775
-17.943 0.328818833308623
-17.9155 0.293456024476968
-17.888 0.257007026445750
-17.8605 0.220894572745025
-17.833 0.186341582234181
-17.8054 0.154317728966596
-17.7779 0.125517197736942
-17.7504 0.100365617414413
-17.7229 7.905113458738516E-002
-17.6954 6.157270960200093E-002
-17.6679 4.779802321098662E-002
-17.6404 3.752370036746571E-002
-17.6129 3.053157997177788E-002
-17.5853 2.663613648526542E-002
-17.5578 2.571958642137909E-002
-17.5303 2.775248920956322E-002
-17.5028 3.279870671112479E-002
-17.4753 4.100446665944873E-002
-17.4478 5.257210918289636E-002
-17.4203 6.772002901453013E-002
-17.3928 8.663146228313051E-002
-17.3652 0.109396112515126
-17.3377 0.135950045493174
-17.3102 0.166020562604849
-17.2827 0.199083557690279
-17.2552 0.234340829233550
-17.2277 0.270723690131758
-17.2002 0.306926889285745
-17.1727 0.341473462989499
-17.1452 0.372807052274870
-17.1176 0.399404052142812
-17.0901 0.419894414802009
-17.0626 0.433177704818506
-17.0351 0.438520618745074
-17.0076 0.435623852217684
-16.9801 0.424649767492053
-16.9526 0.406207263765902
-16.9251 0.381295788443455
-16.8975 0.351215638707895
-16.87 0.317455742825606
-16.8425 0.281572364896526
-16.815 0.245072375987848
-16.7875 0.209312989637522
-16.76 0.175426614075498
-16.7325 0.144275389672491
-16.705 0.116435791243549
-16.6774 9.221003831882116E-002
-16.6499 7.165844168179371E-002
-16.6224 5.464544437263413E-002
-16.5949 4.089196695901018E-002
-16.5674 3.002752023678422E-002
-16.5399 2.163706520568446E-002
-16.5124 1.529940875697526E-002
-16.4849 1.061569274427551E-002
-16.4573 7.228021227231625E-003
-16.4298 4.829341027006691E-003
-16.4023 3.166311903344824E-003
-16.3748 2.037121181265646E-003
-16.3473 1.286107806038946E-003
-16.3198 7.967741021694903E-004
-16.2923 4.843846332460280E-004
-16.2648 2.889633757381546E-004
-16.2372 1.691579956404173E-004
-16.2097 9.717163874742660E-005
-16.1822 5.477517526415314E-005
-16.1547 3.029878834101123E-005
-16.1272 1.644613938732616E-005
-16.0997 8.759914666676765E-006
-16.0722 4.578602818487438E-006
-16.0447 2.348352251722418E-006
-16.0171 1.181927119907539E-006
-15.9896 5.837346766442999E-007
-15.9621 2.829036715641686E-007
-15.9346 1.345443583221405E-007
-15.9071 6.279538096226524E-008
-15.8796 2.877426345408501E-008
-15.8521 1.297507704419885E-008
-15.8246 5.833433896519635E-009
-15.7971 2.799362145192684E-009
-15.7695 1.852844740753579E-009
-15.742 2.345349721561991E-009
-15.7145 4.616097120649018E-009
-15.687 1.019391840704304E-008
-15.6595 2.268483774637469E-008
-15.632 4.977366257114023E-008
-15.6045 1.072566854465025E-007
-15.577 2.268339401651138E-007
-15.5494 4.707577207674514E-007
-15.5219 9.587012212022654E-007
-15.4944 1.915860552871866E-006
-15.4669 3.756981212179483E-006
-15.4394 7.229506105847913E-006
-15.4119 1.365125938792108E-005
-15.3844 2.529480330254924E-005
-15.3569 4.599222356415321E-005
-15.3293 8.206009838527195E-005
-15.3018 1.436726824193249E-004
-15.2743 2.468373759688098E-004
-15.2468 4.161426307830639E-004
-15.2193 6.884431374321655E-004
-15.1918 1.117605507835434E-003
-15.1643 1.780342646301814E-003
-15.1368 2.783000417632317E-003
-15.1092 4.268915653947116E-003
-15.0817 6.425641824738659E-003
-15.0542 9.490959091625499E-003
-15.0267 1.375619580738480E-002
-14.9992 1.956506380233356E-002
-14.9717 2.730604955251431E-002
-14.9442 3.739651937400439E-002
-14.9167 5.025719173509791E-002
-14.8891 6.627656786474835E-002
-14.8616 8.576628712056174E-002
-14.8341 0.108910083266320
-14.8066 0.135710850251601
-14.7791 0.165941972283169
-14.7516 0.199110166583541
-14.7241 0.234437271428073
-14.6966 0.270867423303861
-14.669 0.307103818020960
-14.6415 0.341675890166731
-14.614 0.373033674364921
-14.5865 0.399661942046510
-14.559 0.420203162506840
-14.5315 0.433576112120531
-14.504 0.439076564824667
-14.4765 0.436448145213909
-14.4489 0.425914939151288
-14.4214 0.408172295331521
-14.3939 0.384337603378568
-14.3664 0.355867778278960
-14.3389 0.324453875466082
-14.3114 0.291905118430516
-14.2839 0.260034427354170
-14.2564 0.230555487931273
-14.2289 0.204998044282650
-14.2013 0.184644214919868
-14.1738 0.170485045862380
-14.1463 0.163193936510843
-14.1188 0.163112440810639
-14.0913 0.170244348745202
-14.0638 0.184255626630285
-14.0363 0.204480187817772
-14.0088 0.229933866858504
-13.9812 0.259340666677723
-13.9537 0.291175783517016
-13.9262 0.323728816216881
-13.8987 0.355188016813495
-13.8712 0.383742870273139
-13.8437 0.407698404125002
-13.8162 0.425591252659279
-13.7887 0.436295414625977
-13.7611 0.439105404737039
-13.7336 0.433786311590239
-13.7061 0.420583933041680
-13.6786 0.400193084670023
-13.6511 0.373687529980163
-13.6236 0.342419840559159
-13.5961 0.307903044766838
-13.5686 0.271687616956770
-13.541 0.235247013334939
-13.5135 0.199882772207598
-13.486 0.166656673943307
-13.4585 0.136353292248844
-13.431 0.109472187968827
-13.4035 8.624561500356433E-002
-13.376 6.667533143562947E-002
-13.3485 5.058109208202870E-002
-13.3209 3.765355890395067E-002
-13.2934 2.750544257696921E-002
-13.2659 1.971632638654008E-002
-13.2384 1.386845552455958E-002
-13.2109 9.572489993768694E-003
-13.1834 6.483603622732569E-003
-13.1559 4.309259973542976E-003
-13.1284 2.810500325613710E-003
-13.1008 1.798702451716616E-003
-13.0733 1.129613644921201E-003
-13.0458 6.961393041626191E-004
-13.0183 4.209793208951366E-004
-12.9908 2.498241776357623E-004
-12.9633 1.454985676543542E-004
-12.9358 8.319433725696967E-005
-12.9083 4.676897223513955E-005
-12.8808 2.599071891595057E-005
-12.8532 1.457102188929746E-005
-12.8257 8.822772461932382E-006
-12.7982 6.804733244968606E-006
-12.7707 7.848082170168534E-006
-12.7432 1.240398674353662E-005
-12.7157 2.219861691620868E-005
-12.6882 4.073357707795329E-005
-12.6607 7.422599847868594E-005
-12.6331 1.331436237219630E-004
-12.6056 2.345540690467984E-004
-12.5781 4.055679246725329E-004
-12.5506 6.882004084018492E-004
-12.5231 1.145986627608292E-003
-12.4956 1.872634352399449E-003
-12.4681 3.002853089543017E-003
-12.4406 4.725225746749681E-003
-12.413 7.296563231630590E-003
-12.3855 1.105659608270078E-002
-12.358 1.644113708227896E-002
-12.3305 2.399106783561804E-002
-12.303 3.435378866921129E-002
-12.2755 4.827330609670803E-002
-12.248 6.656513223894192E-002
-12.2205 9.007285230768300E-002
-12.1929 0.119604742653263
-12.1654 0.155851240164497
-12.1379 0.199287246586695
-12.1104 0.250066859603021
-12.0829 0.307921609271572
-12.0554 0.372075946037134
-12.0279 0.441194840641822
-12.0004 0.513377302264131
-11.9728 0.586206074231957
-11.9453 0.656857833082595
-11.9178 0.722270503772880
-11.8903 0.779355883331356
-11.8628 0.825238020894289
-11.8353 0.857492178925096
-11.8078 0.874356905294249
-11.7803 0.874893467302588
-11.7527 0.859072617749285
-11.7252 0.827777609574931
-11.6977 0.782723149783861
-11.6702 0.726300822184768
-11.6427 0.661370636352939
-11.6152 0.591024342433438
-11.5877 0.518348167476727
-11.5602 0.446210604247914
-11.5326 0.377095455111049
-11.5051 0.312992669514589
-11.4776 0.255351036543820
-11.4501 0.205088882812585
-11.4226 0.162652663386023
-11.3951 0.128109350839340
-11.3676 0.101256967319445
-11.3401 8.173818959830233E-002
-11.3126 6.914413427861681E-002
-11.285 6.309854063355834E-002
-11.2575 6.331600189091491E-002
-11.23 6.963119652325517E-002
-11.2025 8.199898083784168E-002
-11.175 0.100467644074718
-11.1475 0.125129637536405
-11.12 0.156055749924679
-11.0925 0.193220058849619
-11.0649 0.236424010638135
-11.0374 0.285228545761395
-11.0099 0.338903114391427
-10.9824 0.396399532518487
-10.9549 0.456356797764628
-10.9274 0.517140229012765
-10.8999 0.576914794981276
-10.8724 0.633748599544900
-10.8448 0.685738667179379
-10.8173 0.731147944305277
-10.7898 0.768540288024137
-10.7623 0.796899514508589
-10.7348 0.815719496519784
-10.7073 0.825054783710039
-10.6798 0.825525009012450
-10.6523 0.818271008986929
-10.6247 0.804865590915145
-10.5972 0.787186658099136
-10.5697 0.767264424533262
-10.5422 0.747117264529002
-10.5147 0.728592029568957
-10.4872 0.713224251438966
-10.4597 0.702131534747785
-10.4322 0.695949803549202
-10.4046 0.694817273384655
-10.3771 0.698405612322578
-10.3496 0.705992404174762
-10.3221 0.716564460316500
-10.2946 0.728938416723789
-10.2671 0.741883896523255
-10.2396 0.754235521206700
-10.2121 0.764983056747871
-10.1845 0.773333454272216
-10.157 0.778743662736090
-10.1295 0.780927881405177
-10.102 0.779846462760811
-10.0745 0.775685305159719
-10.047 0.768834031508503
-10.0195 0.759868754756039
-9.99196 0.749541438132716
-9.96445 0.738773713511996
-9.93694 0.728649546192011
-9.90943 0.720399191441297
-9.88191 0.715366985939561
-9.8544 0.714957699913910
-9.82689 0.720560021733889
-9.79938 0.733450472479782
-9.77187 0.754685687217304
-9.74435 0.784994611672768
-9.71684 0.824684021369497
-9.68933 0.873570493138346
-9.66182 0.930949559196566
-9.6343 0.995608630272688
-9.60679 1.06588503883520
-9.57928 1.13976502445654
-9.55177 1.21501446866940
-9.52425 1.28932838310435
-9.49674 1.36048405636209
-9.46923 1.42648260859146
-9.44172 1.48566545016725
-9.41421 1.53679549843145
-9.38669 1.57909747514719
-9.35918 1.61225655881952
-9.33167 1.63637943476321
-9.30416 1.65192576380864
-9.27664 1.65962081049059
-9.24913 1.66036116364933
-9.22162 1.65512509626002
-9.19411 1.64489730212871
-9.1666 1.63061483292884
-9.13908 1.61313746338090
-9.11157 1.59324190605067
-9.08406 1.57163575033786
-9.05655 1.54898414653684
-9.02903 1.52594046514692
-9.00152 1.50317171087858
-8.97401 1.48137050754020
-8.9465 1.46124796796147
-8.91899 1.44350548100835
-8.89147 1.42878790922349
-8.86396 1.41762520616724
-8.83645 1.41037320712162
-8.80894 1.40716649316830
-8.78142 1.40789611748297
-8.75391 1.41222229501127
-8.7264 1.41962704391207
-8.69889 1.42950489732669
-8.67137 1.44128229745242
-8.64386 1.45454953591406
-8.61635 1.46918452201123
-8.58884 1.48544636427194
-8.56133 1.50401930936426
-8.53381 1.52599384374818
-8.5063 1.55278083202938
-8.47879 1.58596494224591
-8.45128 1.62711346856121
-8.42376 1.67756422179197
-8.39625 1.73822004001482
-8.36874 1.80937698937347
-8.34123 1.89060862222377
-8.31372 1.98072066331920
-8.2862 2.07778070249837
-8.25869 2.17921762203923
-8.23118 2.28197719162018
-8.20367 2.38271470020290
-8.17615 2.47800321283529
-8.14864 2.56453693421494
-8.12113 2.63931258142162
-8.09362 2.69977664469188
-8.0661 2.74393190742596
-8.03859 2.77040171462392
-8.01108 2.77845461849523
-7.98357 2.76799490857258
-7.95606 2.73952614036853
-7.92854 2.69409527379088
-7.90103 2.63322465340684
-7.87352 2.55883803961698
-7.84601 2.47318543807322
-7.81849 2.37876976373006
-7.79098 2.27827661617168
-7.76347 2.17450686113691
-7.73596 2.07031054963376
-7.70845 1.96852017100019
-7.68093 1.87188145168392
-7.65342 1.78298086129774
-7.62591 1.70417049946006
-7.5984 1.63749280789278
-7.57088 1.58460921177043
-7.54337 1.54673798757032
-7.51586 1.52460711850572
-7.48835 1.51842750819764
-7.46084 1.52789069908966
-7.43332 1.55219332309566
-7.40581 1.59008811192260
-7.3783 1.63995866388977
-7.35079 1.69991257123937
-7.32327 1.76788524462484
-7.29576 1.84174514415193
-7.26825 1.91939047111056
-7.24074 1.99882799607295
-7.21322 2.07822678965254
-7.18571 2.15594315430994
-7.1582 2.23051768890322
-7.13069 2.30065046710585
-7.10318 2.36516481160255
-7.07566 2.42297302706738
-7.04815 2.47305779471850
-7.02064 2.51448023484887
-6.99313 2.54642006046803
-6.96561 2.56824564829849
-6.9381 2.57960373397103
-6.91059 2.58051161521051
-6.88308 2.57143094975427
-6.85557 2.55330266212143
-6.82805 2.52752744472573
-6.80054 2.49588514482683
-6.77303 2.46039733341447
-6.74552 2.42314833474681
-6.718 2.38608865299228
-6.69049 2.35084921558229
-6.66298 2.31859419542547
-6.63547 2.28993450741824
-6.60796 2.26491457217077
-6.58044 2.24307351365064
-6.55293 2.22357079368550
-6.52542 2.20535734631844
-6.49791 2.18736789161702
-6.47039 2.16870877228735
-6.44288 2.14881802877816
-6.41537 2.12757955245620
-6.38786 2.10537978425252
-6.36034 2.08310236017938
-6.33283 2.06206245496137
-6.30532 2.04388787252193
-6.27781 2.03035809340355
-6.2503 2.02321566235635
-6.22278 2.02396666532351
-6.19527 2.03368864821193
-6.16776 2.05286499516604
-6.14025 2.08126414631694
-6.11273 2.11787966631835
-6.08522 2.16094276736129
-6.05771 2.20801243356368
-6.0302 2.25614019265748
-6.00269 2.30209767446494
-5.97517 2.34264656449225
-5.94766 2.37482374208836
-5.92015 2.39621053755385
-5.89264 2.40515506904254
-5.86512 2.40092090702006
-5.83761 2.38374358117796
-5.8101 2.35478774231391
-5.78259 2.31601060746625
-5.75507 2.26994978765330
-5.72756 2.21946379800804
-5.70005 2.16745981036697
-5.67254 2.11664441393765
-5.64503 2.06932896476747
-5.61751 2.02731207443311
-5.59 1.99184928940795
-5.56249 1.96370604924227
-5.53498 1.94327688353823
-5.50746 1.93074370482530
-5.47995 1.92624065678896
-5.45244 1.92999313942826
-5.42493 1.94240422244707
-5.39742 1.96407158727989
-5.3699 1.99573058159409
-5.34239 2.03813172809878
-5.31488 2.09187195346036
-5.28737 2.15720619288074
-5.25985 2.23386891369437
-5.23234 2.32093336799240
-5.20483 2.41673069444107
-5.17732 2.51884257674372
-5.14981 2.62417153195928
-5.12229 2.72908350609409
-5.09478 2.82960947000921
-5.06727 2.92168688600530
-5.03976 3.00141856749973
-5.01224 3.06532554047735
-4.98473 3.11057177702581
-4.95722 3.13514176392578
-4.92971 3.13795644979883
-4.90219 3.11891886034172
-4.87468 3.07888724056254
-4.84717 3.01958054356434
-4.81966 2.94342785773595
-4.79215 2.85337921576118
-4.76463 2.75269934318080
-4.73712 2.64476752071227
-4.70961 2.53290532984170
-4.6821 2.42024951440689
-4.65458 2.30967993868516
-4.62707 2.20380361150987
-4.59956 2.10498636202174
-4.57205 2.01541558769131
-4.54454 1.93717205159783
-4.51702 1.87228709013204
-4.48951 1.82276426626269
-4.462 1.79055115290704
-4.43449 1.77745648575368
-4.40697 1.78501873524571
-4.37946 1.81434228305204
-4.35195 1.86592500206437
-4.32444 1.93950472006733
-4.29693 2.03395109178678
-4.26941 2.14722394657339
-4.2419 2.27641015999261
-4.21439 2.41784007554722
-4.18688 2.56727335209540
-4.15936 2.72013467122735
-4.13185 2.87177347738457
-4.10434 3.01771969933161
-4.07683 3.15390934270821
-4.04931 3.27685937524544
-4.0218 3.38377932668446
-3.99429 3.47261606754589
-3.96678 3.54203685896766
-3.93927 3.59136274830791
-3.91175 3.62046889797617
-3.88424 3.62967014732584
-3.85673 3.61960916599272
-3.82922 3.59116148393814
-3.8017 3.54536722173011
-3.77419 3.48339429044543
-3.74668 3.40653288980670
-3.71917 3.31621682902242
-3.69166 3.21406383841378
-3.66414 3.10192475785606
-3.63663 2.98193028748104
-3.60912 2.85652383003839
-3.58161 2.72846981969285
-3.55409 2.60082882961072
-3.52658 2.47689369963704
-3.49907 2.36008488970296
-3.47156 2.25380807277120
-3.44404 2.16128225860250
-3.41653 2.08535188547565
-3.38902 2.02830054718928
-3.36151 1.99168648681035
-3.334 1.97621994548996
-3.30648 1.98169947085366
-3.27897 2.00701841059548
-3.25146 2.05024465765343
-3.22395 2.10876742519922
-3.19643 2.17949593160021
-3.16892 2.25908796878117
-3.14141 2.34418275127125
-3.1139 2.43161295263571
-3.08639 2.51857538729881
-3.05887 2.60274750648606
-3.03136 2.68234618558480
-3.00385 2.75613427963533
-2.97634 2.82338729435756
-2.94882 2.88383595623640
-2.92131 2.93759998484906
-2.8938 2.98512442729186
-2.86629 3.02712377703077
-2.83878 3.06453252827699
-2.81126 3.09845561921812
-2.78375 3.13010979450908
-2.75624 3.16074792125510
-2.72873 3.19156247694009
-2.70121 3.22357072771811
-2.6737 3.25749093027526
-2.64619 3.29362448831285
-2.61868 3.33176193409787
-2.59116 3.37113006563799
-2.56365 3.41039351383716
-2.53614 3.44771715663516
-2.50863 3.48088740487466
-2.48112 3.50748197072256
-2.4536 3.52507073195230
-2.42609 3.53142582398154
-2.39858 3.52471773220790
-2.37107 3.50367599563846
-2.34355 3.46769777530040
-2.31604 3.41689424205333
-2.28853 3.35207253637578
-2.26102 3.27465889621623
-2.23351 3.18657540965615
-2.20599 3.09008782583489
-2.17848 2.98764428164309
-2.15097 2.88172434019378
-2.12346 2.77471447600668
-2.09594 2.66882061839959
-2.06843 2.56602151883023
-2.04092 2.46805974027487
-2.01341 2.37646121597610
-1.9859 2.29257061158734
-1.95838 2.21758872426390
-1.93087 2.15259986260743
-1.90336 2.09858099923689
-1.87585 2.05638947838214
-1.84833 2.02673103491776
-1.82082 2.01011380809363
-1.79331 2.00679625808053
-1.7658 2.01673726790832
-1.73828 2.03955557457195
-1.71077 2.07450368301962
-1.68326 2.12045931637028
-1.65575 2.17593581466896
-1.62824 2.23911193775944
-1.60072 2.30788109491953
-1.57321 2.37991967183487
-1.5457 2.45277333891928
-1.51819 2.52395865888590
-1.49067 2.59107497938282
-1.46316 2.65191893285793
-1.43565 2.70459163142021
-1.40814 2.74758769706227
-1.38063 2.77985626712437
-1.35311 2.80082725961006
-1.3256 2.81040106884339
-1.29809 2.80890552217137
-1.27058 2.79702905548389
-1.24306 2.77574235950415
-1.21555 2.74622129394512
-1.18804 2.70978142149607
-1.16053 2.66782962762821
-1.13301 2.62183220366451
-1.1055 2.57329310724208
-1.07799 2.52373247345522
-1.05048 2.47465496884252
-1.02297 2.42750061202495
-0.995454 2.38357666597087
-0.967941 2.34397675455919
-0.940429 2.30950057135616
-0.912917 2.28059245538397
-0.885405 2.25731812541804
-0.857892 2.23939519811270
-0.83038 2.22628499053589
-0.802868 2.21734177740992
-0.775356 2.21200320793813
-0.747843 2.20999448358757
-0.720331 2.21151158744894
-0.692819 2.21734720562048
-0.665307 2.22892789365267
-0.637794 2.24824222475203
-0.610282 2.27765561875428
-0.58277 2.31962581901328
-0.555257 2.37635051624327
-0.527745 2.44939233303304
-0.500233 2.53933371570291
-0.472721 2.64551366332810
-0.445208 2.76588940109875
-0.417696 2.89705022181443
-0.390184 3.03439016018488
-0.362672 3.17242416382386
-0.335159 3.30521250926122
-0.307647 3.42684357686525
-0.280135 3.53191803525232
-0.252623 3.61597896413828
-0.22511 3.67584194924705
-0.197598 3.70979483105341
-0.170086 3.71765571385668
-0.142574 3.70069676158276
-0.115061 3.66145716198808
-0.087549 3.60347915997359
-0.0600368 3.53100513815016
-0.0325245 3.44867153513229
-0.00501226 3.36122823957582
0.0225 3.27330202593727
0.0500123 3.18921189815734
0.0775245 3.11283492306442
0.105037 3.04751467965161
0.132549 2.99600141406836
0.160061 2.96041315625232
0.187574 2.94220958987262
0.215086 2.94217422165944
0.242598 2.96040421694042
0.27011 2.99631025968574
0.297623 3.04863046596365
0.325135 3.11546266204320
0.352647 3.19431850024287
0.380159 3.28220137362058
0.407672 3.37570835881518
0.435184 3.47115478837575
0.462696 3.56471865174689
0.490208 3.65260077618881
0.517721 3.73119545793584
0.545233 3.79726471614952
0.572745 3.84810757055297
0.600257 3.88171385404084
0.62777 3.89689045286069
0.655282 3.89334708017549
0.682794 3.87172933501522
0.710307 3.83358934529919
0.737819 3.78128890458322
0.765331 3.71783642967750
0.792843 3.64666658423616
0.820356 3.57137896010494
0.847868 3.49545852851670
0.87538 3.42200447443698
0.902892 3.35349463365396
0.930405 3.29160970800333
0.957917 3.23713500667312
0.985429 3.18994851585328
1.01294 3.14909394807170
1.04045 3.11292758513144
1.06797 3.07931964786680
1.09548 3.04588571105450
1.12299 3.01022192628319
1.1505 2.97011952781042
1.17801 2.92373874881920
1.20553 2.86972895085116
1.23304 2.80728936212957
1.26055 2.73617224259131
1.28806 2.65663663728561
1.31558 2.56936551410973
1.34309 2.47536167411278
1.3706 2.37583830643673
1.39811 2.27211857734159
1.42563 2.16555549040528
1.45314 2.05747885242865
1.48065 1.94917105794136
1.50816 1.84186819942829
1.53567 1.73677843011806
1.56319 1.63510626612785
1.5907 1.53807022220242
1.61821 1.44690219383157
1.64572 1.36282032562789
1.67324 1.28697230730809
1.70075 1.22035227407131
1.72826 1.16370063812652
1.75577 1.11740105366170
1.78328 1.08139130696526
1.8108 1.05510461604733
1.83831 1.03745455439537
1.86582 1.02687108759549
1.89333 1.02138800900472
1.92085 1.01877463485670
1.94836 1.01669824452102
1.97587 1.01289947576785
2.00338 1.00536133957672
2.0309 0.992453825818171
2.05841 0.973039853893328
2.08592 0.946533814635031
2.11343 0.912910166123085
2.14094 0.872665478102225
2.16846 0.826742115757435
2.19597 0.776424850831356
2.22348 0.723222877278922
2.25099 0.668749127442195
2.27851 0.614606847584461
2.30602 0.562290676297059
2.33353 0.513106584805726
2.36104 0.468112501345658
2.38855 0.428079585592598
2.41607 0.393473049543098
2.44358 0.364451027571013
2.47109 0.340880012404514
2.4986 0.322365461270282
2.52612 0.308296038849237
2.55363 0.297899424831814
2.58114 0.290306671214728
2.60865 0.284620922405780
2.63616 0.279985215868635
2.66368 0.275643418475257
2.69119 0.270988431754125
2.7187 0.265592788096390
2.74621 0.259218634670934
2.77373 0.251806630825542
2.80124 0.243446069293418
2.82875 0.234331085998710
2.85626 0.224709678596215
2.88378 0.214833059347400
2.91129 0.204912467841856
2.9388 0.195089037043092
2.96631 0.185419929647991
2.99382 0.175881181340086
3.02134 0.166385005210632
3.04885 0.156807189558496
3.07636 0.147018992907232
3.10387 0.136917752385862
3.13139 0.126451219045413
3.1589 0.115632184426672
3.18641 0.104541918773155
3.21392 9.332291682481599E-002
3.24143 8.216309665402924E-002
3.26895 7.127467710811905E-002
3.29646 6.087136257531665E-002
3.32397 5.114722043942570E-002
3.35148 4.225988917268513E-002
3.379 3.431971334348313E-002
3.40651 2.738529202720546E-002
3.43402 2.146494606595610E-002
3.46153 1.652289340328042E-002
3.48904 1.248853226322040E-002
3.51656 9.267161110557427E-003
3.54407 6.750650917378755E-003
3.57158 4.826938584130831E-003
3.59909 3.387633985468255E-003
3.62661 2.333443780000818E-003
3.65412 1.577454220066726E-003
3.68163 1.046552348864060E-003
3.70914 6.813952570773465E-004
3.73666 4.353742449003890E-004
3.76417 2.729890272637714E-004
3.79168 1.679736888996643E-004
3.81919 1.014254274997140E-004
3.8467 6.009782258876382E-005
3.87422 3.494414395529243E-005
3.90173 1.993847174105138E-005
3.92924 1.116373604319185E-005
3.95675 6.133752568352217E-006
3.98427 3.307051650237012E-006
4.01178 1.749657203642364E-006
4.03929 9.083675714688529E-007
4.0668 4.627713411311683E-007
4.09431 2.313487146328582E-007
4.12183 1.134914706488904E-007
4.14934 5.463294483921011E-008
4.17685 2.580721025264741E-008
4.20436 1.196251257280139E-008
4.23188 5.441248269717845E-009
4.25939 2.428674575577321E-009
4.2869 1.063738082698624E-009
4.31441 4.571876297682076E-010
4.34193 1.928186346483382E-010
4.36944 7.979907002114012E-011
4.39695 3.240712684099076E-011
4.42446 1.291450317996920E-011
4.45197 5.050202877415755E-012
4.47949 1.937894397903428E-012
4.507 7.297281810932088E-013
4.53451 2.696823883999167E-013
4.56202 9.775166787129308E-014
4.58954 3.473827128730456E-014
4.61705 1.216583257745985E-014
4.64456 4.129671864888662E-015
4.67207 1.412498590314115E-015
4.69958 4.570454258112644E-016
4.7271 1.075528555105620E-016
4.75461 6.830473686658678E-017
4.78212 0.000000000000000E+000
4.80963 0.000000000000000E+000
4.83715 0.000000000000000E+000
4.86466 0.000000000000000E+000
4.89217 0.000000000000000E+000
4.91968 0.000000000000000E+000
4.94719 0.000000000000000E+000
4.97471 0.000000000000000E+000
5.00222 0.000000000000000E+000
5.02973 0.000000000000000E+000
5.05724 0.000000000000000E+000
