  -25.2812438692098       0.000000000000000E+000  0.000000000000000E+000
  -25.2537316076294       0.000000000000000E+000  0.000000000000000E+000
  -25.2262193460490       0.000000000000000E+000  0.000000000000000E+000
  -25.1987070844687       0.000000000000000E+000  0.000000000000000E+000
  -25.1711948228883       0.000000000000000E+000  0.000000000000000E+000
  -25.1436825613079       0.000000000000000E+000  0.000000000000000E+000
  -25.1161702997275       0.000000000000000E+000  0.000000000000000E+000
  -25.0886580381471       0.000000000000000E+000  0.000000000000000E+000
  -25.0611457765668       0.000000000000000E+000  0.000000000000000E+000
  -25.0336335149864       0.000000000000000E+000  0.000000000000000E+000
  -25.0061212534060       0.000000000000000E+000  0.000000000000000E+000
  -24.9786089918256       2.213355343960040E-016  2.213355343960040E-016
  -24.9510967302452       4.934658105014553E-016  7.148013448974594E-016
  -24.9235844686648       1.415174779317611E-015  2.129976124215071E-015
  -24.8960722070845       4.384291343001862E-015  6.514267467216932E-015
  -24.8685599455041       1.322128481239937E-014  1.973555227961630E-014
  -24.8410476839237       3.891522596075945E-014  5.865077824037576E-014
  -24.8135354223433       1.116228629478251E-013  1.702736411882009E-013
  -24.7860231607629       3.148987861330127E-013  4.851724273212136E-013
  -24.7585108991826       8.722363186443176E-013  1.357408745965531E-012
  -24.7309986376022       2.369149825438609E-012  3.726558571404140E-012
  -24.7034863760218       6.315349960672163E-012  1.004190853207630E-011
  -24.6759741144414       1.651930661603926E-011  2.656121514811556E-011
  -24.6484618528610       4.240192282753008E-011  6.896313797564565E-011
  -24.6209495912807       1.068017521817502E-010  1.757648901573959E-010
  -24.5934373297003       2.639779697339996E-010  4.397428598913954E-010
  -24.5659250681199       6.402578719068849E-010  1.080000731798280E-009
  -24.5384128065395       1.523841592019655E-009  2.603842323817936E-009
  -24.5109005449591       3.558953548192594E-009  6.162795872010530E-009
  -24.4833882833787       8.156473311938823E-009  1.431926918394935E-008
  -24.4558760217984       1.834341503835507E-008  3.266268422230442E-008
  -24.4283637602180       4.048141048434559E-008  7.314409470665000E-008
  -24.4008514986376       8.766551174718485E-008  1.608096064538348E-007
  -24.3733392370572       1.862943198555993E-007  3.471039263094341E-007
  -24.3458269754768       3.884795606719677E-007  7.355834869814018E-007
  -24.3183147138965       7.949402164669917E-007  1.530523703448394E-006
  -24.2908024523161       1.596241181874505E-006  3.126764885322898E-006
  -24.2632901907357       3.145287250053024E-006  6.272052135375922E-006
  -24.2357779291553       6.081628557272627E-006  1.235368069264855E-005
  -24.2082656675749       1.153924129026651E-005  2.389292198291506E-005
  -24.1807534059946       2.148485444782113E-005  4.537777643073620E-005
  -24.1532411444142       3.925413270795166E-005  8.463190913868786E-005
  -24.1257288828338       7.037787949700910E-005  1.550097886356970E-004
  -24.0982166212534       1.238182892186038E-004  2.788280778543008E-004
  -24.0707043596730       2.137623729818323E-004  4.925904508361331E-004
  -24.0431920980926       3.621392312502689E-004  8.547296820864019E-004
  -24.0156798365123       6.020294665564617E-004  1.456759148642864E-003
  -23.9881675749319       9.821047015305651E-004  2.438863850173429E-003
  -23.9606553133515       1.572156257005769E-003  4.011020107179198E-003
  -23.9331430517711       2.469627835768398E-003  6.480647942947596E-003
  -23.9056307901907       3.806845108983032E-003  1.028749305193063E-002
  -23.8781185286104       5.758333337155170E-003  1.604582638908580E-002
  -23.8506062670300       8.547247957375657E-003  2.459307434646146E-002
  -23.8230940054496       1.244955185884246E-002  3.704262620530391E-002
  -23.7955817438692       1.779422410526103E-002  5.483685031056494E-002
  -23.7680694822888       2.495757149774703E-002  7.979442180831196E-002
  -23.7405572207084       3.434974631444246E-002  0.114144168122754     
  -23.7130449591281       4.639195786493891E-002  0.160536125987693     
  -23.6855326975477       6.148367924776978E-002  0.222019805235463     
  -23.6580204359673       7.996040943653296E-002  0.301980214671996     
  -23.6305081743869       0.102044179764248       0.404024394436244     
  -23.6029959128065       0.127790811193171       0.531815205629415     
  -23.5754836512262       0.157039650092740       0.688854855722154     
  -23.5479713896458       0.189372780819482       0.878227636541636     
  -23.5204591280654       0.224091168003299        1.10231880454494     
  -23.4929468664850       0.260214524745904        1.36253332929084     
  -23.4654346049046       0.296509794175320        1.65904312346616     
  -23.4379223433242       0.331550052735177        1.99059317620134     
  -23.4104100817439       0.363801727768623        2.35439490396996     
  -23.3828978201635       0.391733829457054        2.74612873342701     
  -23.3553855585831       0.413939130804857        3.16006786423187     
  -23.3278732970027       0.429254603772734        3.58932246800460     
  -23.3003610354223       0.436867509375478        4.02618997738008     
  -23.2728487738420       0.436394641328318        4.46258461870840     
  -23.2453365122616       0.427925268112909        4.89050988682131     
  -23.2178242506812       0.412022862068957        5.30253274889026     
  -23.1903119891008       0.389685998082676        5.69221874697294     
  -23.1627997275204       0.362273942318205        6.05449268929114     
  -23.1352874659401       0.331406553669176        6.38589924296032     
  -23.1077752043597       0.298850516361857        6.68474975932218     
  -23.0802629427793       0.266404285841512        6.95115404516369     
  -23.0527506811989       0.235792541299763        7.18694658646345     
  -23.0252384196185       0.208577852716786        7.39552443918024     
  -22.9977261580381       0.186093411269020        7.58161785044926     
  -22.9702138964578       0.169396868397663        7.75101471884692     
  -22.9427016348774       0.159242338549982        7.91025705739690     
  -22.9151893732970       0.156065976011224        8.06632303340813     
  -22.8876771117166       0.159980443836079        8.22630347724420     
  -22.8601648501362       0.170774904039060        8.39707838128327     
  -22.8326525885559       0.187919413713110        8.58499779499638     
  -22.8051403269755       0.210575148438359        8.79557294343473     
  -22.7776280653951       0.237613971199966        9.03318691463470     
  -22.7501158038147       0.267651899990803        9.30083881462550     
  -22.7226035422343       0.299100614267205        9.59993942889271     
  -22.6950912806540       0.330239219555997        9.93017864844871     
  -22.6675790190736       0.359305351082976        10.2894839995317     
  -22.6400667574932       0.384600932323741        10.6740849318554     
  -22.6125544959128       0.404604288589095        11.0786892204445     
  -22.5850422343324       0.418077648593994        11.4967668690385     
  -22.5575299727520       0.424157998622232        11.9209248676607     
  -22.5300177111717       0.422420138392541        12.3433450060533     
  -22.5025054495913       0.412903596290103        12.7562486023434     
  -22.4749931880109       0.396099378420989        13.1523479807644     
  -22.4474809264305       0.372897629090237        13.5252456098546     
  -22.4199686648501       0.344502290576190        13.8697479004308     
  -22.3924564032698       0.312322912969769        14.1820708134006     
  -22.3649441416894       0.277856223447530        14.4599270368481     
  -22.3374318801090       0.242570583425653        14.7024976202738     
  -22.3099196185286       0.207805077027211        14.9103026973010     
  -22.2824073569482       0.174692058260367        15.0849947555613     
  -22.2548950953678       0.144108146480756        15.2291029020421     
  -22.2273828337875       0.116654604427370        15.3457575064695     
  -22.1998705722071       9.266441481582169E-002   15.4384219212853     
  -22.1723583106267       7.223067833723744E-002   15.5106525996225     
  -22.1448460490463       5.524944386057731E-002   15.5659020434831     
  -22.1173337874659       4.146976540658245E-002   15.6073718088897     
  -22.0898215258856       3.054447429105618E-002   15.6379162831807     
  -22.0623092643052       2.207654508004948E-002   15.6599928282608     
  -22.0347970027248       1.565766205214682E-002   15.6756504903129     
  -22.0072847411444       1.089732878827254E-002   15.6865478191012     
  -21.9797724795640       7.442357148618858E-003   15.6939901762498     
  -21.9522602179836       4.987676261471875E-003   15.6989778525113     
  -21.9247479564033       3.280071307132193E-003   15.7022579238184     
  -21.8972356948229       2.116730540336757E-003   15.7043746543588     
  -21.8697234332425       1.340433001739387E-003   15.7057150873605     
  -21.8422111716621       8.329556441293035E-004   15.7065480430046     
  -21.8146989100817       5.079206257405766E-004   15.7070559636304     
  -21.7871866485014       3.039254128534033E-004   15.7073598890432     
  -21.7596743869210       1.784577270074783E-004   15.7075383467702     
  -21.7321621253406       1.028255078847767E-004   15.7076411722781     
  -21.7046498637602       5.813846352552499E-005   15.7076993107416     
  -21.6771376021798       3.225696956260797E-005   15.7077315677112     
  -21.6496253405995       1.756231102945224E-005   15.7077491300222     
  -21.6221130790191       9.382994584615449E-006   15.7077585130168     
  -21.5946008174387       4.919488391789678E-006   15.7077634325052     
  -21.5670885558583       2.531607942279389E-006   15.7077659641132     
  -21.5395762942779       1.279798113844536E-006   15.7077672439113     
  -21.5120640326975       6.380817380081908E-007   15.7077678819930     
  -21.4845517711172       3.194723357160368E-007   15.7077682014653     
  -21.4570395095368       1.731056856691174E-007   15.7077683745710     
  -21.4295272479564       1.263336389227558E-007   15.7077685009047     
  -21.4020149863760       1.552741497969343E-007   15.7077686561788     
  -21.3745027247956       2.748190286417273E-007   15.7077689309978     
  -21.3469904632153       5.449279126104953E-007   15.7077694759258     
  -21.3194782016349       1.095236638440756E-006   15.7077705711624     
  -21.2919659400545       2.175621907354279E-006   15.7077727467843     
  -21.2644536784741       4.247446264223353E-006   15.7077769942306     
  -21.2369414168937       8.139833222552974E-006   15.7077851340638     
  -21.2094291553134       1.530853259141244E-005   15.7078004425964     
  -21.1819168937330       2.825257024556797E-005   15.7078286951666     
  -21.1544046321526       5.116624858073590E-005   15.7078798614152     
  -21.1268923705722       9.093044785505073E-005   15.7079707918631     
  -21.0993801089918       1.585751096943270E-004   15.7081293669728     
  -21.0718678474114       2.713692467256536E-004   15.7084007362195     
  -21.0443555858311       4.557075006175957E-004   15.7088564437201     
  -21.0168433242507       7.509511599220473E-004   15.7096073948800     
  -20.9893310626703       1.214331347262506E-003   15.7108217262273     
  -20.9618188010899       1.926915846559375E-003   15.7127486420738     
  -20.9343065395095       3.000463502594625E-003   15.7157491055764     
  -20.9067942779292       4.584732862836690E-003   15.7203338384393     
  -20.8792820163488       6.874479787958998E-003   15.7272083182272     
  -20.8517697547684       1.011499767822359E-002   15.7373233159055     
  -20.8242574931880       1.460467536020467E-002   15.7519279912657     
  -20.7967452316076       2.069275079914996E-002   15.7726207420648     
  -20.7692329700272       2.877032540521116E-002   15.8013910674700     
  -20.7417207084469       3.925288420652631E-002   15.8406439516766     
  -20.7142084468665       5.255313772051955E-002   15.8931970893971     
  -20.6866961852861       6.904401413655641E-002   15.9622411035336     
  -20.6591839237057       8.901306254751573E-002   16.0512541660811     
  -20.6316716621253       0.112611257269387        16.1638654233505     
  -20.6041594005450       0.139800990375359        16.3036664137259     
  -20.5766471389646       0.170309584376599        16.4739759981025     
  -20.5491348773842       0.203595583678177        16.6775715817807     
  -20.5216226158038       0.238835050582887        16.9164066323636     
  -20.4941103542234       0.274933866119608        17.1913404984832     
  -20.4665980926431       0.310569572303729        17.5019100707869     
  -20.4390858310627       0.344262785013895        17.8461728558008     
  -20.4115735694823       0.374474095757959        18.2206469515587     
  -20.3840613079019       0.399718300784768        18.6203652523435     
  -20.3565490463215       0.418684470069716        19.0390497224132     
  -20.3290367847411       0.430348465225900        19.4693981876391     
  -20.3015245231608       0.434064500727775        19.9034626883669     
  -20.2740122615804       0.429624363786483        20.3330870521534     
  -20.2465000000000       0.417276737185031        20.7503637893384     
  -20.2189877384196       0.397704130135627        21.1480679194741     
  -20.1914754768392       0.371960394599584        21.5200283140736     
  -20.1639632152589       0.341376785859160        21.8614050999328     
  -20.1364509536785       0.307448212162660        22.1688533120955     
  -20.1089386920981       0.271713160766811        22.4405664728623     
  -20.0814264305177       0.235640592789060        22.6762070656513     
  -20.0539141689373       0.200535045702106        22.8767421113534     
  -20.0264019073569       0.167467759981001        23.0442098713344     
  -19.9988896457766       0.137237534936980        23.1814474062714     
  -19.9713773841962       0.110360938455912        23.2918083447273     
  -19.9438651226158       8.708806696108530E-002   23.3788964116884     
  -19.9163528610354       6.743769490541494E-002   23.4463341065938     
  -19.8888405994550       5.124453936781963E-002   23.4975786459616     
  -19.8613283378747       3.821142989514718E-002   23.5357900758568     
  -19.8338160762943       2.796017039031529E-002   23.5637502462471     
  -19.8063038147139       2.007646168289486E-002   23.5838267079300     
  -19.7787915531335       1.414605619362034E-002   23.5979727641236     
  -19.7512792915531       9.781026483629744E-003   23.6077537906073     
  -19.7237670299728       6.636427411487032E-003   23.6143902180187     
  -19.6962547683924       4.418604453397881E-003   23.6188088224721     
  -19.6687425068120       2.886933450360512E-003   23.6216957559225     
  -19.6412302452316       1.850927012434495E-003   23.6235466829349     
  -19.6137179836512       1.164508581950242E-003   23.6247111915169     
  -19.5862057220708       7.189471686420295E-004   23.6254301386855     
  -19.5586934604905       4.355641796135284E-004   23.6258657028651     
  -19.5311811989101       2.589454373254040E-004   23.6261246483025     
  -19.5036689373297       1.510655479399849E-004   23.6262757138504     
  -19.4761566757493       8.648170164460391E-005   23.6263621955520     
  -19.4486444141689       4.858331020049285E-005   23.6264107788622     
  -19.4211321525886       2.678333472872101E-005   23.6264375621970     
  -19.3936198910082       1.449114348590942E-005   23.6264520533405     
  -19.3661076294278       7.698373297137989E-006   23.6264597517138     
  -19.3385953678474       4.023521661922816E-006   23.6264637752354     
  -19.3110831062670       2.086233484092820E-006   23.6264658614689     
  -19.2835708446866       1.110536871785095E-006   23.6264669720058     
  -19.2560585831063       6.829813818519144E-007   23.6264676549872     
  -19.2285463215259       6.146335269317331E-007   23.6264682696207     
  -19.2010340599455       8.748376707945560E-007   23.6264691444584     
  -19.1735217983651       1.580296941207755E-006   23.6264707247553     
  -19.1460095367847       3.036714863216801E-006   23.6264737614702     
  -19.1184972752044       5.843587174134346E-006   23.6264796050573     
  -19.0909850136240       1.108741488197115E-005   23.6264906924722     
  -19.0634727520436       2.066612910663485E-005   23.6265113586013     
  -19.0359604904632       3.780893651229348E-005   23.6265491675378     
  -19.0084482288828       6.788130999040060E-005   23.6266170488478     
  -18.9809359673025       1.195932028283511E-004   23.6267366420507     
  -18.9534237057221       2.067562823403296E-004   23.6269433983330     
  -18.9259114441417       3.507565706629342E-004   23.6272941549037     
  -18.8983991825613       5.839122216172773E-004   23.6278780671253     
  -18.8708869209809       9.538584248224343E-004   23.6288319255501     
  -18.8433746594005       1.529026025282846E-003   23.6303609515754     
  -18.8158623978202       2.405140473020745E-003   23.6327660920484     
  -18.7883501362398       3.712450205444558E-003   23.6364785422538     
  -18.7608378746594       5.623095505700883E-003   23.6421016377595     
  -18.7333256130790       8.357664328537594E-003   23.6504593020881     
  -18.7058133514986       1.218958838141990E-002   23.6626488904695     
  -18.6783010899183       1.744567659832868E-002   23.6800945670678     
  -18.6507888283379       2.450085632869704E-002   23.7045954233965     
  -18.6232765667575       3.376520474329144E-002   23.7383606281398     
  -18.5957643051771       4.566171266338519E-002   23.7840223408032     
  -18.5682520435967       6.059401065178646E-002   23.8446163514550     
  -18.5407397820163       7.890452335908212E-002   23.9235208748141     
  -18.5132275204360       0.100825134178656        24.0243460089927     
  -18.4857152588556       0.126424262454515        24.1507702714473     
  -18.4582029972752       0.155555999755258        24.3063262712025     
  -18.4306907356948       0.187818266087406        24.4941445372899     
  -18.4031784741144       0.222527462081488        24.7166719993714     
  -18.3756662125341       0.258716504338922        24.9753885037103     
  -18.3481539509537       0.295161283542975        25.2705497872533     
  -18.3206416893733       0.330437544174310        25.6009873314276     
  -18.2931294277929       0.363006269384299        25.9639936008119     
  -18.2656171662125       0.391321415349034        26.3553150161609     
  -18.2381049046322       0.413949978748858        26.7692649949098     
  -18.2105926430518       0.429691624841857        27.1989566197517     
  -18.1830803814714       0.437684049684792        27.6366406694364     
  -18.1555681198910       0.437481228144121        28.0741218975806     
  -18.1280558583106       0.429094679059361        28.5032165766399     
  -18.1005435967302       0.412992452159648        28.9162090287996     
  -18.0730313351499       0.390055988322112        29.3062650171217     
  -18.0455190735695       0.361500431841214        29.6677654489629     
  -18.0180068119891       0.328768491530855        29.9965339404938     
  -17.9904945504087       0.293410849670609        30.2899447901644     
  -17.9629822888283       0.256967013522887        30.5469118036873     
  -17.9354700272480       0.220859380967549        30.7677711846548     
  -17.9079577656676       0.186310493024827        30.9540816776796     
  -17.8804455040872       0.154289574677517        31.1083712523571     
  -17.8529332425068       0.125490242091102        31.2338614944482     
  -17.8254209809264       0.100337365540009        31.3341988599883     
  -17.7979087193460       7.901804901509039E-002   31.4132169090033     
  -17.7703964577657       6.152980911807886E-002   31.4747467181214     
  -17.7428841961853       4.773834518370471E-002   31.5224850633051     
  -17.7153719346049       3.743761543972524E-002   31.5599226787449     
  -17.6878596730245       3.040596220192925E-002   31.5903286409468     
  -17.6603474114441       2.645341313689036E-002   31.6167820540837     
  -17.6328351498638       2.545671983383567E-002   31.6422387739175     
  -17.6053228882834       2.737997732760675E-002   31.6696187512451     
  -17.5778106267030       3.227972585732754E-002   31.7018984771024     
  -17.5502983651226       4.029431483126735E-002   31.7421927919337     
  -17.5227861035422       5.161813343254553E-002   31.7938109253663     
  -17.4952738419619       6.646222797913168E-002   31.8602731533454     
  -17.4677615803815       8.500393642494317E-002   31.9452770897703     
  -17.4402493188011       0.107329483788279        32.0526065735586     
  -17.4127370572207       0.133374882653977        32.1859814562126     
  -17.3852247956403       0.162871731758097        32.3488531879707     
  -17.3577125340599       0.195305280391716        32.5441584683624     
  -17.3302002724796       0.229892089803338        32.7740505581657     
  -17.3026880108992       0.265583512048265        33.0396340702140     
  -17.2751757493188       0.301098921581311        33.3407329917953     
  -17.2476634877384       0.334989302627604        33.6757222944229     
  -17.2201512261580       0.365727791140069        34.0414500855630     
  -17.1926389645777       0.391819679512405        34.4332697650754     
  -17.1651267029973       0.411920916220744        34.8451906812961     
  -17.1376144414169       0.424951951109964        35.2701426324061     
  -17.1101021798365       0.430193399484068        35.7003360318902     
  -17.0825899182561       0.427351637230712        36.1276876691209     
  -17.0550776566757       0.416585941684985        36.5442736108059     
  -17.0275653950954       0.398493648526513        36.9427672593324     
  -17.0000531335150       0.374055225831315        37.3168224851637     
  -16.9725408719346       0.344546278742306        37.6613687639060     
  -16.9450286103542       0.311427461619854        37.9727962255258     
  -16.9175163487738       0.276225486052005        38.2490217115778     
  -16.8900040871935       0.240418608564708        38.4894403201426     
  -16.8624918256131       0.205338270069103        38.6947785902117     
  -16.8349795640327       0.172095375083747        38.8668739652954     
  -16.8074673024523       0.141535692484633        39.0084096577800     
  -16.7799550408719       0.114224750199460        39.1226344079795     
  -16.7524427792916       9.045902880384160E-002   39.2130934367833     
  -16.7249305177112       7.029769381906684E-002   39.2833911306024     
  -16.6974182561308       5.360776242607070E-002   39.3369988930285     
  -16.6699059945504       4.011545473297541E-002   39.3771143477615     
  -16.6423937329700       2.945731688893344E-002   39.4065716646504     
  -16.6148814713896       2.122619121886956E-002   39.4277978558693     
  -16.5873692098093       1.500888280165349E-002   39.4428067386709     
  -16.5598569482289       1.041410755174222E-002   39.4532208462226     
  -16.5323446866485       7.090765743462089E-003   39.4603116119661     
  -16.5048324250681       4.737634941112259E-003   39.4650492469072     
  -16.4773201634877       3.106185673234486E-003   39.4681554325805     
  -16.4498079019074       1.998437558169879E-003   39.4701538701386     
  -16.4222956403270       1.261685444802337E-003   39.4714155555834     
  -16.3947833787466       7.816438737741429E-004   39.4721971994572     
  -16.3672711171662       4.751864802509339E-004   39.4726723859375     
  -16.3397588555858       2.834761469042013E-004   39.4729558620844     
  -16.3122465940055       1.659457940110495E-004   39.4731218078784     
  -16.2847343324251       9.532641178361373E-005   39.4732171342902     
  -16.2572220708447       5.373502989740526E-005   39.4732708693200     
  -16.2297098092643       2.972343383057723E-005   39.4733005927539     
  -16.2021975476839       1.613383777579797E-005   39.4733167265917     
  -16.1746852861035       8.593569521022487E-006   39.4733253201612     
  -16.1471730245232       4.491658096327232E-006   39.4733298118193     
  -16.1196607629428       2.303758554028493E-006   39.4733321155778     
  -16.0921485013624       1.159483086692126E-006   39.4733332750609     
  -16.0646362397820       5.726499372687707E-007   39.4733338477108     
  -16.0371239782016       2.775315308040729E-007   39.4733341252424     
  -16.0096117166213       1.319894959140738E-007   39.4733342572319     
  -15.9820994550409       6.160306536964581E-008   39.4733343188349     
  -15.9545871934605       2.822819266327529E-008   39.4733343470631     
  -15.9270749318801       1.272954184699779E-008   39.4733343597927     
  -15.8995626702997       5.724799579201134E-009   39.4733343655175     
  -15.8720504087193       2.751465692086338E-009   39.4733343682689     
  -15.8445381471390       1.830361988139212E-009   39.4733343700993     
  -15.8170258855586       2.330900739987477E-009   39.4733343724302     
  -15.7895136239782       4.598378643141878E-009   39.4733343770286     
  -15.7620013623978       1.015986964179886E-008   39.4733343871885     
  -15.7344891008174       2.261113372975394E-008   39.4733344097996     
  -15.7069768392371       4.961274854084239E-008   39.4733344594123     
  -15.6794645776567       1.069102383257506E-007   39.4733345663226     
  -15.6519523160763       2.261013629255088E-007   39.4733347924239     
  -15.6244400544959       4.692374147525888E-007   39.4733352616614     
  -15.5969277929155       9.556051227419593E-007   39.4733362172665     
  -15.5694155313351       1.909673340651033E-006   39.4733381269398     
  -15.5419032697548       3.744848159702127E-006   39.4733418717880     
  -15.5143910081744       7.206158644212676E-006   39.4733490779466     
  -15.4868787465940       1.360717307708322E-005   39.4733626851197     
  -15.4593664850136       2.521311453459904E-005   39.4733878982342     
  -15.4318542234332       4.584369313145517E-005   39.4734337419274     
  -15.4043419618529       8.179508789032955E-005   39.4735155370152     
  -15.3768297002725       1.432086960303295E-004   39.4736587457113     
  -15.3493174386921       2.460402224593229E-004   39.4739047859337     
  -15.3218051771117       4.147987112954321E-004   39.4743195846450     
  -15.2942929155313       6.862198320413478E-004   39.4750058044771     
  -15.2667806539510       1.113996236072389E-003   39.4761198007131     
  -15.2392683923706       1.774593085738363E-003   39.4778943937989     
  -15.2117561307902       2.774012805083327E-003   39.4806684066040     
  -15.1842438692098       4.255129324097073E-003   39.4849235359281     
  -15.1567316076294       6.404890413403665E-003   39.4913284263415     
  -15.1292193460490       9.460308329068442E-003   39.5007887346705     
  -15.1017070844687       1.371177058346978E-002   39.5145005052540     
  -15.0741948228883       1.950187898984288E-002   39.5340023842439     
  -15.0466825613079       2.721786539601476E-002   39.5612202496399     
  -15.0191702997275       3.727574819599117E-002   39.5984959978359     
  -14.9916580381471       5.009488705335922E-002   39.6485908848892     
  -14.9641457765668       6.606252832069305E-002   39.7146534132099     
  -14.9366335149864       8.548930447014969E-002   39.8001427176801     
  -14.9091212534060       0.108558354993863        39.9087010726739     
  -14.8816089918256       0.135272562720201        40.0439736353941     
  -14.8540967302452       0.165406040311091        40.2093796757052     
  -14.8265844686648       0.198467091681117        40.4078467673863     
  -14.7990722070845       0.233680056528448        40.6415268239148     
  -14.7715599455041       0.269992460387803        40.9115192843026     
  -14.7440476839237       0.306111650546818        41.2176309348494     
  -14.7165354223433       0.340571748149218        41.5582026829986     
  -14.6890231607629       0.371827688478726        41.9300303714774     
  -14.6615108991826       0.398368964486148        42.3283993359635     
  -14.6339986376022       0.418842154462680        42.7472414904262     
  -14.6064863760218       0.432169096464081        43.1794105868903     
  -14.5789741144414       0.437647182312689        43.6170577692029     
  -14.5514618528610       0.435019887234978        44.0520776564379     
  -14.5239495912807       0.424509154700385        44.4765868111383     
  -14.4964373297003       0.406806081614693        44.8833928927530     
  -14.4689250681199       0.383021688310680        45.2664145810637     
  -14.4414128065395       0.354604492396575        45.6210190734603     
  -14.4139005449591       0.323235296255670        45.9442543697159     
  -14.3863882833787       0.290711458827852        46.2349658285438     
  -14.3588760217984       0.258832738655512        46.4937985671993     
  -14.3313637602180       0.229298759427226        46.7230973266265     
  -14.3038514986376       0.203624807166514        46.9267221337930     
  -14.2763392370572       0.183078790838539        47.1098009246316     
  -14.2488269754768       0.168638610313817        47.2784395349454     
  -14.2213147138965       0.160966580150913        47.4394061150963     
  -14.1938024523161       0.160396392908903        47.5998025080052     
  -14.1662901907357       0.166928464675212        47.7667309726804     
  -14.1387779291553       0.180231130141703        47.9469621028221     
  -14.1112656675749       0.199647503326549        48.1466096061486     
  -14.0837534059945       0.224210192705961        48.3708197988546     
  -14.0562411444142       0.252667753308987        48.6234875521636     
  -14.0287288828338       0.283527224048760        48.9070147762123     
  -14.0012166212534       0.315116065725802        49.2221308419382     
  -13.9737043596730       0.345664360272570        49.5677952022107     
  -13.9461920980926       0.373404674305690        49.9411998765164     
  -13.9186798365123       0.396683213636144        50.3378830901526     
  -13.8911675749319       0.414072608710382        50.7519556988629     
  -13.8636553133515       0.424474634931654        51.1764303337946     
  -13.8361430517711       0.427200930572875        51.6036312643675     
  -13.8086307901907       0.422021528837815        52.0256527932053     
  -13.7811185286104       0.409174571572220        52.4348273647775     
  -13.7536062670300       0.389335356694970        52.8241627214725     
  -13.7260940054496       0.363548074688009        53.1877107961605     
  -13.6985817438692       0.333128314458982        53.5208391106195     
  -13.6710694822888       0.299547871592426        53.8203869822119     
  -13.6435572207084       0.264315039126591        54.0847020213385     
  -13.6160449591281       0.228863224759820        54.3135652460983     
  -13.5885326975477       0.194458609996530        54.5080238560948     
  -13.5610204359673       0.162134140579113        54.6701579966740     
  -13.5335081743869       0.132653087462437        54.8028110841364     
  -13.5059959128065       0.106501448477013        54.9093125326134     
  -13.4784836512262       8.390517141175551E-002   54.9932177040252     
  -13.4509713896458       6.486596484223463E-002   55.0580836688674     
  -13.4234591280654       4.920847397837230E-002   55.1072921428458     
  -13.3959468664850       3.663175482600727E-002   55.1439238976718     
  -13.3684346049046       2.675902770406297E-002   55.1706829253758     
  -13.3409223433242       1.918128463664184E-002   55.1898642100125     
  -13.3134100817439       1.349210737548425E-002   55.2033563173880     
  -13.2858978201635       9.312721417900982E-003   55.2126690388059     
  -13.2583855585831       6.307658128227479E-003   55.2189766969341     
  -13.2308732970027       4.192319623804465E-003   55.2231690165579     
  -13.2033610354223       2.734231803543094E-003   55.2259032483614     
  -13.1758487738420       1.749891079573860E-003   55.2276531394410     
  -13.1483365122616       1.098959329214357E-003   55.2287520987702     
  -13.1208242506812       6.772481762393235E-004   55.2294293469465     
  -13.0933119891008       4.095552034215536E-004   55.2298389021499     
  -13.0657997275204       2.430446877243546E-004   55.2300819468376     
  -13.0382874659401       1.415501429549993E-004   55.2302234969806     
  -13.0107752043597       8.093662239563771E-005   55.2303044336030     
  -12.9832629427793       4.549964661584891E-005   55.2303499332496     
  -12.9557506811989       2.528507067098581E-005   55.2303752183202     
  -12.9282384196185       1.417489054098412E-005   55.2303893932108     
  -12.9007261580381       8.581855616249927E-006   55.2303979750664     
  -12.8732138964578       6.617024529563514E-006   55.2304045920909     
  -12.8457016348774       7.629002186869673E-006   55.2304122210931     
  -12.8181893732970       1.205537886571120E-005   55.2304242764720     
  -12.7906771117166       2.157307313823823E-005   55.2304458495451     
  -12.7631648501362       3.958441308773391E-005   55.2304854339582     
  -12.7356525885559       7.213046966008318E-005   55.2305575644279     
  -12.7081403269755       1.293825177714645E-004   55.2306869469456     
  -12.6806280653951       2.279245369142784E-004   55.2309148714826     
  -12.6531158038147       3.940984038413958E-004   55.2313089698864     
  -12.6256035422343       6.687271769267001E-004   55.2319776970633     
  -12.5980912806540       1.113541878689047E-003   55.2330912389420     
  -12.5705790190736       1.819587436742058E-003   55.2349108263788     
  -12.5430667574932       2.917742405758374E-003   55.2378285687845     
  -12.5155544959128       4.591222301159842E-003   55.2424197910857     
  -12.4880422343324       7.089522530817108E-003   55.2495093136165     
  -12.4605299727520       1.074268737750543E-002   55.2602520009940     
  -12.4330177111717       1.597409193994224E-002   55.2762260929339     
  -12.4055054495913       2.330916541199615E-002   55.2995352583459     
  -12.3779931880109       3.337679108691150E-002   55.3329120494328     
  -12.3504809264305       4.689966704360911E-002   55.3798117164765     
  -12.3229686648501       6.466991211181736E-002   55.4444816285883     
  -12.2954564032698       8.750686452648139E-002   55.5319884931148     
  -12.2679441416894       0.116195503992257        55.6481839971070     
  -12.2404318801090       0.151406277429697        55.7995902745367     
  -12.2129196185286       0.193600200544007        55.9931904750807     
  -12.1854073569482       0.242926612106742        56.2361170871875     
  -12.1578950953678       0.299124343988701        56.5352414311762     
  -12.1303828337875       0.361439659894704        56.8966810910709     
  -12.1028705722071       0.428575396162400        57.3252564872333     
  -12.0753583106267       0.498684712160321        57.8239411993936     
  -12.0478460490463       0.569419410527888        58.3933606099215     
  -12.0203337874659       0.638037022510279        59.0313976324318     
  -11.9928215258856       0.701563361141042        59.7329609935728     
  -11.9653092643052       0.756999066428123        60.4899600600009     
  -11.9377970027248       0.801551146116436        61.2915112061174     
  -11.9102847411444       0.832865056466986        62.1243762625843     
  -11.8827724795640       0.849230641579132        62.9736069041635     
  -11.8552602179837       0.849736925221702        63.8233438293852     
  -11.8277479564033       0.834356306847099        64.6577001362323     
  -11.8002356948229       0.803947404683407        65.4616475409157     
  -11.7727234332425       0.760176253570246        66.2218237944860     
  -11.7452111716621       0.705366090869717        66.9271898853557     
  -11.7176989100817       0.642294825834369        67.5694847111900     
  -11.6901866485014       0.573965093205981        68.1434498043960     
  -11.6626743869210       0.503373744269026        68.6468235486651     
  -11.6351621253406       0.433305656300140        69.0801292049652     
  -11.6076498637602       0.366171463993364        69.4463006689586     
  -11.5801376021798       0.303901368928354        69.7502020378869     
  -11.5526253405995       0.247898947848697        69.9981009857356     
  -11.5251130790191       0.199051197029240        70.1971521827648     
  -11.4976008174387       0.157784970248672        70.3549371530135     
  -11.4700885558583       0.124156105318179        70.4790932583317     
  -11.4425762942779       9.795602721285464E-002   70.5770492855445     
  -11.4150640326975       7.882119572031364E-002   70.6558704812649     
  -11.3875517711172       6.633289475895186E-002   70.7222033760238     
  -11.3600395095368       6.009789894286898E-002   70.7823012749667     
  -11.3325272479564       5.980390742716245E-002   70.8421051823939     
  -11.3050149863760       6.524686209567419E-002   70.9073520444895     
  -11.2775027247956       7.633011426447663E-002   70.9836821587540     
  -11.2499904632153       9.303779265845488E-002   71.0767199514125     
  -11.2224782016349       0.115386691736320        71.1921066431488     
  -11.1949659400545       0.143362617465350        71.3354692606141     
  -11.1674536784741       0.176848438228049        71.5123176988422     
  -11.1399414168937       0.215552054449823        71.7278697532920     
  -11.1124291553134       0.258942998329569        71.9868127516216     
  -11.0849168937330       0.306206224471546        72.2930189760931     
  -11.0574046321526       0.356220674149448        72.6492396502426     
  -11.0298923705722       0.407568282834487        73.0568079330771     
  -11.0023801089918       0.458576279759488        73.5153842128366     
  -10.9748678474114       0.507392099415786        74.0227763122523     
  -10.9473555858311       0.552086359356499        74.5748626716088     
  -10.9198433242507       0.590775656133080        75.1656383277419     
  -10.8923310626703       0.621753939960039        75.7873922677019     
  -10.8648188010899       0.643619445760947        76.4310117134629     
  -10.8373065395095       0.655383930173410        77.0863956436363     
  -10.8097942779292       0.656552411485988        77.7429480551223     
  -10.7822820163488       0.647164592671567        78.3901126477939     
  -10.7547697547684       0.627793282394176        79.0179059301880     
  -10.7272574931880       0.599499849305289        79.6174057794933     
  -10.6997452316076       0.563751401048007        80.1811571805413     
  -10.6722329700272       0.522308347667132        80.7034655282085     
  -10.6447207084469       0.477093794272052        81.1805593224805     
  -10.6172084468665       0.430057515352253        81.6106168378328     
  -10.5896961852861       0.383047031031000        81.9936638688638     
  -10.5621839237057       0.337696692083921        82.3313605609477     
  -10.5346716621253       0.295343015885826        82.6267035768335     
  -10.5071594005450       0.256971230220085        82.8836748070536     
  -10.4796471389646       0.223194529884546        83.1068693369382     
  -10.4521348773842       0.194264341244801        83.3011336781830     
  -10.4246226158038       0.170107238691023        83.4712409168740     
  -10.3971103542234       0.150382264828022        83.6216231817020     
  -10.3695980926431       0.134551357198192        83.7561745389002     
  -10.3420858310627       0.121955361817401        83.8781299007176     
  -10.3145735694823       0.111888624648554        83.9900185253662     
  -10.2870613079019       0.103666251516061        84.0936847768822     
  -10.2595490463215       9.667963935731187E-002   84.1903644162395     
  -10.2320367847411       9.043761668745079E-002   84.2808020329270     
  -10.2045245231608       8.459229543980473E-002   84.3653943283668     
  -10.1770122615804       7.895034496813375E-002   84.4443446733349     
  -10.1495000000000       7.347168809518186E-002   84.5178163614301     
  -10.1219877384196       6.825846113924859E-002   84.5860748225694     
  -10.0944754768392       6.353739994488430E-002   84.6496122225142     
  -10.0669632152589       5.963860390679297E-002   84.7092508264210     
  -10.0394509536785       5.697295622806901E-002   84.7662237826491     
  -10.0119386920981       5.600948030746523E-002   84.8222332629566     
  -9.98442643051771       5.725278731922059E-002   84.8794860502758     
  -9.95691416893733       6.121975052433515E-002   84.9407058008001     
  -9.92940190735695       6.841385850584246E-002   85.0091196593060     
  -9.90188964577657       7.929554269122041E-002   85.0884152019972     
  -9.87437738419618       9.424725504974751E-002   85.1826624570469     
  -9.84686512261580       0.113533189285678        85.2961956463326     
  -9.81935286103542       0.137255163662102        85.4334508099947     
  -9.79184059945504       0.165308059533075        85.5987588695278     
  -9.76432833787466       0.197339980516134        85.7960988500439     
  -9.73681607629428       0.232723558667640        86.0288224087116     
  -9.70930381471389       0.270545206008046        86.2993676147196     
  -9.68179155313351       0.309618319047681        86.6089859337673     
  -9.65427929155313       0.348524400655724        86.9575103344230     
  -9.62676702997275       0.385682912776693        87.3431932471997     
  -9.59925476839237       0.419446804784218        87.7626400519839     
  -9.57174250681199       0.448216666783079        88.2108567187670     
  -9.54423024523161       0.470563032572663        88.6814197513397     
  -9.51671798365122       0.485344175149765        89.1667639264894     
  -9.48920572207084       0.491806301472186        89.6585702279616     
  -9.46169346049046       0.489654575610171        90.1482248035718     
  -9.43418119891008       0.479086735627766        90.6273115391995     
  -9.40666893732970       0.460785723815685        91.0880972630152     
  -9.37915667574932       0.435872959977723        91.5239702229930     
  -9.35164441416894       0.405828771038611        91.9297989940316     
  -9.32413215258855       0.372390221399434        92.3021892154310     
  -9.29661989100817       0.337438564049281        92.6396277794803     
  -9.26910762942779       0.302888490206223        92.9425162696865     
  -9.24159536784741       0.270589418070315        93.2131056877568     
  -9.21408310626703       0.242245699639954        93.4553513873968     
  -9.18657084468665       0.219358549297692        93.6747099366945     
  -9.15905858310627       0.203188509935844        93.8778984466303     
  -9.13154632152589       0.194734104182011        94.0726325508123     
  -9.10403405994550       0.194720499827146        94.2673530506395     
  -9.07652179836512       0.203591792641586        94.4709448432811     
  -9.04900953678474       0.221501807422764        94.6924466507038     
  -9.02149727520436       0.248300792358170        94.9407474430620     
  -8.99398501362398       0.283518486796451        95.2242659298584     
  -8.96647275204360       0.326347139479281        95.5506130693377     
  -8.93896049046321       0.375630523512419        95.9262435928501     
  -8.91144822888283       0.429866335862668        96.3561099287128     
  -8.88393596730245       0.487229278341201        96.8433392070540     
  -8.85642370572207       0.545620527373682        97.3889597344277     
  -8.82891144414169       0.602746389806437        97.9917061242341     
  -8.80139918256130       0.656225107067590        98.6479312313017     
  -8.77388692098092       0.703716564928955        99.3516477962307     
  -8.74637465940054       0.743065724629778        100.094713520860     
  -8.71886239782016       0.772447533391336        100.867161054252     
  -8.69135013623978       0.790499411982281        101.657660466234     
  -8.66383787465940       0.796427480529090        102.454087946763     
  -8.63632561307902       0.790074555080215        103.244162501843     
  -8.60881335149864       0.771941447113228        104.016103948957     
  -8.58130108991826       0.743157803382271        104.759261752339     
  -8.55378882833787       0.705404027448842        105.464665779788     
  -8.52627656675749       0.660791027112122        106.125456806900     
  -8.49876430517711       0.611708948546104        106.737165755446     
  -8.47125204359673       0.560659123004645        107.297824878451     
  -8.44373978201635       0.510084803982531        107.807909682433     
  -8.41622752043596       0.462215801101171        108.270125483534     
  -8.38871525885558       0.418939965008872        108.689065448543     
  -8.36120299727520       0.381711003651992        109.070776452195     
  -8.33369073569482       0.351497818283548        109.422274270479     
  -8.30617847411444       0.328776002885627        109.751050273364     
  -8.27866621253406       0.313557898801653        110.064608172166     
  -8.25115395095368       0.305454097649520        110.370062269816     
  -8.22364168937330       0.303756872421588        110.673819142237     
  -8.19612942779291       0.307534872915678        110.981354015153     
  -8.16861716621253       0.315728579070478        111.297082594223     
  -8.14110490463215       0.327237351774391        111.624319945998     
  -8.11359264305177       0.340991213426633        111.965311159424     
  -8.08608038147139       0.356003381962220        112.321314541386     
  -8.05856811989101       0.371402652387065        112.692717193774     
  -8.03105585831063       0.386447526120508        113.079164719894     
  -8.00354359673024       0.400526126661685        113.479690846556     
  -7.97603133514986       0.413147113696626        113.892837960252     
  -7.94851907356948       0.423926888075535        114.316764848328     
  -7.92100681198910       0.432577442051505        114.749342290379     
  -7.89349455040872       0.438897527427436        115.188239817807     
  -7.86598228882833       0.442767813349309        115.631007631156     
  -7.83847002724795       0.444148870180104        116.075156501336     
  -7.81095776566757       0.443079580399912        116.518236081736     
  -7.78344550408719       0.439673220823384        116.957909302560     
  -7.75593324250681       0.434109036312493        117.392018338872     
  -7.72842098092643       0.426618447197729        117.818636786070     
  -7.70090871934605       0.417466721300509        118.236103507370     
  -7.67339645776567       0.406932522201121        118.643036029571     
  -7.64588419618529       0.395288772241507        119.038324801813     
  -7.61837193460490       0.382788440477935        119.421113242291     
  -7.59085967302452       0.369658103379962        119.790771345671     
  -7.56334741144414       0.356100590973906        120.146871936645     
  -7.53583514986376       0.342306080752918        120.489178017398     
  -7.50832288828338       0.328469095583437        120.817647112981     
  -7.48081062670300       0.314807445324350        121.132454558305     
  -7.45329836512261       0.301578548363961        121.434033106669     
  -7.42578610354223       0.289088908814094        121.723122015483     
  -7.39827384196185       0.277693724652469        122.000815740136     
  -7.37076158038147       0.267785398366591        122.268601138503     
  -7.34324931880109       0.259771743046881        122.528372881549     
  -7.31573705722070       0.254046532641673        122.782419414191     
  -7.28822479564032       0.250956407551227        123.033375821742     
  -7.26071253405994       0.250768808030837        123.284144629773     
  -7.23320027247956       0.253645501986115        123.537790131759     
  -7.20568801089918       0.259625465663998        123.797415597423     
  -7.17817574931880       0.268619527864768        124.066035125288     
  -7.15066348773842       0.280417518186837        124.346452643475     
  -7.12315122615804       0.294706902094200        124.641159545569     
  -7.09563896457766       0.311100265417646        124.952259810987     
  -7.06812670299727       0.329167729486036        125.281427540473     
  -7.04061444141689       0.348469605085940        125.629897145559     
  -7.01310217983651       0.368584458424787        125.998481603984     
  -6.98558991825613       0.389128339326383        126.387609943310     
  -6.95807765667575       0.409762206758721        126.797372150069     
  -6.93056539509537       0.430186472323343        127.227558622392     
  -6.90305313351498       0.450123843455633        127.677682465848     
  -6.87554087193460       0.469293948863580        128.146976414711     
  -6.84802861035422       0.487385160193243        128.634361574904     
  -6.82051634877384       0.504030172877544        129.138391747782     
  -6.79300408719346       0.518791947500297        129.657183695282     
  -6.76549182561308       0.531165387207490        130.188349082490     
  -6.73797956403270       0.540597722210541        130.728946804700     
  -6.71046730245232       0.546527330868113        131.275474135568     
  -6.68295504087193       0.548437203030836        131.823911338599     
  -6.65544277929155       0.545916113344182        132.369827451943     
  -6.62793051771117       0.538718463649349        132.908545915593     
  -6.60041825613079       0.526813150085170        133.435359065678     
  -6.57290599455041       0.510412905899884        133.945771971578     
  -6.54539373297003       0.489978223949983        134.435750195528     
  -6.51788147138964       0.466193718389406        134.901943913917     
  -6.49036920980926       0.439918967517546        135.341862881435     
  -6.46285694822888       0.412119734887728        135.753982616323     
  -6.43534468664850       0.383788317069987        136.137770933393     
  -6.40783242506812       0.355863149025223        136.493634082418     
  -6.38032016348773       0.329157540320119        136.822791622738     
  -6.35280790190735       0.304305653775045        137.127097276513     
  -6.32529564032697       0.281730966831168        137.408828243344     
  -6.29778337874659       0.261639029625294        137.670467272969     
  -6.27027111716621       0.244032949055555        137.914500222025     
  -6.24275885558583       0.228747211333386        138.143247433358     
  -6.21524659400545       0.215493578797143        138.358741012155     
  -6.18773433242507       0.203912034559724        138.562653046715     
  -6.16022207084469       0.193620075969057        138.756273122684     
  -6.13270980926430       0.184254883574969        138.940528006259     
  -6.10519754768392       0.175504713817194        139.116032720076     
  -6.07768528610354       0.167127931002294        139.283160651079     
  -6.05017302452316       0.158960070150994        139.442120721230     
  -6.02266076294278       0.150910930843222        139.593031652073     
  -5.99514850136240       0.142954759592666        139.735986411666     
  -5.96763623978201       0.135117006501377        139.871103418167     
  -5.94012397820163       0.127460964702505        139.998564382869     
  -5.91261171662125       0.120076926100820        140.118641308970     
  -5.88509945504087       0.113075478557002        140.231716787527     
  -5.85758719346049       0.106585417439129        140.338302204966     
  -5.83007493188011       0.100755632568284        140.439057837535     
  -5.80256267029973       9.575941437070065E-002   140.534817251905     
  -5.77505040871934       9.179900976166555E-002   140.626616261667     
  -5.74753814713896       8.910800806570630E-002   140.715724269733     
  -5.72002588555858       8.794926300765239E-002   140.803673532740     
  -5.69251362397820       8.860653427134960E-002   140.892280067012     
  -5.66500136239782       9.136880991208306E-002   140.983648876924     
  -5.63748910081744       9.650727712704081E-002   141.080156154051     
  -5.60997683923706       0.104246052709255        141.184402206760     
  -5.58246457765667       0.114728953724012        141.299131160484     
  -5.55495231607629       0.127985647502734        141.427116807987     
  -5.52744005449591       0.143901311238860        141.571018119226     
  -5.49992779291553       0.162194291775335        141.733212411001     
  -5.47241553133515       0.182406041746594        141.915618452748     
  -5.44490326975477       0.203906731075360        142.119525183823     
  -5.41739100817438       0.225918398475487        142.345443582298     
  -5.38987874659400       0.247555442640528        142.592999024939     
  -5.36236648501362       0.267879909923309        142.860878934862     
  -5.33485422343324       0.285966768067318        143.146845702930     
  -5.30734196185286       0.300972561898078        143.447818264828     
  -5.27982970027248       0.312199890618244        143.760018155446     
  -5.25231743869210       0.319150273458995        144.079168428905     
  -5.22480517711172       0.321559241851573        144.400727670757     
  -5.19729291553133       0.319409756825311        144.720137427582     
  -5.16978065395095       0.312922945821392        145.033060373403     
  -5.14226839237057       0.302528195241998        145.335588568645     
  -5.11475613079019       0.288817300753968        145.624405869399     
  -5.08724386920981       0.272489218934909        145.896895088334     
  -5.05973160762943       0.254292702632032        146.151187790966     
  -5.03221934604904       0.234973682469336        146.386161473435     
  -5.00470708446866       0.215232845866692        146.601394319302     
  -4.97719482288828       0.195696802977938        146.797091122280     
  -4.94968256130790       0.176903941472772        146.973995063753     
  -4.92217029972752       0.159303969250676        147.133299033004     
  -4.89465803814713       0.143268534087223        147.276567567091     
  -4.86714577656675       0.129109345421833        147.405676912513     
  -4.83963351498637       0.117099897320871        147.522776809833     
  -4.81212125340599       0.107497067025289        147.630273876859     
  -4.78460899182561       0.100559340823623        147.730833217682     
  -4.75709673024523       9.655900773339351E-002   147.827392225416     
  -4.72958446866485       9.578624018727488E-002   147.923178465603     
  -4.70207220708447       9.854352827499721E-002   148.021721993878     
  -4.67455994550409       0.105129522987227        148.126851516865     
  -4.64704768392370       0.115812101215454        148.242663618081     
  -4.61953542234332       0.130791509103939        148.373455127185     
  -4.59202316076294       0.150155813189067        148.523610940374     
  -4.56451089918256       0.173832506517459        148.697443446891     
  -4.53699863760218       0.201541751360861        148.898985198252     
  -4.50948637602180       0.232758044259275        149.131743242511     
  -4.48197411444141       0.266687664910342        149.398430907422     
  -4.45446185286103       0.302268766523298        149.700699673945     
  -4.42694959128065       0.338199182512412        150.038898856457     
  -4.39943732970027       0.372994001821209        150.411892858279     
  -4.37192506811989       0.405071020059323        150.816963878338     
  -4.34441280653951       0.432857878263516        151.249821756601     
  -4.31690054495913       0.454910792702861        151.704732549304     
  -4.28938828337875       0.470032017660287        152.174764566965     
  -4.26187602179836       0.477372186498116        152.652136753463     
  -4.23436376021798       0.476504772600986        153.128641526064     
  -4.20685149863760       0.467463046114489        153.596104572178     
  -4.17933923705722       0.450734625692487        154.046839197871     
  -4.15182697547684       0.427214271034873        154.474053468906     
  -4.12431471389646       0.398121000433759        154.872174469339     
  -4.09680245231607       0.364890040247758        155.237064509587     
  -4.06929019073569       0.329052819577081        155.566117329164     
  -4.04177792915531       0.292118853601362        155.858236182765     
  -4.01426566757493       0.255471948812032        156.113708131577     
  -3.98675340599455       0.220290110895315        156.333998242473     
  -3.95924114441417       0.187494494213138        156.521492736686     
  -3.93172888283378       0.157728456689207        156.679221193375     
  -3.90421662125340       0.131363977480567        156.810585170856     
  -3.87670435967302       0.108529878580984        156.919115049437     
  -3.84919209809264       8.915473445748034E-002   157.008269783894     
  -3.82167983651226       7.301706326113867E-002   157.081286847155     
  -3.79416757493188       5.979616018565359E-002   157.141083007341     
  -3.76665531335150       4.911841388459687E-002   157.190201421226     
  -3.73914305177112       4.059575273676329E-002   157.230797173962     
  -3.71163079019073       3.385464891016001E-002   157.264651822872     
  -3.68411852861035       2.855560693787835E-002   157.293207429810     
  -3.65660626702997       2.440413816619375E-002   157.317611567977     
  -3.62909400544959       2.115484168090688E-002   157.338766409657     
  -3.60158174386921       1.861042946747894E-002   157.357376839125     
  -3.57406948228883       1.661745130989543E-002   157.373994290435     
  -3.54655722070844       1.506021089048497E-002   157.389054501325     
  -3.51904495912806       1.385402455960205E-002   157.402908525885     
  -3.49153269754768       1.293863676180735E-002   157.415847162647     
  -3.46402043596730       1.227231748004820E-002   157.428119480127     
  -3.43650817438692       1.182694510805253E-002   157.439946425235     
  -3.40899591280654       1.158422047736925E-002   157.451530645712     
  -3.38148365122616       1.153305124793508E-002   157.463063696960     
  -3.35397138964577       1.166807483581980E-002   157.474731771796     
  -3.32645912806539       1.198923946581471E-002   157.486721011262     
  -3.29894686648501       1.250232844235805E-002   157.499223339704     
  -3.27143460490463       1.322028800939001E-002   157.512443627714     
  -3.24392234332425       1.416520170716557E-002   157.526608829421     
  -3.21641008174387       1.537074068126594E-002   157.541979570102     
  -3.18889782016349       1.688490426007897E-002   157.558864474362     
  -3.16138555858310       1.877284011235038E-002   157.577637314474     
  -3.13387329700272       2.111948970058566E-002   157.598756804175     
  -3.10636103542234       2.403173688788784E-002   157.622788541063     
  -3.07884877384196       2.763964715669552E-002   157.650428188220     
  -3.05133651226158       3.209628476151816E-002   157.682524472981     
  -3.02382425068120       3.757551064536344E-002   157.720099983626     
  -2.99631198910081       4.426713108281211E-002   157.764367114709     
  -2.96879972752043       5.236882634536371E-002   157.816735941055     
  -2.94128746594005       6.207447585959503E-002   157.878810416914     
  -2.91377520435967       7.355883072315064E-002   157.952369247637     
  -2.88626294277929       8.695895869447190E-002   158.039328206332     
  -2.85875068119891       0.102353460228129        158.141681666560     
  -2.83123841961853       0.119741052894187        158.261422719454     
  -2.80372615803815       0.139020646511983        158.400443365966     
  -2.77621389645776       0.159975373877546        158.560418739844     
  -2.74870163487738       0.182263104491525        158.742681844335     
  -2.72118937329700       0.205415686309118        158.948097530644     
  -2.69367711171662       0.228848518674068        159.176946049318     
  -2.66616485013624       0.251881103314181        159.428827152633     
  -2.63865258855586       0.273768052367579        159.702595205000     
  -2.61114032697547       0.293738800099202        159.996334005099     
  -2.58362806539509       0.311043137344359        160.307377142444     
  -2.55611580381471       0.324998828289044        160.632375970733     
  -2.52860354223433       0.335037108912490        160.967413079645     
  -2.50109128065395       0.340741882242760        161.308154961888     
  -2.47357901907357       0.341878928367327        161.650033890255     
  -2.44606675749318       0.338412380467712        161.988446270723     
  -2.41855449591280       0.330506967574324        162.318953238297     
  -2.39104223433242       0.318515935312506        162.637469173610     
  -2.36352997275204       0.302955954592229        162.940425128202     
  -2.33601771117166       0.284471547663990        163.224896675866     
  -2.30850544959128       0.263792461582382        163.488689137448     
  -2.28099318801090       0.241687906390476        163.730377043839     
  -2.25348092643052       0.218921610958084        163.949298654797     
  -2.22596866485013       0.196211254681313        164.145509909478     
  -2.19845640326975       0.174195084417452        164.319704993896     
  -2.17094414168937       0.153407541925464        164.473112535821     
  -2.14343188010899       0.134264650647560        164.607377186469     
  -2.11591961852861       0.117058886897114        164.724436073366     
  -2.08840735694823       0.101962414376206        164.826398487742     
  -2.06089509536784       8.903697908972898E-002   164.915435466832     
  -2.03338283378746       7.824848144893008E-002   164.993683948281     
  -2.00587057220708       6.948424986405184E-002   165.063168198145     
  -1.97835831062670       6.257127826759636E-002   165.125739476412     
  -1.95084604904632       5.729407363094187E-002   165.183033550043     
  -1.92333378746594       5.341119480339868E-002   165.236444744847     
  -1.89582152588556       5.066996734849014E-002   165.287114712195     
  -1.86830926430518       4.881917168353755E-002   165.335933883879     
  -1.84079700272479       4.761969704798876E-002   165.383553580927     
  -1.81328474114441       4.685323637868363E-002   165.430406817306     
  -1.78577247956403       4.632909580482666E-002   165.476735913110     
  -1.75826021798365       4.588914840226149E-002   165.522625061513     
  -1.73074795640327       4.541091642521026E-002   165.568035977938     
  -1.70323569482289       4.480875092588682E-002   165.612844728864     
  -1.67572343324250       4.403310826539788E-002   165.656877837129     
  -1.64821117166212       4.306799872453279E-002   165.699945835854     
  -1.62069891008174       4.192678913039555E-002   165.741872624984     
  -1.59318664850136       4.064665747357083E-002   165.782519282458     
  -1.56567438692098       3.928210007611591E-002   165.821801382534     
  -1.53816212534060       3.789796226486017E-002   165.859699344799     
  -1.51064986376021       3.656249027549008E-002   165.896261835074     
  -1.48313760217983       3.534088197719527E-002   165.931602717051     
  -1.45562534059945       3.428975082410828E-002   165.965892467875     
  -1.42811307901907       3.345282016184699E-002   165.999345288037     
  -1.40060081743869       3.285804545428785E-002   166.032203333491     
  -1.37308855585831       3.251623297758197E-002   166.064719566469     
  -1.34557629427793       3.242109768025776E-002   166.097140664149     
  -1.31806403269755       3.255059188042385E-002   166.129691256030     
  -1.29055177111716       3.286925029432781E-002   166.162560506324     
  -1.26303950953678       3.333124316395866E-002   166.195891749488     
  -1.23552724795640       3.388381210303805E-002   166.229775561591     
  -1.20801498637602       3.447078233566620E-002   166.264246343927     
  -1.18050272479564       3.503589481089833E-002   166.299282238738     
  -1.15299046321526       3.552577207552488E-002   166.334808010813     
  -1.12547820163487       3.589240943786853E-002   166.370700420251     
  -1.09796594005449       3.609515392149847E-002   166.406795574173     
  -1.07045367847411       3.610218630005780E-002   166.442897760473     
  -1.04294141689373       3.589154974436119E-002   166.478789310217     
  -1.01542915531335       3.545177247039559E-002   166.514241082687     
 -0.987916893732969       3.478211764789431E-002   166.549023200335     
 -0.960404632152585       3.389247225834091E-002   166.582915672594     
 -0.932892370572205       3.280286902061032E-002   166.615718541614     
 -0.905380108991825       3.154263083667983E-002   166.647261172451     
 -0.877867847411441       3.014913926848638E-002   166.677410311719     
 -0.850355585831061       2.866625519823473E-002   166.706076566918     
 -0.822843324250677       2.714245396855519E-002   166.733219020886     
 -0.795331062670297       2.562876944881318E-002   166.758847790335     
 -0.767818801089916       2.417666284835355E-002   166.783024453183     
 -0.740306539509533       2.283593732588749E-002   166.805860390509     
 -0.712794277929152       2.165280797047810E-002   166.827513198480     
 -0.685282016348772       2.066821255346445E-002   166.848181411033     
 -0.657769754768388       1.991641841836522E-002   166.868097829452     
 -0.630257493188008       1.942395221008462E-002   166.887521781662     
 -0.602745231607628       1.920885711933263E-002   166.906730638781     
 -0.575232970027244       1.928026886897622E-002   166.926010907650     
 -0.547720708446864       1.963829535507151E-002   166.945649203005     
 -0.520208446866484       2.027418207676699E-002   166.965923385082     
 -0.492696185286100       2.117074242156439E-002   166.987094127503     
 -0.465183923705720       2.230302633465425E-002   167.009397153838     
 -0.437671662125339       2.363919342056551E-002   167.033036347259     
 -0.410159400544956       2.514155016825569E-002   167.058177897427     
 -0.382647138964575       2.676770998929243E-002   167.084945607416     
 -0.355134877384192       2.847184242545990E-002   167.113417449842     
 -0.327622615803811       3.020599459681743E-002   167.143623444438     
 -0.300110354223431       3.192149004751864E-002   167.175544934486     
 -0.272598092643047       3.357043019559782E-002   167.209115364681     
 -0.245085831062667       3.510733232079036E-002   167.244222697002     
 -0.217573569482287       3.649092721295316E-002   167.280713624215     
 -0.190061307901903       3.768610524466383E-002   167.318399729460     
 -0.162549046321523       3.866594423437740E-002   167.357065673694     
 -0.135036784741143       3.941368565569794E-002   167.396479359350     
 -0.107524523160759       3.992446275204706E-002   167.436403822102     
 -8.001226158037866E-002  4.020654237968838E-002   167.476610364482     
 -5.249999999999844E-002  4.028183716452918E-002   167.516892201646     
 -2.498773841961466E-002  4.018548459849149E-002   167.557077686245     
  2.524523160765568E-003  3.996437447498370E-002   167.597042060720     
  3.003678474114579E-002  3.967462508246112E-002   167.636716685802     
  5.754904632152957E-002  3.937814326097401E-002   167.676094829063     
  8.506130790190980E-002  3.913853096044775E-002   167.715233360024     
  0.112573569482290       3.901669910217948E-002   167.754250059126     
  0.140085831062674       3.906660130014951E-002   167.793316660426     
  0.167598092643054       3.933149672267797E-002   167.832648157149     
  0.195110354223438       3.984109408602343E-002   167.872489251235     
  0.222622615803818       4.060982729248614E-002   167.913099078527     
  0.250134877384198       4.163638374017423E-002   167.954735462267     
  0.277647138964582       4.290446810436472E-002   167.997639930372     
  0.305159400544962       4.438465645224450E-002   168.042024586824     
  0.332671662125342       4.603709395513501E-002   168.088061680779     
  0.360183923705726       4.781472539369597E-002   168.135876406173     
  0.387696185286106       4.966672643264099E-002   168.185543132605     
  0.415208446866487       5.154182446421723E-002   168.237084957069     
  0.442720708446871       5.339125410178391E-002   168.290476211171     
  0.470232970027251       5.517117272175674E-002   168.345647383893     
  0.497745231607631       5.684445109533651E-002   168.402491834988     
  0.525257493188015       5.838183733874379E-002   168.460873672327     
  0.552769754768395       5.976255501678063E-002   168.520636227344     
  0.580282016348775       6.097442865143495E-002   168.581610655995     
  0.607794277929159       6.201362938636738E-002   168.643624285382     
  0.635306539509539       6.288410542943133E-002   168.706508390811     
  0.662818801089923       6.359671878512083E-002   168.770105109596     
  0.690331062670303       6.416806905458752E-002   168.834273178651     
  0.717843324250683       6.461896454140527E-002   168.898892143192     
  0.745355585831067       6.497251391247075E-002   168.963864657105     
  0.772867847411447       6.525186280646889E-002   169.029116519911     
  0.800380108991828       6.547768245703288E-002   169.094594202368     
  0.827892370572211       6.566561422581151E-002   169.160259816594     
  0.855404632152592       6.582396017603741E-002   169.226083776770     
  0.882916893732972       6.595195912615484E-002   169.292035735896     
  0.910429155313356       6.603897887783802E-002   169.358074714774     
  0.937941416893736       6.606487866212414E-002   169.424139593436     
  0.965453678474116       6.600165641622764E-002   169.490141249852     
  0.992965940054500       6.581631362089815E-002   169.555957563473     
   1.02047820163488       6.547467814709909E-002   169.621432241620     
   1.04799046321526       6.494576017431856E-002   169.686378001795     
   1.07550272479564       6.420611225998381E-002   169.750584114055     
   1.10301498637602       6.324364606865822E-002   169.813827760123     
   1.13052724795641       6.206043297297803E-002   169.875888193096     
   1.15803950953679       6.067417311843253E-002   169.936562366215     
   1.18555177111717       5.911823005965141E-002   169.995680596274     
   1.21306403269755       5.744035625149879E-002   170.053120952526     
   1.24057629427793       5.570043458465519E-002   170.108821387111     
   1.26808855585831       5.396769290161204E-002   170.162789080012     
   1.29560081743870       5.231788408694604E-002   170.215106964099     
   1.32311307901908       5.083085385680029E-002   170.265937817956     
   1.35062534059946       4.958875248180893E-002   170.315526570438     
   1.37813760217984       4.867491599742497E-002   170.364201486435     
   1.40564986376022       4.817319300465276E-002   170.412374679440     
   1.43316212534060       4.816727860497143E-002   170.460541958045     
   1.46067438692099       4.873948879270604E-002   170.509281446838     
   1.48818664850137       4.996840558672203E-002   170.559249852424     
   1.51569891008175       5.192496253993913E-002   170.611174814964     
   1.54321117166213       5.466681191388292E-002   170.665841626878     
   1.57072343324251       5.823118048823171E-002   170.724072807366     
   1.59823569482289       6.262681909464497E-002   170.786699626461     
   1.62574795640327       6.782600667302628E-002   170.854525633134     
   1.65326021798365       7.375780862386142E-002   170.928283441758     
   1.68077247956404       8.030385251836444E-002   171.008587294276     
   1.70828474114442       8.729774104616843E-002   171.095885035322     
   1.73579700272480       9.452887767958430E-002   171.190413913002     
   1.76330926430518       0.101750977169224        171.292164890171     
   1.79082152588556       0.108694943513550        171.400859833685     
   1.81833378746594       0.115085213292941        171.515945046978     
   1.84584604904633       0.120658174704799        171.636603221682     
   1.87335831062671       0.125180959686866        171.761784181369     
   1.90087057220709       0.128468816694526        171.890252998064     
   1.92838283378747       0.130399416332920        172.020652414397     
   1.95589509536785       0.130922793857729        172.151575208255     
   1.98340735694823       0.130066131192790        172.281641339447     
   2.01091961852861       0.127933144425845        172.409574483873     
   2.03843188010899       0.124698381788741        172.534272865662     
   2.06594414168937       0.120597172246851        172.654870037909     
   2.09345640326976       0.115912240125600        172.770782278034     
   2.12096866485014       0.110958094884581        172.881740372919     
   2.14848092643052       0.106064233554138        172.987804606473     
   2.17599318801090       0.101558007505411        173.089362613978     
   2.20350544959128       9.774777977960283E-002   173.187110393758     
   2.23101771117167       9.490681515551491E-002   173.282017208914     
   2.25852997275205       9.325826940846739E-002   173.375275478322     
   2.28604223433243       9.296171040967899E-002   173.468237188732     
   2.31355449591281       9.410179897713773E-002   173.562338987709     
   2.34106675749319       9.668001970122324E-002   173.659019007410     
   2.36857901907357       0.100610580299109        173.759629587709     
   2.39609128065396       0.105721674772727        173.865351262482     
   2.42360354223434       0.111763127239739        173.977114389722     
   2.45111580381472       0.118420942467856        174.095535332189     
   2.47862806539510       0.125338499873353        174.220873832063     
   2.50614032697548       0.132143135720739        174.353016967784     
   2.53365258855586       0.138475831571400        174.491492799355     
   2.56116485013624       0.144020877001107        174.635513676356     
   2.58867711171662       0.148531911634887        174.784045587991     
   2.61618937329700       0.151850835319425        174.935896423310     
   2.64370163487739       0.153916771161357        175.089813194472     
   2.67121389645777       0.154763519246900        175.244576713719     
   2.69872615803815       0.154505573178787        175.399082286897     
   2.72623841961853       0.153314517176014        175.552396804073     
   2.75375068119891       0.151389164650046        175.703785968724     
   2.78126294277930       0.148923845573828        175.852709814297     
   2.80877520435968       0.146079587015276        175.998789401313     
   2.83628746594006       0.142962475367655        176.141751876680     
   2.86379972752044       0.139612306682391        176.281364183363     
   2.89131198910082       0.136002929457845        176.417367112821     
   2.91882425068120       0.132053768268101        176.549420881089     
   2.94633651226158       0.127650231164670        176.677071112253     
   2.97384877384196       0.122669362813017        176.799740475066     
   3.00136103542235       0.117006430821635        176.916746905888     
   3.02887329700273       0.110598213811474        177.027345119699     
   3.05638555858311       0.103439540743456        177.130784660443     
   3.08389782016349       9.559092975115988E-002   177.226375590194     
   3.11141008174387       8.717672613751014E-002   177.313552316332     
   3.13892234332425       7.837465291755914E-002   177.391926969249     
   3.16643460490464       6.939890614005216E-002   177.461325875389     
   3.19394686648502       6.047967382177163E-002   177.521805549211     
   3.22145912806540       5.184215987351016E-002   177.573647709084     
   3.24897138964578       4.368788808506742E-002   177.617335597169     
   3.27648365122616       3.618036778862869E-002   177.653515964958     
   3.30399591280654       2.943629516575171E-002   177.682952260124     
   3.33150817438693       2.352252588438196E-002   177.706474786008     
   3.35902043596731       1.845824371892609E-002   177.724933029727     
   3.38653269754769       1.422117309293785E-002   177.739154202820     
   3.41404495912807       1.075638694887501E-002   177.749910589769     
   3.44155722070845       7.986233374584135E-003   177.757896823144     
   3.46906948228883       5.820090222756529E-003   177.763716913366     
   3.49658174386921       4.162978277009863E-003   177.767879891643     
   3.52409400544959       2.922438311843942E-003   177.770802329955     
   3.55160626702997       2.013435543803961E-003   177.772815765499     
   3.57911852861036       1.361347670961438E-003   177.774177113170     
   3.60663079019074       9.032952761936165E-004   177.775080408446     
   3.63414305177112       5.881827528476878E-004   177.775668591199     
   3.66165531335150       3.758467600912977E-004   177.776044437959     
   3.68916757493188       2.356789006556932E-004   177.776280116860     
   3.71667983651227       1.450234884476755E-004   177.776425140348     
   3.74419209809265       8.757112005348399E-005   177.776512711468     
   3.77170435967303       5.189029572904176E-005   177.776564601764     
   3.79921662125341       3.017257117798958E-005   177.776594774335     
   3.82672888283379       1.721622981573618E-005   177.776611990565     
   3.85424114441417       9.639671941174828E-006   177.776621630237     
   3.88175340599456       5.296440215434289E-006   177.776626926677     
   3.90926566757494       2.855635929845653E-006   177.776629782313     
   3.93677792915532       1.510838385395817E-006   177.776631293151     
   3.96429019073570       7.843848006110085E-007   177.776632077536     
   3.99180245231608       3.996096612340833E-007   177.776632477146     
   4.01931471389646       1.997736350646100E-007   177.776632676919     
   4.04682697547684       9.800213406023675E-008   177.776632774922     
   4.07433923705722       4.717673579691802E-008   177.776632822098     
   4.10185149863760       2.228512637700354E-008   177.776632844383     
   4.12936376021799       1.032992222902157E-008   177.776632854713     
   4.15687602179837       4.698656107351578E-009   177.776632859412     
   4.18438828337875       2.097224009363914E-009   177.776632861509     
   4.21190054495913       9.185662784779160E-010   177.776632862428     
   4.23941280653951       3.947939787204674E-010   177.776632862823     
   4.26692506811990       1.665041993343813E-010   177.776632862989     
   4.29443732970028       6.890871516141328E-011   177.776632863058     
   4.32194959128066       2.798445332618283E-011   177.776632863086     
   4.34946185286104       1.115204737417132E-011   177.776632863097     
   4.37697411444142       4.360996389351706E-012   177.776632863102     
   4.40448637602180       1.673427915142747E-012   177.776632863103     
   4.43199863760218       6.301414101969921E-013   177.776632863104     
   4.45951089918256       2.328785497594893E-013   177.776632863104     
   4.48702316076294       8.441139514338798E-014   177.776632863104     
   4.51453542234333       2.999750293868909E-014   177.776632863104     
   4.54204768392371       1.050554863469339E-014   177.776632863104     
   4.56955994550409       3.566091210419340E-015   177.776632863104     
   4.59707220708447       1.219733424942390E-015   177.776632863104     
   4.62458446866485       3.946719567734605E-016   177.776632863104     
   4.65209673024523       9.287500441685989E-017   177.776632863104     
   4.67960899182562       5.898311772441707E-017   177.776632863104     
   4.70712125340600       0.000000000000000E+000   177.776632863104     
   4.73463351498638       0.000000000000000E+000   177.776632863104     
   4.76214577656676       0.000000000000000E+000   177.776632863104     
   4.78965803814714       0.000000000000000E+000   177.776632863104     
   4.81717029972753       0.000000000000000E+000   177.776632863104     
   4.84468256130791       0.000000000000000E+000   177.776632863104     
   4.87219482288829       0.000000000000000E+000   177.776632863104     
   4.89970708446867       0.000000000000000E+000   177.776632863104     
   4.92721934604905       0.000000000000000E+000   177.776632863104     
   4.95473160762943       0.000000000000000E+000   177.776632863104     
   4.98224386920981       0.000000000000000E+000   177.776632863104     
