  -24.8955649409628       0.000000000000000E+000  0.000000000000000E+000
  -24.8686948228883       0.000000000000000E+000  0.000000000000000E+000
  -24.8418247048138       0.000000000000000E+000  0.000000000000000E+000
  -24.8149545867393       0.000000000000000E+000  0.000000000000000E+000
  -24.7880844686648       0.000000000000000E+000  0.000000000000000E+000
  -24.7612143505904       0.000000000000000E+000  0.000000000000000E+000
  -24.7343442325159       0.000000000000000E+000  0.000000000000000E+000
  -24.7074741144414       0.000000000000000E+000  0.000000000000000E+000
  -24.6806039963669       0.000000000000000E+000  0.000000000000000E+000
  -24.6537338782925       0.000000000000000E+000  0.000000000000000E+000
  -24.6268637602180       0.000000000000000E+000  0.000000000000000E+000
  -24.5999936421435       0.000000000000000E+000  0.000000000000000E+000
  -24.5731235240690       2.490412144191090E-016  2.490412144191090E-016
  -24.5462534059945       1.172564533715275E-015  1.421605748134384E-015
  -24.5193832879201       3.710898409218494E-015  5.132504157352878E-015
  -24.4925131698456       1.068882290204480E-014  1.582132705939768E-014
  -24.4656430517711       3.080640906576288E-014  4.662773612516055E-014
  -24.4387729336966       8.681769722644873E-014  1.334454333516093E-013
  -24.4119028156222       2.400692254884080E-013  3.735146588400173E-013
  -24.3850326975477       6.519603006349329E-013  1.025474959474950E-012
  -24.3581625794732       1.739823174297907E-012  2.765298133772857E-012
  -24.3312924613987       4.559221798511242E-012  7.324519932284099E-012
  -24.3044223433243       1.173373120776696E-011  1.905825114005106E-011
  -24.2775522252498       2.965966838209513E-011  4.871791952214619E-011
  -24.2506821071753       7.363151071023034E-011  1.223494302323765E-010
  -24.2238119891008       1.795283912238924E-010  3.018778214562689E-010
  -24.1969418710263       4.299068736984562E-010  7.317846951547250E-010
  -24.1700717529519       1.011086481447276E-009  1.742871176602001E-009
  -24.1432016348774       2.335471236239056E-009  4.078342412841056E-009
  -24.1163315168029       5.298259228469848E-009  9.376601641310904E-009
  -24.0894613987284       1.180495317533581E-008  2.118155481664672E-008
  -24.0625912806540       2.583257892704060E-008  4.701413374368731E-008
  -24.0357211625795       5.551926337173263E-008  1.025333971154199E-007
  -24.0088510445050       1.171904116469900E-007  2.197238087624099E-007
  -23.9819809264305       2.429477776311821E-007  4.626715863935921E-007
  -23.9551108083560       4.946593978600951E-007  9.573309842536871E-007
  -23.9282406902816       9.891726419272238E-007  1.946503626180911E-006
  -23.9013705722071       1.942721024743884E-006  3.889224650924795E-006
  -23.8745004541326       3.747324564450649E-006  7.636549215375445E-006
  -23.8476303360581       7.099123301911945E-006  1.473567251728739E-005
  -23.8207602179837       1.320871840699289E-005  2.794439092428028E-005
  -23.7938900999092       2.413732900811102E-005  5.208171993239130E-005
  -23.7670199818347       4.332018652273108E-005  9.540190645512239E-005
  -23.7401498637602       7.635966556388397E-005  1.717615720190064E-004
  -23.7132797456857       1.321935672906918E-004  3.039551393096982E-004
  -23.6864096276113       2.247652901059238E-004  5.287204294156220E-004
  -23.6595395095368       3.753364998486986E-004  9.040569292643205E-004
  -23.6326693914623       6.155807077069420E-004  1.519637636971263E-003
  -23.6057992733878       9.915665413203793E-004  2.511204178291642E-003
  -23.5789291553134       1.568669339179430E-003  4.079873517471072E-003
  -23.5520590372389       2.437326192160439E-003  6.517199709631511E-003
  -23.5251889191644       3.719363585620433E-003  1.023656329525194E-002
  -23.4983188010899       5.574377590909166E-003  1.581094088616111E-002
  -23.4714486830154       8.205346993857977E-003  2.401628788001909E-002
  -23.4445785649410       1.186234120018324E-002  3.587862908020233E-002
  -23.4177084468665       1.684289982725181E-002  5.272152890745414E-002
  -23.3908383287920       2.348748210619503E-002  7.620901101364916E-002
  -23.3639682107175       3.216839691061262E-002  0.108377407924262     
  -23.3370980926430       4.327091267409757E-002  0.151648320598359     
  -23.3102279745686       5.716587389394956E-002  0.208814194492309     
  -23.2833578564941       7.417413612898578E-002  0.282988330621295     
  -23.2564877384196       9.452442675369391E-002  0.377512757374989     
  -23.2296176203451       0.118307716084189       0.495820473459177     
  -23.2027475022707       0.145432634610622       0.641253108069800     
  -23.1758773841962       0.175587628505908       0.816840736575708     
  -23.1490072661217       0.208216119093688        1.02505685566940     
  -23.1221371480472       0.242510671253221        1.26756752692262     
  -23.0952670299728       0.277430929514598        1.54499845643721     
  -23.0683969118983       0.311747852570967        1.85674630900818     
  -23.0415267938238       0.344113757182639        2.20086006619082     
  -23.0146566757493       0.373154242348151        2.57401430853897     
  -22.9877865576748       0.397574709879757        2.97158901841873     
  -22.9609164396004       0.416271483965270        3.38786050238400     
  -22.9340463215259       0.428435959621513        3.81629646200551     
  -22.9071762034514       0.433640116575610        4.24993657858112     
  -22.8803060853769       0.431893219679470        4.68182979826059     
  -22.8534359673025       0.423662417426802        5.10549221568739     
  -22.8265658492280       0.409853830834593        5.51534604652199     
  -22.7996957311535       0.391755017338048        5.90710106386004     
  -22.7728256130790       0.370943773063797        6.27804483692383     
  -22.7459554950045       0.349171552872176        6.62721638979601     
  -22.7190853769301       0.328231968263069        6.95544835805908     
  -22.6922152588556       0.309825725335793        7.26527408339487     
  -22.6653451407811       0.295433069645191        7.56070715304006     
  -22.6384750227066       0.286203560271150        7.84691071331121     
  -22.6116049046322       0.282871127133222        8.12978184044443     
  -22.5847347865577       0.285700181712606        8.41548202215704     
  -22.5578646684832       0.294466271982045        8.70994829413909     
  -22.5309945504087       0.308472501535494        9.01842079567458     
  -22.5041244323342       0.326600678583599        9.34502147425818     
  -22.4772543142598       0.347393891706676        9.69241536596486     
  -22.4503841961853       0.369164928235258        10.0615802942001     
  -22.4235140781108       0.390122752630523        10.4517030468306     
  -22.3966439600363       0.408507357203079        10.8602104040337     
  -22.3697738419619       0.422721989053759        11.2829323930875     
  -22.3429037238874       0.431451372653006        11.7143837657405     
  -22.3160336058129       0.433755345259045        12.1481391109995     
  -22.2891634877384       0.429129400085990        12.5772685110855     
  -22.2622933696639       0.417526865922969        12.9947953770085     
  -22.2354232515895       0.399341486765031        13.3941368637735     
  -22.2085531335150       0.375353463171391        13.7694903269449     
  -22.1816830154405       0.346645954904637        14.1161362818495     
  -22.1548128973660       0.314502034863534        14.4306383167131     
  -22.1279427792916       0.280293694658577        14.7109320113717     
  -22.1010726612171       0.245374538493667        14.9563065498653     
  -22.0742025431426       0.210986341086119        15.1672928909514     
  -22.0473324250681       0.178187008319247        15.3454798992707     
  -22.0204623069936       0.147804156379378        15.4932840556501     
  -21.9935921889192       0.120415071647923        15.6136991272980     
  -21.9667220708447       9.635074303354901E-002   15.7100498703315     
  -21.9398519527702       7.571935550502876E-002   15.7857692258366     
  -21.9129818346957       5.844330405927112E-002   15.8442125298958     
  -21.8861117166213       4.430344951895896E-002   15.8885159794148     
  -21.8592415985468       3.298485099347960E-002   15.9215008304083     
  -21.8323714804723       2.411932911068123E-002   15.9456201595190     
  -21.8055013623978       1.732165172862369E-002   15.9629418112476     
  -21.7786312443233       1.221761789707034E-002   15.9751594291446     
  -21.7517611262489       8.463632137382790E-003   15.9836230612820     
  -21.7248910081744       5.758374658970577E-003   15.9893814359410     
  -21.6980208900999       3.847830053199718E-003   15.9932292659942     
  -21.6711507720254       2.525251392506030E-003   15.9957545173867     
  -21.6442806539510       1.627668994132903E-003   15.9973821863808     
  -21.6174105358765       1.030386754741176E-003   15.9984125731356     
  -21.5905404178020       6.406297853948721E-004   15.9990532029210     
  -21.5636702997275       3.911890148704133E-004   15.9994443919358     
  -21.5368001816530       2.346058431057639E-004   15.9996789977790     
  -21.5099300635786       1.381858714604274E-004   15.9998171836504     
  -21.4830599455041       7.993944432369784E-005   15.9998971230947     
  -21.4561898274296       4.541835725438565E-005   15.9999425414520     
  -21.4293197093551       2.534400423343884E-005   15.9999678854562     
  -21.4024495912807       1.388979068091609E-005   15.9999817752469     
  -21.3755794732062       7.476645808542361E-006   15.9999892518927     
  -21.3487093551317       3.953397947329002E-006   15.9999932052907     
  -21.3218392370572       2.054761036412104E-006   15.9999952600517     
  -21.2949691189827       1.052665047851811E-006   15.9999963127167     
  -21.2680990009083       5.380509248912980E-007   15.9999968507677     
  -21.2412288828338       2.883222682582108E-007   15.9999971390899     
  -21.2143587647593       1.899583899053343E-007   15.9999973290483     
  -21.1874886466848       1.966714055032128E-007   15.9999975257197     
  -21.1606185286104       3.116571701552858E-007   15.9999978373769     
  -21.1337484105359       5.888367672570208E-007   15.9999984262137     
  -21.1068782924614       1.153451231328361E-006   15.9999995796649     
  -21.0800081743869       2.247902346357385E-006   16.0000018275672     
  -21.0531380563124       4.315271867731560E-006   16.0000061428391     
  -21.0262679382380       8.141436821779381E-006   16.0000142842759     
  -20.9993978201635       1.508800675119318E-005   16.0000293722827     
  -20.9725277020890       2.746312566744995E-005   16.0000568354084     
  -20.9456575840145       4.909575256526223E-005   16.0001059311609     
  -20.9187874659401       8.620077571745072E-005   16.0001921319366     
  -20.8919173478656       1.486452895572194E-004   16.0003407772262     
  -20.8650472297911       2.517466692765761E-004   16.0005925238955     
  -20.8381771117166       4.187442932414779E-004   16.0010112681887     
  -20.8113069936421       6.840796314050266E-004   16.0016953478201     
  -20.7844368755677       1.097582101102908E-003   16.0027929299212     
  -20.7575667574932       1.729577317429737E-003   16.0045225072387     
  -20.7306966394187       2.676797781734234E-003   16.0071993050204     
  -20.7038265213442       4.068775925531756E-003   16.0112680809459     
  -20.6769564032698       6.074137491924701E-003   16.0173422184379     
  -20.6500862851953       8.905906007429975E-003   16.0262481244453     
  -20.6232161671208       1.282461240558206E-002   16.0390727368509     
  -20.5963460490463       1.813773487179428E-002   16.0572104717227     
  -20.5694759309718       2.519384871972483E-002   16.0824043204424     
  -20.5426058128974       3.436993091244891E-002   16.1167742513548     
  -20.5157356948229       4.605061999335466E-002   16.1628248713482     
  -20.4888655767484       6.059893487309641E-002   16.2234238062213     
  -20.4619954586739       7.831901061516507E-002   16.3017428168364     
  -20.4351253405995       9.941275104141922E-002   16.4011555678779     
  -20.4082552225250       0.123933779683735        16.5250893475616     
  -20.3813851044505       0.151743467944243        16.6768328155058     
  -20.3545149863760       0.182474855137852        16.8593076706437     
  -20.3276448683015       0.215510664391897        17.0748183350356     
  -20.3007747502271       0.249981128016604        17.3247994630522     
  -20.2739046321526       0.284785847856530        17.6095853109087     
  -20.2470345140781       0.318641479030875        17.9282267899396     
  -20.2201643960036       0.350153879611815        18.2783806695514     
  -20.1932942779292       0.377909931741769        18.6562906012932     
  -20.1664241598547       0.400581049508747        19.0568716508019     
  -20.1395540417802       0.417028011349301        19.4738996621512     
  -20.1126839237057       0.426395671691300        19.9002953338425     
  -20.0858138056312       0.428186609793954        20.3284819436365     
  -20.0589436875568       0.422304890099280        20.7507868337358     
  -20.0320735694823       0.409064576246476        21.1598514099822     
  -20.0052034514078       0.389161947190537        21.5490133571728     
  -19.9783333333333       0.363614836154198        21.9126281933270     
  -19.9514632152589       0.333676447134721        22.2463046404617     
  -19.9245930971844       0.300733798013988        22.5470384384757     
  -19.8977229791099       0.266202207176456        22.8132406456521     
  -19.8708528610354       0.231426873865564        23.0446675195177     
  -19.8439827429609       0.197600776419870        23.2422682959376     
  -19.8171126248865       0.165705232370323        23.4079735283079     
  -19.7902425068120       0.136476071055707        23.5444495993636     
  -19.7633723887375       0.110395027058869        23.6548446264225     
  -19.7365022706630       8.770315452741487E-002   23.7425477809499     
  -19.7096321525886       6.843111541815108E-002   23.8109788963680     
  -19.6827620345141       5.244024579751900E-002   23.8634191421656     
  -19.6558919164396       3.946830791855333E-002   23.9028874500841     
  -19.6290217983651       2.917460470296460E-002   23.9320620547871     
  -19.6021516802906       2.118039865146887E-002   23.9532424534385     
  -19.5752815622162       1.510205160743027E-002   23.9683445050460     
  -19.5484114441417       1.057573191456408E-002   23.9789202369605     
  -19.5215413260672       7.273736640578890E-003   23.9861939736011     
  -19.4946712079927       4.913346138821583E-003   23.9911073197399     
  -19.4678010899183       3.259641155627973E-003   23.9943669608956     
  -19.4409309718438       2.123903940271832E-003   23.9964908648358     
  -19.4140608537693       1.359166396339515E-003   23.9978500312322     
  -19.3871907356948       8.542465174626050E-004   23.9987042777496     
  -19.3603206176203       5.273114810269475E-004   23.9992315892307     
  -19.3334504995459       3.196884240322946E-004   23.9995512776547     
  -19.3065803814714       1.903578373238615E-004   23.9997416354920     
  -19.2797102633969       1.113347544695846E-004   23.9998529702465     
  -19.2528401453224       6.397747845619953E-005   23.9999169477249     
  -19.2259700272480       3.615856578385134E-005   23.9999531062907     
  -19.1990999091735       2.017753770477752E-005   23.9999732838284     
  -19.1722297910990       1.127626051509925E-005   23.9999845600890     
  -19.1453596730245       6.623665013895752E-006   23.9999911837540     
  -19.1184895549500       4.656279466900184E-006   23.9999958400334     
  -19.0916194368756       4.687676235058789E-006   24.0000005277097     
  -19.0647493188011       6.728955635350337E-006   24.0000072566653     
  -19.0378792007266       1.149169510380151E-005   24.0000187483604     
  -19.0110090826521       2.057384424903337E-005   24.0000393222047     
  -18.9841389645777       3.685810535982643E-005   24.0000761803100     
  -18.9572688465032       6.518164924074588E-005   24.0001413619593     
  -18.9303987284287       1.133650049968391E-004   24.0002547269643     
  -18.9035286103542       1.937144474595965E-004   24.0004484414117     
  -18.8766584922797       3.251316762280874E-004   24.0007735730879     
  -18.8497883742053       5.359696827094721E-004   24.0013095427707     
  -18.8229182561308       8.677541650353029E-004   24.0021772969357     
  -18.7960481380563       1.379833155958322E-003   24.0035571300917     
  -18.7691780199818       2.154910648443913E-003   24.0057120407401     
  -18.7423079019074       3.305252449243510E-003   24.0090172931893     
  -18.7154377838329       4.979120653681834E-003   24.0139964138430     
  -18.6885676657584       7.366705501451345E-003   24.0213631193445     
  -18.6616975476839       1.070450565108382E-002   24.0320676249956     
  -18.6348274296094       1.527680655484307E-002   24.0473444315504     
  -18.6079573115350       2.141268885660368E-002   24.0687571204070     
  -18.5810871934605       2.947694723554340E-002   24.0982340676425     
  -18.5542170753860       3.985350101978371E-002   24.1380875686623     
  -18.5273469573115       5.292040236797212E-002   24.1910079710303     
  -18.5004768392371       6.901642920403898E-002   24.2600244002343     
  -18.4736067211626       8.840046091673276E-002   24.3484248611511     
  -18.4467366030881       0.111206269818751        24.4596311309698     
  -18.4198664850136       0.137396833197148        24.5970279641670     
  -18.3929963669391       0.166723524383965        24.7637514885509     
  -18.3661262488647       0.198696288840788        24.9624477773917     
  -18.3392561307902       0.232570885624487        25.1950186630162     
  -18.3123860127157       0.267358292402327        25.4623769554185     
  -18.2855158946412       0.301859393336462        25.7642363487550     
  -18.2586457765668       0.334725236963854        26.0989615857189     
  -18.2317756584923       0.364539798720920        26.4635013844398     
  -18.2049055404178       0.389918797244038        26.8534201816838     
  -18.1780354223433       0.409615260167779        27.2630354418516     
  -18.1511653042688       0.422620752037842        27.6856561938894     
  -18.1242951861944       0.428250863229411        28.1139070571189     
  -18.0974250681199       0.426204880730468        28.5401119378493     
  -18.0705549500454       0.416592401652233        28.9567043395016     
  -18.0436848319709       0.399923613189333        29.3566279526909     
  -18.0168147138965       0.377064441828931        29.7336923945198     
  -17.9899445958220       0.349162064663709        30.0828544591835     
  -17.9630744777475       0.317549707912082        30.4004041670956     
  -17.9362043596730       0.283641726705912        30.6840458938015     
  -17.9093342415985       0.248830414089127        30.9328763078907     
  -17.8824641235241       0.214394862924599        31.1472711708153     
  -17.8555940054496       0.181429802263517        31.3287009730788     
  -17.8287238873751       0.150799136698236        31.4795001097770     
  -17.8018537693006       0.123115500058195        31.6026156098352     
  -17.7749836512262       9.874402828101216E-002   31.7013596381162     
  -17.7481135331517       7.782617081049549E-002   31.7791858089267     
  -17.7212434150772       6.031792542605811E-002   31.8395037343528     
  -17.6943732970027       4.603643420840073E-002   31.8855401685612     
  -17.6675031789282       3.470928632236261E-002   31.9202494548835     
  -17.6406330608538       2.602188872186274E-002   31.9462713436054     
  -17.6137629427793       1.965958985871976E-002   31.9659309334641     
  -17.5868928247048       1.534258561152890E-002   31.9812735190756     
  -17.5600227066303       1.285277105449595E-002   31.9941262901301     
  -17.5331525885559       1.205248379495609E-002   32.0061787739251     
  -17.5062824704814       1.289546837089438E-002   32.0190742422960     
  -17.4794123524069       1.543041979428347E-002   32.0345046620903     
  -17.4525422343324       1.979725118421801E-002   32.0543019132745     
  -17.4256721162579       2.621593323981335E-002   32.0805178465143     
  -17.3988019981835       3.496754455559017E-002   32.1154853910699     
  -17.3719318801090       4.636720838344308E-002   32.1618525994533     
  -17.3450617620345       6.072898531629708E-002   32.2225815847696     
  -17.3181916439600       7.832358357935938E-002   32.3009051683490     
  -17.2913215258856       9.933089064868413E-002   32.4002360589977     
  -17.2644514078111       0.123790676755788        32.5240267357535     
  -17.2375812897366       0.151556140629317        32.6755828763828     
  -17.2107111716621       0.182255971224226        32.8578388476070     
  -17.1838410535876       0.215270987806593        33.0731098354136     
  -17.1569709355132       0.249730949067587        33.3228407844812     
  -17.1301008174387       0.284535661634534        33.6073764461157     
  -17.1032306993642       0.318402110483499        33.9257785565992     
  -17.0763605812897       0.349936213338412        34.2757147699376     
  -17.0494904632153       0.377724382682105        34.6534391526197     
  -17.0226203451408       0.400436899383974        35.0538760520037     
  -16.9957502270663       0.416932727309936        35.4708087793136     
  -16.9688801089918       0.426354312069296        35.8971630913829     
  -16.9420099909173       0.428201403474596        36.3253644948575     
  -16.9151398728429       0.422375049890310        36.7477395447478     
  -16.8882697547684       0.409186374379300        37.1569259191271     
  -16.8613996366939       0.389329046368380        37.5462549654955     
  -16.8345295186194       0.363818837019388        37.9100738025149     
  -16.8076594005450       0.333907587254247        38.2439813897692     
  -16.7807892824705       0.300981722004025        38.5449631117732     
  -16.7539191643960       0.266456724143119        38.8114198359163     
  -16.7270490463215       0.231678626596146        39.0430984625124     
  -16.7001789282470       0.197841764472697        39.2409402269851     
  -16.6733088101726       0.165929154779341        39.4068693817645     
  -16.6464386920981       0.136678479607171        39.5435478613716     
  -16.6195685740236       0.110573304068086        39.6541211654397     
  -16.5926984559491       8.785634671051440E-002   39.7419775121502     
  -16.5658283378747       6.855966610194864E-002   39.8105371782522     
  -16.5389582198002       5.254567103333551E-002   39.8630828492855     
  -16.5120881017257       3.955285897417339E-002   39.9026357082597     
  -16.4852179836512       2.924095164154541E-002   39.9318766599013     
  -16.4583478655767       2.123135937056840E-002   39.9531080192718     
  -16.4314777475023       1.514037983489833E-002   39.9682483991067     
  -16.4046076294278       1.060396787053102E-002   39.9788523669773     
  -16.3777375113533       7.294116431437403E-003   39.9861464834087     
  -16.3508673932788       4.927760902820578E-003   39.9910742443115     
  -16.3239972752044       3.269634469723533E-003   39.9943438787812     
  -16.2971271571299       2.130695604503629E-003   39.9964745743857     
  -16.2702570390554       1.363691830326519E-003   39.9978382662161     
  -16.2433869209809       8.572029957784288E-004   39.9986954692119     
  -16.2165168029064       5.292047389454338E-004   39.9992246739508     
  -16.1896466848320       3.208753547940925E-004   39.9995455493056     
  -16.1627765667575       1.910827934586280E-004   39.9997366320991     
  -16.1359064486830       1.117581935043733E-004   39.9998483902926     
  -16.1090363306085       6.419625966470362E-005   39.9999125865522     
  -16.0821662125341       3.621701275532005E-005   39.9999488035650     
  -16.0552960944596       2.006725939736450E-005   39.9999688708244     
  -16.0284259763851       1.092033672403916E-005   39.9999797911611     
  -16.0015558583106       5.836554124656070E-006   39.9999856277152     
  -15.9746857402361       3.063723408321190E-006   39.9999886914386     
  -15.9478156221617       1.579484403685922E-006   39.9999902709230     
  -15.9209455040872       7.997513269067499E-007   39.9999910706744     
  -15.8940753860127       3.977170008415939E-007   39.9999914683914     
  -15.8672052679382       1.942686154196979E-007   39.9999916626600     
  -15.8403351498638       9.323840657459278E-008   39.9999917558984     
  -15.8134650317893       4.405046530910736E-008   39.9999917999489     
  -15.7865949137148       2.068094950897295E-008   39.9999918206298     
  -15.7597247956403       1.010303243667500E-008   39.9999918307328     
  -15.7328546775658       6.142413462395195E-009   39.9999918368753     
  -15.7059845594914       6.409268956115471E-009   39.9999918432845     
  -15.6791144414169       1.106643889464313E-008   39.9999918543510     
  -15.6522443233424       2.291438964264443E-008   39.9999918772654     
  -15.6253742052679       4.882928199900772E-008   39.9999919260946     
  -15.5985040871935       1.031579863282625E-007   39.9999920292526     
  -15.5716339691190       2.144321505845259E-007   39.9999922436848     
  -15.5447638510445       4.379275225437945E-007   39.9999926816123     
  -15.5178937329700       8.784489294224685E-007   39.9999935600612     
  -15.4910236148955       1.730648924920864E-006   39.9999952907102     
  -15.4641534968211       3.348690821601380E-006   39.9999986394010     
  -15.4372833787466       6.363761195798797E-006   40.0000050031622     
  -15.4104132606721       1.187750678460935E-005   40.0000168806690     
  -15.3835431425976       2.177254872986750E-005   40.0000386532177     
  -15.3566730245232       3.919817366445527E-005   40.0000778513914     
  -15.3298029064487       6.930985379330888E-005   40.0001471612451     
  -15.3029327883742       1.203640336104019E-004   40.0002675252788     
  -15.2760626702997       2.052915606783046E-004   40.0004728168394     
  -15.2491925522252       3.438888413181547E-004   40.0008167056808     
  -15.2223224341508       5.657671243087369E-004   40.0013824728051     
  -15.1954523160763       9.141763474359420E-004   40.0022966491525     
  -15.1685821980018       1.450757803051001E-003   40.0037474069555     
  -15.1417120799273       2.261166412305316E-003   40.0060085733679     
  -15.1148419618529       3.461328582811141E-003   40.0094699019507     
  -15.0879718437784       5.203862867392692E-003   40.0146737648180     
  -15.0611017257039       7.683898066419686E-003   40.0223576628845     
  -15.0342316076294       1.114320489211353E-002   40.0335008677766     
  -15.0073614895549       1.587126169009890E-002   40.0493721294667     
  -14.9804913714805       2.220167134850136E-002   40.0715738008152     
  -14.9536212534060       3.050231926172477E-002   40.1020761200769     
  -14.9267511353315       4.115789669364615E-002   40.1432340167706     
  -14.8998810172570       5.454397848082899E-002   40.1977779952514     
  -14.8730108991826       7.099276674644063E-002   40.2687707619978     
  -14.8461407811081       9.075185818808232E-002   40.3595226201859     
  -14.8192706630336       0.113938847691907        40.4734614678778     
  -14.7924005449591       0.140496050314206        40.6139575181920     
  -14.7655304268846       0.170150846942674        40.7841083651347     
  -14.7386603088102       0.202387848333595        40.9864962134683     
  -14.7117901907357       0.236438966744604        41.2229351802129     
  -14.6849200726612       0.271296413017659        41.4942315932306     
  -14.6580499545867       0.305751576244837        41.7999831694754     
  -14.6311798365123       0.338459853525175        42.1384430230006     
  -14.6043097184378       0.368028124624056        42.5064711476246     
  -14.5774396003633       0.393118201197352        42.8995893488220     
  -14.5505694822888       0.412556778176031        43.3121461269980     
  -14.5236993642143       0.425440690816893        43.7375868178149     
  -14.4968292461399       0.431226000167244        44.1688128179821     
  -14.4699591280654       0.429790721921542        44.5986035399037     
  -14.4430890099909       0.421463732380210        45.0200672722839     
  -14.4162188919164       0.407016126327357        45.4270833986113     
  -14.3893487738420       0.387615479757292        45.8146988783685     
  -14.3624786557675       0.364747437119382        46.1794463154879     
  -14.3356085376930       0.340112219209508        46.5195585346974     
  -14.3087384196185       0.315505639238754        46.8350641739362     
  -14.2818683015440       0.292694879140618        47.1277590530768     
  -14.2549981834696       0.273298733730631        47.4010577868074     
  -14.2281280653951       0.258680599240868        47.6597383860483     
  -14.2012579473206       0.249860590897443        47.9095989769458     
  -14.1743878292461       0.247451232728244        48.1570502096740     
  -14.1475177111717       0.251619464637904        48.4086696743119     
  -14.1206475930972       0.262076370614860        48.6707460449268     
  -14.0937774750227       0.278094978418788        48.9488410233456     
  -14.0669073569482       0.298555515626826        49.2473965389724     
  -14.0400372388737       0.322016391691212        49.5694129306636     
  -14.0131671207993       0.346807738247513        49.9162206689111     
  -13.9862970027248       0.371142557159859        50.2873632260710     
  -13.9594268846503       0.393238562421244        50.6806017884922     
  -13.9325567665758       0.411441990936287        51.0920437794285     
  -13.9056866485014       0.424343424849344        51.5163872042778     
  -13.8788165304269       0.430875423967605        51.9472626282454     
  -13.8519464123524       0.430382786790144        52.3776454150356     
  -13.8250762942779       0.422658593782859        52.8003040088184     
  -13.7982061762035       0.407942623625156        53.2082466324436     
  -13.7713360581290       0.386882818833668        53.5951294512773     
  -13.7444659400545       0.360464601276247        53.9555940525535     
  -13.7175958219800       0.329916356187654        54.2855104087412     
  -13.6907257039055       0.296601768443249        54.5821121771844     
  -13.6638555858311       0.261910566906877        54.8440227440913     
  -13.6369854677566       0.227158540141405        55.0711812842327     
  -13.6101153496821       0.193505628897050        55.2646869131297     
  -13.5832452316076       0.161897893012955        55.4265848061427     
  -13.5563751135332       0.133035729528237        55.5596205356709     
  -13.5295049954587       0.107367432633503        55.6669879683044     
  -13.5026348773842       8.510449266932374E-002   55.7520924609738     
  -13.4757647593097       6.625322888549025E-002   55.8183456898593     
  -13.4488946412352       5.065654832779126E-002   55.8690022381871     
  -13.4220245231608       3.803975313830898E-002   55.9070419913254     
  -13.3951544050863       2.805517935972631E-002   55.9350971706851     
  -13.3682842870118       2.032176775433153E-002   55.9554189384394     
  -13.3414141689373       1.445715601617231E-002   55.9698760944556     
  -13.3145440508629       1.010129660686268E-002   55.9799773910624     
  -13.2876739327884       6.931771195277409E-003   55.9869091622577     
  -13.2608038147139       4.671799595252696E-003   55.9915809618530     
  -13.2339336966394       3.092412112330595E-003   55.9946733739653     
  -13.2070635785649       2.010410560925384E-003   55.9966837845262     
  -13.1801934604905       1.283660112743665E-003   55.9979674446390     
  -13.1533233424160       8.050184276706437E-004   55.9987724630666     
  -13.1264532243415       4.959011986072303E-004   55.9992683642652     
  -13.0995831062670       3.001686302633802E-004   55.9995685328955     
  -13.0727129881926       1.787387543806434E-004   55.9997472716499     
  -13.0458428701181       1.051138591253239E-004   55.9998523855090     
  -13.0189727520436       6.185231613338088E-005   55.9999142378252     
  -12.9921026339691       3.792524194995389E-005   55.9999521630671     
  -12.9652325158946       2.685523521444358E-005   55.9999790183023     
  -12.9383623978202       2.553045844564047E-005   56.0000045487608     
  -12.9114922797457       3.360990045971014E-005   56.0000381586612     
  -12.8846221616712       5.347510746289652E-005   56.0000916337687     
  -12.8577520435967       9.073250575467211E-005   56.0001823662744     
  -12.8308819255223       1.553226069846629E-004   56.0003376888814     
  -12.8040118074478       2.633421152668755E-004   56.0006010309967     
  -12.7771416893733       4.397254374585448E-004   56.0010407564342     
  -12.7502715712988       7.219543805347447E-004   56.0017627108147     
  -12.7234014532243       1.164957234730064E-003   56.0029276680494     
  -12.6965313351499       1.847306933697327E-003   56.0047749749831     
  -12.6696612170754       2.878717667827214E-003   56.0076536926509     
  -12.6427910990009       4.408657474290506E-003   56.0120623501252     
  -12.6159209809264       6.635634741556746E-003   56.0186979848668     
  -12.5890508628520       9.816384922561091E-003   56.0285143697893     
  -12.5621807447775       1.427380296511462E-002   56.0427881727545     
  -12.5353106267030       2.040208117952538E-002   56.0631902539340     
  -12.5084405086285       2.866718768409047E-002   56.0918574416181     
  -12.4815703905540       3.960064148848556E-002   56.1314580831066     
  -12.4547002724796       5.378459905353771E-002   56.1852426821601     
  -12.4278301544051       7.182664819213497E-002   56.2570693303522     
  -12.4009600363306       9.432346436982215E-002   56.3513927947221     
  -12.3740899182561       0.121813627683085        56.4732064224051     
  -12.3472198001817       0.154721363964575        56.6279277863697     
  -12.3203496821072       0.193294621859112        56.8212224082288     
  -12.2934795640327       0.237542519090980        57.0587649273198     
  -12.2666094459582       0.287178525303508        57.3459434526233     
  -12.2397393278837       0.341576522761753        57.6875199753851     
  -12.2128692098093       0.399746861887223        58.0872668372723     
  -12.1859990917348       0.460338553482361        58.5476053907547     
  -12.1591289736603       0.521671788979291        59.0692771797339     
  -12.1322588555858       0.581802181976731        59.6510793617107     
  -12.1053887375114       0.638614758205783        60.2896941199165     
  -12.0785186194369       0.689942189041534        60.9796363089580     
  -12.0516485013624       0.733698536464438        61.7133348454224     
  -12.0247783832879       0.768017323415531        62.4813521688380     
  -11.9979082652134       0.791381453572586        63.2727336224105     
  -11.9710381471390       0.802732625376915        64.0754662477875     
  -11.9441680290645       0.801549473774658        64.8770157215621     
  -11.9172979109900       0.787886581068923        65.6649023026310     
  -11.8904277929155       0.762370387805529        66.4272726904366     
  -11.8635576748411       0.726152425493613        67.1534251159302     
  -11.8366875567666       0.680824631793026        67.8342497477232     
  -11.8098174386921       0.628305250083765        68.4625549978070     
  -11.7829473206176       0.570706501282183        69.0332614990892     
  -11.7560772025431       0.510196542151039        69.5434580412402     
  -11.7292070844687       0.448868081812910        69.9923261230531     
  -11.7023369663942       0.388624512488985        70.3809506355421     
  -11.6754668483197       0.331091800280926        70.7120424358230     
  -11.6485967302452       0.277561088019813        70.9896035238428     
  -11.6217266121708       0.228963458347702        71.2185669821905     
  -11.5948564940963       0.185875051126897        71.4044420333174     
  -11.5679863760218       0.148548101867532        71.5529901351850     
  -11.5411162579473       0.116961710488399        71.6699518456734     
  -11.5142461398728       9.088534819787315E-002   71.7608371938712     
  -11.4873760217984       6.994819762660380E-002   71.8307853914978     
  -11.4605059037239       5.370820799198202E-002   71.8844935994898     
  -11.4336357856494       4.171596871878741E-002   71.9262095682086     
  -11.4067656675749       3.356987778838028E-002   71.9597794459970     
  -11.3798955495005       2.896035411417829E-002   71.9887398001112     
  -11.3530254314260       2.770183886503633E-002   72.0164416389762     
  -11.3261553133515       2.975196836915722E-002   72.0461936073454     
  -11.2992851952770       3.521760209320269E-002   72.0814112094386     
  -11.2724150772025       4.434746223788715E-002   72.1257586716765     
  -11.2455449591281       5.751115530750275E-002   72.1832698269840     
  -11.2186748410536       7.516449029382048E-002   72.2584343172778     
  -11.1918047229791       9.780145090743243E-002   72.3562357681852     
  -11.1649346049046       0.125894026106967        72.4821297942922     
  -11.1380644868302       0.159822364468014        72.6419521587602     
  -11.1111943687557       0.199799291062979        72.8417514498231     
  -11.0843242506812       0.245794896353622        73.0875463461768     
  -11.0574541326067       0.297468373503519        73.3850147196803     
  -11.0305840145322       0.354115200108322        73.7391299197886     
  -11.0037138964578       0.414637809766258        74.1537677295549     
  -10.9768437783833       0.477546845088334        74.6313145746432     
  -10.9499736603088       0.540997846479966        75.1723124211232     
  -10.9231035422343       0.602864925852584        75.7751773469758     
  -10.8962334241599       0.660848923061142        76.4360262700369     
  -10.8693633060854       0.712613244322105        77.1486395143590     
  -10.8424931880109       0.755936644989011        77.9045761593480     
  -10.8156230699364       0.788869265764132        78.6934454251121     
  -10.7887529518619       0.809876787337405        79.5033222124495     
  -10.7618828337875       0.817957961981988        80.3212801744315     
  -10.7350127157130       0.812723071460448        81.1340032458920     
  -10.7081425976385       0.794424813642407        81.9284280595344     
  -10.6812724795640       0.763938232810412        82.6923662923448     
  -10.6544023614896       0.722691887332253        83.4150581796771     
  -10.6275322434151       0.672557722181602        84.0876159018587     
  -10.6006621253406       0.615711361989067        84.7033272638477     
  -10.5737920072661       0.554477210795521        85.2578044746433     
  -10.5469218891916       0.491173540159134        85.7489780148024     
  -10.5200517711172       0.427971663800390        86.1769496786028     
  -10.4931816530427       0.366780609335908        86.5437302879387     
  -10.4663115349682       0.309164896816411        86.8528951847551     
  -10.4394414168937       0.256298731095651        87.1091939158508     
  -10.4125712988193       0.208955733496926        87.3181496493477     
  -10.3857011807448       0.167529812066719        87.4856794614144     
  -10.3588310626703       0.132080270276176        87.6177597316906     
  -10.3319609445958       0.102392952658489        87.7201526843491     
  -10.3050908265213       7.804909588636808E-002   87.7982017802354     
  -10.2782207084469       5.849440609533736E-002   87.8566961863308     
  -10.2513505903724       4.310242370880043E-002   87.8997986100396     
  -10.2244804722979       3.122813159737739E-002   87.9310267416370     
  -10.1976103542234       2.224969677424390E-002   87.9532764384112     
  -10.1707402361490       1.559795950977351E-002   87.9688743979210     
  -10.1438701180745       1.077463391685661E-002   87.9796490318378     
  -10.1170000000000       7.361089004919783E-003   87.9870101208427     
  -10.0901298819255       5.020045438938282E-003   87.9920301662817     
  -10.0632597638510       3.492612500968956E-003   87.9955227787826     
  -10.0363896457766       2.592892643194357E-003   87.9981156714258     
  -10.0095195277021       2.201993157978033E-003   88.0003176645838     
  -9.98264940962761       2.262789080029816E-003   88.0025804536639     
  -9.95577929155313       2.776240182423600E-003   88.0053566938463     
  -9.92890917347865       3.799517177799913E-003   88.0091562110241     
  -9.90203905540418       5.445660815097224E-003   88.0146018718392     
  -9.87516893732970       7.883998788489497E-003   88.0224858706277     
  -9.84829881925522       1.134010022057951E-002   88.0338259708482     
  -9.82142870118074       1.609369074540492E-002   88.0499196615936     
  -9.79455858310627       2.247273581127094E-002   88.0723923974049     
  -9.76768846503179       3.084189393259551E-002   88.1032342913375     
  -9.74081834695731       4.158381765167780E-002   88.1448181089892     
  -9.71394822888283       5.507239593852608E-002   88.1998905049277     
  -9.68707811080835       7.163800785018536E-002   88.2715285127779     
  -9.66020799273388       9.152615256047676E-002   88.3630546653384     
  -9.63333787465940       0.114852316703725        88.4779069820421     
  -9.60646775658492       0.141557436995580        88.6194644190377     
  -9.57959763851044       0.171369550314934        88.7908339693526     
  -9.55272752043597       0.203777903239508        88.9946118725921     
  -9.52585740236149       0.238025653785451        89.2326375263776     
  -9.49898728428701       0.273126165287224        89.5057636916648     
  -9.47211716621253       0.307905739534356        89.8136694311992     
  -9.44524704813806       0.341072622344693        90.1547420535439     
  -9.41837693006358       0.371308587025871        90.5260506405697     
  -9.39150681198910       0.397375857457054        90.9234264980268     
  -9.36463669391462       0.418229144591964        91.3416556426187     
  -9.33776657584014       0.433120681647022        91.7747763242658     
  -9.31089645776567       0.441685762662126        92.2164620869279     
  -9.28402633969119       0.443997602646341        92.6604596895743     
  -9.25715622161671       0.440583261999810        93.1010429515741     
  -9.23028610354223       0.432396566543920        93.5334395181180     
  -9.20341598546776       0.420748854289810        93.9541883724078     
  -9.17654586739328       0.407203327627496        94.3613917000353     
  -9.14967574931880       0.393443123001509        94.7548348230368     
  -9.12280563124432       0.381126372053357        95.1359611950901     
  -9.09593551316984       0.371743140131270        95.5077043352214     
  -9.06906539509537       0.366489024983491        95.8741933602049     
  -9.04219527702089       0.366168425428681        96.2403617856336     
  -9.01532515894641       0.371137271097530        96.6114990567311     
  -8.98845504087193       0.381290700137028        96.9927897568681     
  -8.96158492279745       0.396096235591315        97.3888859924595     
  -8.93471480472298       0.414667954446603        97.8035539469061     
  -8.90784468664850       0.435872505056286        98.2394264519623     
  -8.88097456857402       0.458454142147336        98.6978805941097     
  -8.85410445049954       0.481163696153784        99.1790442902635     
  -8.82723433242507       0.502875945187271        99.6819202354507     
  -8.80036421435059       0.522681399105265        100.204601634556     
  -8.77349409627611       0.539941969726103        100.744543604282     
  -8.74662397820163       0.554305030757366        101.298848635039     
  -8.71975386012716       0.565676322109729        101.864524957149     
  -8.69288374205268       0.574158166437791        102.438683123587     
  -8.66601362397820       0.579964592992352        103.018647716579     
  -8.63914350590372       0.583328336169520        103.601976052749     
  -8.61227338782924       0.584415676919953        104.186391729669     
  -8.58540326975477       0.583263499524786        104.769655229194     
  -8.55853315168029       0.579748979639375        105.349404208833     
  -8.53166303360581       0.573596674025061        105.923000882858     
  -8.50479291553133       0.564421439509273        106.487422322367     
  -8.47792279745686       0.551799690604131        107.039222012971     
  -8.45105267938238       0.535357044449730        107.574579057421     
  -8.42418256130790       0.514858137984127        108.089437195405     
  -8.39731244323342       0.490284641021624        108.579721836427     
  -8.37044232515894       0.461890053351663        109.041611889779     
  -8.34357220708447       0.430224158159438        109.471836047938     
  -8.31670208900999       0.396125113682029        109.867961161620     
  -8.28983197093551       0.360682111022150        110.228643272642     
  -8.26296185286103       0.325175427274417        110.553818699917     
  -8.23609173478656       0.291002953762201        110.844821653679     
  -8.20922161671208       0.259602648049748        111.104424301729     
  -8.18235149863760       0.232379004255821        111.336803305984     
  -8.15548138056312       0.210639042942193        111.547442348927     
  -8.12861126248864       0.195540173943691        111.742982522870     
  -8.10174114441417       0.188049314498847        111.931031837369     
  -8.07487102633969       0.188910480425776        112.119942317795     
  -8.04800090826521       0.198617120929002        112.318559438724     
  -8.02113079019074       0.217385865584910        112.535945304309     
  -7.99426067211625       0.245129932597162        112.781075236906     
  -7.96739055404178       0.281432804706341        113.062508041612     
  -7.94052043596730       0.325525351723620        113.388033393336     
  -7.91365031789282       0.376271759874340        113.764305153210     
  -7.88678019981835       0.432170879702455        114.196476032913     
  -7.85991008174387       0.491379554702608        114.687855587615     
  -7.83303996366939       0.551763005687486        115.239618593303     
  -7.80616984559491       0.610974547911049        115.850593141214     
  -7.77929972752043       0.666563182878434        116.517156324092     
  -7.75242960944596       0.716103497177872        117.233259821270     
  -7.72555949137148       0.757338476861597        117.990598298132     
  -7.69868937329700       0.788322956030382        118.778921254162     
  -7.67181925522252       0.807553987877346        119.586475242039     
  -7.64494913714805       0.814074766255343        120.400550008295     
  -7.61807901907357       0.807540874317985        121.208090882613     
  -7.59120890099909       0.788241348257237        121.996332230870     
  -7.56433878292461       0.757071825369388        122.753404056239     
  -7.53746866485013       0.715462234994847        123.468866291234     
  -7.51059854677566       0.665266366193718        124.134132657428     
  -7.48372842870118       0.608624542079598        124.742757199508     
  -7.45685831062670       0.547813044759329        125.290570244267     
  -7.42998819255222       0.485094601747059        125.775664846014     
  -7.40311807447775       0.422583169322099        126.198248015336     
  -7.37624795640327       0.362133690076186        126.560381705412     
  -7.34937783832879       0.305263917551394        126.865645622964     
  -7.32250772025431       0.253111357261959        127.118756980226     
  -7.29563760217983       0.206424448641707        127.325181428867     
  -7.26876748410536       0.165583804039432        127.490765232907     
  -7.24189736603088       0.130646976660551        127.621412209567     
  -7.21502724795640       0.101409011595612        127.722821221163     
  -7.18815712988192       7.747091910101828E-002   127.800292140264     
  -7.16128701180745       5.830901813520741E-002   127.858601158399     
  -7.13441689373297       4.333954834237087E-002   127.901940706741     
  -7.10754677565849       3.197471470775529E-002   127.933915421449     
  -7.08067665758401       2.366809954948472E-002   127.957583520999     
  -7.05380653950953       1.794889870556080E-002   127.975532419704     
  -7.02693642143506       1.444554627765100E-002   127.989977965982     
  -7.00006630336058       1.289991448656270E-002   128.002877880469     
  -6.97319618528610       1.317343180916619E-002   128.016051312278     
  -6.94632606721163       1.524624756294905E-002   128.031297559841     
  -6.91945594913715       1.921013040431883E-002   128.050507690245     
  -6.89258583106267       2.525529469975518E-002   128.075762984945     
  -6.86571571298819       3.365097649944146E-002   128.109413961444     
  -6.83884559491371       4.471947950764454E-002   128.154133440952     
  -6.81197547683924       5.880368138700202E-002   128.212937122339     
  -6.78510535876476       7.622866098582795E-002   128.289165783325     
  -6.75823524069028       9.725911921007110E-002   128.386424902535     
  -6.73136512261580       0.122055469145852        128.508480371681     
  -6.70449500454133       0.150632631672536        128.659113003353     
  -6.67762488646685       0.182826406831619        128.841939410185     
  -6.65075476839237       0.218272512936914        129.060211923122     
  -6.62388465031789       0.256402771603679        129.316614694725     
  -6.59701453224341       0.296461372759520        129.613076067485     
  -6.57014441416894       0.337541765037601        129.950617832522     
  -6.54327429609446       0.378641771309776        130.329259603832     
  -6.51640417801998       0.418731493259999        130.747991097092     
  -6.48953405994550       0.456826018089429        131.204817115182     
  -6.46266394187102       0.492053447601161        131.696870562783     
  -6.43579382379655       0.523708775186061        132.220579337969     
  -6.40892370572207       0.551285826778840        132.771865164748     
  -6.38205358764759       0.574482713994865        133.346347878743     
  -6.35518346957311       0.593180537336921        133.939528416079     
  -6.32831335149864       0.607399670317906        134.546928086397     
  -6.30144323342416       0.617241968792638        135.164170055190     
  -6.27457311534968       0.622829857689820        135.786999912880     
  -6.24770299727520       0.624253867295142        136.411253780175     
  -6.22083287920072       0.621538627195562        137.032792407371     
  -6.19396276112625       0.614633829030328        137.647426236401     
  -6.16709264305177       0.603431897719792        138.250858134121     
  -6.14022252497729       0.587808996217485        138.838667130338     
  -6.11335240690281       0.567681536500888        139.406348666839     
  -6.08648228882834       0.543067442509748        139.949416109349     
  -6.05961217075386       0.514140546939087        140.463556656288     
  -6.03274205267938       0.481267809622887        140.944824465911     
  -6.00587193460490       0.445022188715894        141.389846654627     
  -5.97900181653042       0.406168296838324        141.796014951465     
  -5.95213169845595       0.365622566170403        142.161637517635     
  -5.92526158038147       0.324393667664395        142.486031185300     
  -5.89839146230699       0.283511699188252        142.769542884488     
  -5.87152134423252       0.243955796237828        143.013498680726     
  -5.84465122615804       0.206589293699149        143.220087974425     
  -5.81778110808356       0.172109657436324        143.392197631861     
  -5.79091099000908       0.141017607480600        143.533215239342     
  -5.76404087193460       0.113606758419465        143.646821997761     
  -5.73717075386013       8.997225943185223E-002   143.736794257193     
  -5.71030063578565       7.003474344409234E-002   143.806829000637     
  -5.68343051771117       5.357461939686550E-002   143.860403620034     
  -5.65656039963669       4.027139429162380E-002   143.900675014326     
  -5.62969028156222       2.974316003506036E-002   143.930418174361     
  -5.60282016348774       2.158238695014500E-002   143.952000561311     
  -5.57595004541326       1.538545526903655E-002   143.967386016580     
  -5.54907992733878       1.077467145328901E-002   143.978160688033     
  -5.52220980926430       7.412660967081258E-003   143.985573349000     
  -5.49533969118983       5.009884780746917E-003   143.990583233781     
  -5.46846957311535       3.326552617566293E-003   143.993909786399     
  -5.44159945504087       2.170423636365278E-003   143.996080210035     
  -5.41472933696639       1.391957310036767E-003   143.997472167345     
  -5.38785921889191       8.780839857882273E-004   143.998350251331     
  -5.36098910081744       5.455852552267940E-004   143.998895836586     
  -5.33411898274296       3.347745099931086E-004   143.999230611096     
  -5.30724886466848       2.038940606887238E-004   143.999434505157     
  -5.28037874659400       1.244230556639987E-004   143.999558928212     
  -5.25350862851953       7.732933240933501E-005   143.999636257545     
  -5.22663851044505       5.019538849726234E-005   143.999686452933     
  -5.19976839237057       3.509399228105543E-005   143.999721546926     
  -5.17289827429609       2.706995324979450E-005   143.999748616879     
  -5.14602815622161       2.308891066956224E-005   143.999771705790     
  -5.11915803814714       2.133137676131488E-005   143.999793037166     
  -5.09228792007266       2.073310325986033E-005   143.999813770270     
  -5.06541780199818       2.069622782990524E-005   143.999834466497     
  -5.03854768392370       2.091695313671568E-005   143.999855383451     
  -5.01167756584923       2.129375154365654E-005   143.999876677202     
  -4.98480744777475       2.189544014735335E-005   143.999898572642     
  -4.95793732970027       2.298178959534117E-005   143.999921554432     
  -4.93106721162579       2.508183246389703E-005   143.999946636264     
  -4.90419709355131       2.914806357609645E-005   143.999975784328     
  -4.87732697547684       3.681953764097712E-005   144.000012603866     
  -4.85045685740236       5.084442316274392E-005   144.000063448289     
  -4.82358673932788       7.573319783486385E-005   144.000139181487     
  -4.79671662125341       1.187366475149179E-004   144.000257918134     
  -4.76984650317893       1.912658357497866E-004   144.000449183970     
  -4.74297638510445       3.108897283023108E-004   144.000760073698     
  -4.71610626702997       5.040529911874724E-004   144.001264126689     
  -4.68923614895549       8.096416120552824E-004   144.002073768301     
  -4.66236603088102       1.283475104641153E-003   144.003357243406     
  -4.63549591280654       2.003708059123168E-003   144.005360951465     
  -4.60862579473206       3.076969656516091E-003   144.008437921122     
  -4.58175567665758       4.644852608229567E-003   144.013082773730     
  -4.55488555858311       6.890089233583510E-003   144.019972862963     
  -4.52801544050863       1.004144496454669E-002   144.030014307928     
  -4.50114532243415       1.437606174448994E-002   144.044390369672     
  -4.47427520435967       2.021775984258459E-002   144.064608129515     
  -4.44740508628519       2.792973727882112E-002   144.092537866794     
  -4.42053496821072       3.790027741594947E-002   144.130438144210     
  -4.39366485013624       5.052056080998060E-002   144.180958705020     
  -4.36679473206176       6.615451508483858E-002   144.247113220105     
  -4.33992461398728       8.510180491636193E-002   144.332215025021     
  -4.31305449591281       0.107556463349245        144.439771488370     
  -4.28618437783833       0.133565110735507        144.573336599106     
  -4.25931425976385       0.162989940390311        144.736326539496     
  -4.23244414168937       0.195482372866480        144.931808912362     
  -4.20557402361489       0.230473210461339        145.162282122824     
  -4.17870390554042       0.267184058844007        145.429466181668     
  -4.15183378746594       0.304662670555186        145.734128852223     
  -4.12496366939146       0.341841850231342        146.075970702454     
  -4.09809355131698       0.377618001269237        146.453588703724     
  -4.07122343324250       0.410941828386814        146.864530532110     
  -4.04435331516803       0.440910784717873        147.305441316828     
  -4.01748319709355       0.466851198310375        147.772292515139     
  -3.99061307901907       0.488378118077088        148.260670633216     
  -3.96374296094459       0.505423002113752        148.766093635330     
  -3.93687284287012       0.518223301351267        149.284316936681     
  -3.91000272479564       0.527273273144010        149.811590209825     
  -3.88313260672116       0.533241192282395        150.344831402107     
  -3.85626248864668       0.536863536638762        150.881694938746     
  -3.82939237057220       0.538830740836400        151.420525679582     
  -3.80252225249773       0.539680957804454        151.960206637387     
  -3.77565213442325       0.539717524752496        152.499924162139     
  -3.74878201634877       0.538962530437311        153.038886692577     
  -3.72191189827429       0.537153521460007        153.576040214037     
  -3.69504178019982       0.533783844326820        154.109824058363     
  -3.66817166212534       0.528180495532086        154.638004553896     
  -3.64130154405086       0.519607758005213        155.157612311901     
  -3.61443142597638       0.507381260184997        155.664993572086     
  -3.58756130790190       0.490975963415072        156.155969535501     
  -3.56069118982743       0.470113067039061        156.626082602540     
  -3.53382107175295       0.444814560491544        157.070897163031     
  -3.50695095367847       0.415419414794967        157.486316577826     
  -3.48008083560400       0.382561238617298        157.868877816444     
  -3.45321071752952       0.347112640861036        158.215990457305     
  -3.42634059945504       0.310105707367794        158.526096164672     
  -3.39947048138056       0.272640368106785        158.798736532779     
  -3.37260036330608       0.235792818605540        159.034529351385     
  -3.34573024523161       0.200534736850279        159.235064088235     
  -3.31886012715713       0.167671259149991        159.402735347385     
  -3.29199000908265       0.137802165286357        159.540537512671     
  -3.26511989100817       0.111307125473158        159.651844638145     
  -3.23824977293370       8.835274058634343E-002   159.740197378731     
  -3.21137965485922       6.891685008346631E-002   159.809114228814     
  -3.18450953678474       5.282436477830890E-002   159.861938593593     
  -3.15763941871026       3.978867755434880E-002   159.901727271147     
  -3.13076930063578       2.945333042612585E-002   159.931180601573     
  -3.10389918256131       2.142979537791952E-002   159.952610396951     
  -3.07702906448683       1.532865947211985E-002   159.967939056423     
  -3.05015894641235       1.078292499775105E-002   159.978721981421     
  -3.02328882833787       7.463345924640063E-003   159.986185327346     
  -2.99641871026340       5.086610374175505E-003   159.991271937720     
  -2.96954859218892       3.417713315186760E-003   159.994689651035     
  -2.94267847411444       2.268075155820331E-003   159.996957726191     
  -2.91580835603996       1.490920405099714E-003   159.998448646596     
  -2.88893823796548       9.752219212059585E-004   159.999423868517     
  -2.86206811989101       6.392231088685023E-004   160.000063091626     
  -2.83519800181653       4.242400957112696E-004   160.000487331722     
  -2.80832788374205       2.891649213367111E-004   160.000776496643     
  -2.78145776566757       2.058648114516521E-004   160.000982361454     
  -2.75458764759309       1.555100923633559E-004   160.001137871547     
  -2.72771752951862       1.257604931358042E-004   160.001263632040     
  -2.70084741144414       1.086858313040837E-004   160.001372317871     
  -2.67397729336966       9.927915995938097E-005   160.001471597031     
  -2.64710717529518       9.442561509017381E-005   160.001566022646     
  -2.62023705722071       9.220788324638919E-005   160.001658230530     
  -2.59336693914623       9.145169983638087E-005   160.001749682229     
  -2.56649682107175       9.143714314714583E-005   160.001841119373     
  -2.53962670299727       9.172104353168304E-005   160.001932840416     
  -2.51275658492279       9.203156152799583E-005   160.002024871978     
  -2.48588646684832       9.220791838258459E-005   160.002117079896     
  -2.45901634877384       9.216694076902771E-005   160.002209246837     
  -2.43214623069936       9.188424574993763E-005   160.002301131083     
  -2.40527611262489       9.138224559234518E-005   160.002392513328     
  -2.37840599455041       9.072025600792289E-005   160.002483233584     
  -2.35153587647593       8.998423483003096E-005   160.002573217819     
  -2.32466575840145       8.927529658952768E-005   160.002662493116     
  -2.29779564032697       8.869726728759830E-005   160.002751190383     
  -2.27092552225250       8.834422695945505E-005   160.002839534610     
  -2.24405540417802       8.828928082797430E-005   160.002927823891     
  -2.21718528610354       8.857575888695620E-005   160.003016399649     
  -2.19031516802906       8.921174790345442E-005   160.003105611397     
  -2.16344504995459       9.016840960630849E-005   160.003195779807     
  -2.13657493188011       9.138204342126975E-005   160.003287161850     
  -2.10970481380563       9.275941130201978E-005   160.003379921262     
  -2.08283469573115       9.418552940615325E-005   160.003474106791     
  -2.05596457765667       9.553298254616565E-005   160.003569639774     
  -2.02909445958220       9.667182831521153E-005   160.003666311602     
  -2.00222434150772       9.747929098319573E-005   160.003763790893     
  -1.97535422343324       9.784864303913148E-005   160.003861639536     
  -1.94848410535876       9.769687384780657E-005   160.003959336410     
  -1.92161398728429       9.697090179857477E-005   160.004056307312     
  -1.89474386920981       9.565217318521034E-005   160.004151959485     
  -1.86787375113533       9.375950912403930E-005   160.004245718994     
  -1.84100363306085       9.135003527214521E-005   160.004337069029     
  -1.81413351498637       8.851799585759006E-005   160.004425587025     
  -1.78726339691190       8.539125321645705E-005   160.004510978278     
  -1.76039327883742       8.212533710332779E-005   160.004593103615     
  -1.73352316076294       7.889504793048628E-005   160.004671998663     
  -1.70665304268846       7.588382849781692E-005   160.004747882492     
  -1.67978292461398       7.327137557613356E-005   160.004821153867     
  -1.65291280653951       7.122022944582519E-005   160.004892374097     
  -1.62604268846503       6.986231448687579E-005   160.004962236411     
  -1.59917257039055       6.928656720711023E-005   160.005031522979     
  -1.57230245231607       6.952884705631352E-005   160.005101051826     
  -1.54543233424160       7.056525857987199E-005   160.005171617084     
  -1.51856221616712       7.230981307378570E-005   160.005243926897     
  -1.49169209809264       7.461703102534319E-005   160.005318543928     
  -1.46482198001816       7.728965597821191E-005   160.005395833584     
  -1.43795186194368       8.009115411353380E-005   160.005475924738     
  -1.41108174386921       8.276216340597284E-005   160.005558686902     
  -1.38421162579473       8.503959275549438E-005   160.005643726495     
  -1.35734150772025       8.667671867874647E-005   160.005730403213     
  -1.33047138964578       8.746244202791817E-005   160.005817865655     
  -1.30360127157130       8.723788997083851E-005   160.005905103545     
  -1.27673115349682       8.590879320355640E-005   160.005991012338     
  -1.24986103542234       8.345251731587037E-005   160.006074464856     
  -1.22299091734786       7.991923044070029E-005   160.006154384086     
  -1.19612079927339       7.542737057521913E-005   160.006229811457     
  -1.16925068119891       7.015424431415825E-005   160.006299965701     
  -1.14238056312443       6.432315346159598E-005   160.006364288855     
  -1.11551044504995       5.818883181664084E-005   160.006422477686     
  -1.08864032697548       5.202313363054397E-005   160.006474500820     
  -1.06177020890100       4.610283387829562E-005   160.006520603654     
  -1.03490009082652       4.070109763711703E-005   160.006561304752     
  -1.00802997275204       3.608369625416661E-005   160.006597388448     
 -0.981159854677564       3.251045047425460E-005   160.006629898898     
 -0.954289736603087       3.024172583035269E-005   160.006660140624     
 -0.927419618528610       2.954914586111087E-005   160.006689689770     
 -0.900549500454130       3.072906426334899E-005   160.006720418834     
 -0.873679382379652       3.411677810285583E-005   160.006754535612     
 -0.846809264305175       4.009899902884345E-005   160.006794634611     
 -0.819939146230698       4.912176544780751E-005   160.006843756377     
 -0.793069028156221       6.169083150508885E-005   160.006905447208     
 -0.766198910081741       7.836168526764919E-005   160.006983808893     
 -0.739328792007264       9.971681885195938E-005   160.007083525712     
 -0.712458673932787       1.263287811316788E-004   160.007209854493     
 -0.685588555858310       1.587089362861428E-004   160.007368563430     
 -0.658718437783833       1.972437046970254E-004   160.007565807134     
 -0.631848319709352       2.421222507709701E-004   160.007807929385     
 -0.604978201634875       2.932618624997973E-004   160.008101191248     
 -0.578108083560398       3.502392902945427E-004   160.008451430538     
 -0.551237965485921       4.122376618081694E-004   160.008863668200     
 -0.524367847411444       4.780188529210067E-004   160.009341687053     
 -0.497497729336963       5.459300545148312E-004   160.009887617107     
 -0.470627611262486       6.139505977400122E-004   160.010501567705     
 -0.443757493188009       6.797810120836497E-004   160.011181348717     
 -0.416887375113532       7.409712011742911E-004   160.011922319918     
 -0.390017257039055       7.950791967556845E-004   160.012717399115     
 -0.363147138964575       8.398470207340327E-004   160.013557246136     
 -0.336277020890098       8.733765992838863E-004   160.014430622735     
 -0.309406902815621       8.942871390581689E-004   160.015324909874     
 -0.282536784741144       9.018363056501879E-004   160.016226746180     
 -0.255666666666666       8.959909524643672E-004   160.017122737132     
 -0.228796548592186       8.774386234002136E-004   160.018000175756     
 -0.201926430517709       8.475378207066297E-004   160.018847713576     
 -0.175056312443232       8.082120889978837E-004   160.019655925665     
 -0.148186194368755       7.617992751496898E-004   160.020417724941     
 -0.121316076294278       7.108719889535426E-004   160.021128596929     
 -9.444595821979718E-002  6.580477240381653E-004   160.021786644654     
 -6.757584014532014E-002  6.058071086482177E-004   160.022392451762     
 -4.070572207084311E-002  5.563365438161522E-004   160.022948788306     
 -1.383560399636607E-002  5.114075762979318E-004   160.023460195882     
  1.303451407811096E-002  4.723004613047520E-004   160.023932496344     
  3.990463215259155E-002  4.397742530227030E-004   160.024372270597     
  6.677475022706858E-002  4.140810823985843E-004   160.024786351679     
  9.364486830154561E-002  3.950185168860835E-004   160.025181370196     
  0.120514986376023       3.820112946499231E-004   160.025563381491     
  0.147385104450500       3.742123237609939E-004   160.025937593814     
  0.174255222524980       3.706125154802137E-004   160.026308206330     
  0.201125340599457       3.701495737426530E-004   160.026678355903     
  0.227995458673934       3.718070643540042E-004   160.027050162968     
  0.254865576748411       3.746967370234670E-004   160.027424859705     
  0.281735694822888       3.781190153664694E-004   160.027802978720     
  0.308605812897369       3.815986865378593E-004   160.028184577407     
  0.335475930971846       3.848950114658446E-004   160.028569472418     
  0.362346049046323       3.879876286702898E-004   160.028957460047     
  0.389216167120800       3.910416053824017E-004   160.029348501652     
  0.416086285195281       3.943566418970648E-004   160.029742858294     
  0.442956403269758       3.983065964128967E-004   160.030141164891     
  0.469826521344235       4.032760314932918E-004   160.030544440922     
  0.496696639418712       4.096003138263582E-004   160.030954041236     
  0.523566757493189       4.175149391154923E-004   160.031371556175     
  0.550436875567669       4.271183175752035E-004   160.031798674493     
  0.577306993642146       4.383504478853757E-004   160.032237024941     
  0.604177111716623       4.509879937199112E-004   160.032688012934     
  0.631047229791101       4.646545343078208E-004   160.033152667469     
  0.657917347865578       4.788434242986800E-004   160.033631510893     
  0.684787465940058       4.929499148877095E-004   160.034124460808     
  0.711657584014535       5.063089868022536E-004   160.034630769795     
  0.738527702089012       5.182356367846102E-004   160.035149005431     
  0.765397820163489       5.280649615779562E-004   160.035677070393     
  0.792267938237966       5.351900743539433E-004   160.036212260467     
  0.819138056312447       5.390964634687821E-004   160.036751356931     
  0.846008174386924       5.393917302714363E-004   160.037290748661     
  0.872878292461401       5.358296951341827E-004   160.037826578356     
  0.899748410535878       5.283277216912961E-004   160.038354906078     
  0.926618528610355       5.169759417887836E-004   160.038871882020     
  0.953488646684836       5.020370597727444E-004   160.039373919079     
  0.980358764759313       4.839357343793921E-004   160.039857854814     
   1.00722888283379       4.632372563636990E-004   160.040321092070     
   1.03409900090827       4.406163273349212E-004   160.040761708397     
   1.06096911898274       4.168180649943828E-004   160.041178526462     
   1.08783923705722       3.926147150161672E-004   160.041571141177     
   1.11470935513170       3.687627449438535E-004   160.041939903922     
   1.14157947320618       3.459659102578445E-004   160.042285869833     
   1.16844959128066       3.248505373545444E-004   160.042610720370     
   1.19531970935513       3.059598696589324E-004   160.042916680240     
   1.22218982742961       2.897752852052501E-004   160.043206455525     
   1.24905994550409       2.767741284126920E-004   160.043483229653     
   1.27593006357857       2.675375778821051E-004   160.043750767231     
   1.30280018165304       2.629282600152686E-004   160.044013695491     
   1.32967029972752       2.643670585234234E-004   160.044278062550     
   1.35654041780200       2.742524074078170E-004   160.044552314957     
   1.38341053587648       2.965834643105290E-004   160.044848898421     
   1.41028065395096       3.378702556829238E-004   160.045186768677     
   1.43715077202543       4.084371051045925E-004   160.045595205782     
   1.46402089009991       5.242463800217128E-004   160.046119452162     
   1.49089100817439       7.093812920123655E-004   160.046828833454     
   1.51776112624887       9.993198337970030E-004   160.047828153288     
   1.54463124432334       1.445095063341228E-003   160.049273248351     
   1.57150136239782       2.118356595323212E-003   160.051391604947     
   1.59837148047230       3.117212049617123E-003   160.054508816996     
   1.62524159854678       4.572527726263481E-003   160.059081344723     
   1.65211171662126       6.654106834935077E-003   160.065735451558     
   1.67898183469573       9.575857924796772E-003   160.075311309482     
   1.70585195277021       1.359875176252995E-002   160.088910061245     
   1.73272207084469       1.903009906361617E-002   160.107940160309     
   1.75959218891917       2.621754016135218E-002   160.134157700470     
   1.78646230699364       3.553620689145170E-002   160.169693907361     
   1.81333242506812       4.736787729032373E-002   160.217061784652     
   1.84020254314260       6.207164932846638E-002   160.279133433980     
   1.86707266121708       7.994671508573192E-002   160.359080149066     
   1.89394277929156       0.101189155272704        160.460269304339     
   1.92081289736603       0.125846147977040        160.586115452316     
   1.94768301544051       0.153772370401099        160.739887822717     
   1.97455313351499       0.184594391848111        160.924482214565     
   2.00142325158946       0.217689227322010        161.142171441887     
   2.02829336966395       0.252182713689873        161.394354155577     
   2.05516348773842       0.286971869909207        161.681326025486     
   2.08203360581290       0.320772961505774        162.002098986992     
   2.10890372388738       0.352193849956173        162.354292836948     
   2.13577384196185       0.379825788089436        162.734118625037     
   2.16264396003633       0.402346659533290        163.136465284571     
   2.18951407811081       0.418625315552551        163.555090600123     
   2.21638419618529       0.427815612780794        163.982906212904     
   2.24325431425977       0.429429286118204        164.412335499022     
   2.27012443233424       0.423378923950592        164.835714422973     
   2.29699455040872       0.409985782814065        165.245700205787     
   2.32386466848320       0.389951472017480        165.635651677804     
   2.35073478655768       0.364296985397132        165.999948663201     
   2.37760490463215       0.334276457798911        166.334225121000     
   2.40447502270663       0.301275782874770        166.635500903875     
   2.43134514078111       0.266707465767191        166.902208369642     
   2.45821525885559       0.231912696142156        167.134121065784     
   2.48508537693007       0.198079791685274        167.332200857470     
   2.51195549500454       0.166185285112448        167.498386142582     
   2.53882561307902       0.136960547705088        167.635346690287     
   2.56569573115350       0.110883519730067        167.746230210017     
   2.59256584922798       8.819233162818897E-002   167.834422541646     
   2.61943596730245       6.891567267068166E-002   167.903338214316     
   2.64630608537693       5.291382993560879E-002   167.956252044252     
   2.67317620345141       3.992433294122551E-002   167.996176377193     
   2.70004632152589       2.960691097385530E-002   168.025783288167     
   2.72691643960037       2.158373338165467E-002   168.047367021549     
   2.75378655767484       1.547237213259854E-002   168.062839393681     
   2.78065667574932       1.091034927971454E-002   168.073749742961     
   2.80752679382380       7.571326446687897E-003   168.081321069408     
   2.83439691189828       5.173857479427280E-003   168.086494926887     
   2.86126702997275       3.484134301173331E-003   168.089979061188     
   2.88813714804723       2.314344721567551E-003   168.092293405910     
   2.91500726612171       1.518201212268519E-003   168.093811607122     
   2.94187738419619       9.849773729143833E-004   168.094796584495     
   2.96874750227067       6.330859206489555E-004   168.095429670416     
   2.99561762034514       4.039148847964369E-004   168.095833585300     
   3.02248773841962       2.563528774671107E-004   168.096089938178     
   3.04935785649410       1.622048473835647E-004   168.096252143025     
   3.07622797456857       1.025345753854297E-004   168.096354677601     
   3.10309809264306       6.486536423715642E-005   168.096419542965     
   3.12996821071753       4.111515967119027E-005   168.096460658124     
   3.15683832879201       2.612345674571606E-005   168.096486781581     
   3.18370844686649       1.663202041844835E-005   168.096503413602     
   3.21057856494096       1.059908145346197E-005   168.096514012683     
   3.23744868301544       6.749471429493190E-006   168.096520762154     
   3.26431880108992       4.286078984191634E-006   168.096525048233     
   3.29118891916440       2.708244661338517E-006   168.096527756478     
   3.31805903723887       1.699103919015347E-006   168.096529455582     
   3.34492915531335       1.056325363300344E-006   168.096530511907     
   3.37179927338783       6.496325596048563E-007   168.096531161540     
   3.39866939146231       3.946322001267010E-007   168.096531556172     
   3.42553950953679       2.365085538614892E-007   168.096531792681     
   3.45240962761126       1.397035117866292E-007   168.096531932384     
   3.47927974568574       8.127138900798407E-008   168.096532013656     
   3.50614986376022       4.653438561346247E-008   168.096532060190     
   3.53301998183470       2.621263913924278E-008   168.096532086403     
   3.55989009990918       1.452074564129723E-008   168.096532100923     
   3.58676021798365       7.908348893200262E-009   168.096532108832     
   3.61363033605813       4.233572753741411E-009   168.096532113065     
   3.64050045413261       2.227306083569551E-009   168.096532115293     
   3.66737057220709       1.151458960567698E-009   168.096532116444     
   3.69424069028156       5.848837598107429E-010   168.096532117029     
   3.72111080835604       2.918836133748567E-010   168.096532117321     
   3.74798092643052       1.431010481913040E-010   168.096532117464     
   3.77485104450500       6.892056824855125E-011   168.096532117533     
   3.80172116257948       3.260713974331842E-011   168.096532117565     
   3.82859128065395       1.515375425391668E-011   168.096532117581     
   3.85546139872843       6.917758944489320E-012   168.096532117588     
   3.88233151680291       3.101880524505303E-012   168.096532117591     
   3.90920163487739       1.366334270702363E-012   168.096532117592     
   3.93607175295186       5.909439996124328E-013   168.096532117593     
   3.96294187102634       2.511152421895910E-013   168.096532117593     
   3.98981198910082       1.048091624956420E-013   168.096532117593     
   4.01668210717530       4.296621821623731E-014   168.096532117593     
   4.04355222524978       1.730010095586045E-014   168.096532117593     
   4.07042234332425       6.841724219560038E-015   168.096532117593     
   4.09729246139873       2.657461722981193E-015   168.096532117593     
   4.12416257947321       1.013887208985367E-015   168.096532117593     
   4.15103269754768       3.798181661935349E-016   168.096532117593     
   4.17790281562216       1.398471166008515E-016   168.096532117593     
   4.20477293369664       5.055156473376195E-017   168.096532117593     
   4.23164305177112       1.804509348110336E-017   168.096532117593     
   4.25851316984560       6.172490930947743E-018   168.096532117593     
   4.28538328792007       2.189082388285265E-018   168.096532117593     
   4.31225340599455       8.140584734707562E-019   168.096532117593     
   4.33912352406903       3.499725147553848E-019   168.096532117593     
   4.36599364214351       1.130055464458119E-019   168.096532117593     
   4.39286376021798       0.000000000000000E+000   168.096532117593     
   4.41973387829246       0.000000000000000E+000   168.096532117593     
   4.44660399636694       0.000000000000000E+000   168.096532117593     
   4.47347411444142       0.000000000000000E+000   168.096532117593     
   4.50034423251590       0.000000000000000E+000   168.096532117593     
   4.52721435059037       0.000000000000000E+000   168.096532117593     
   4.55408446866485       0.000000000000000E+000   168.096532117593     
   4.58095458673933       0.000000000000000E+000   168.096532117593     
   4.60782470481381       0.000000000000000E+000   168.096532117593     
   4.63469482288829       0.000000000000000E+000   168.096532117593     
   4.66156494096276       0.000000000000000E+000   168.096532117593     
