  -24.8955649409628       0.000000000000000E+000  0.000000000000000E+000
  -24.8686948228883       0.000000000000000E+000  0.000000000000000E+000
  -24.8418247048138       0.000000000000000E+000  0.000000000000000E+000
  -24.8149545867393       0.000000000000000E+000  0.000000000000000E+000
  -24.7880844686648       0.000000000000000E+000  0.000000000000000E+000
  -24.7612143505904       0.000000000000000E+000  0.000000000000000E+000
  -24.7343442325159       0.000000000000000E+000  0.000000000000000E+000
  -24.7074741144414       0.000000000000000E+000  0.000000000000000E+000
  -24.6806039963669       0.000000000000000E+000  0.000000000000000E+000
  -24.6537338782925       0.000000000000000E+000  0.000000000000000E+000
  -24.6268637602180       0.000000000000000E+000  0.000000000000000E+000
  -24.5999936421435       0.000000000000000E+000  0.000000000000000E+000
  -24.5731235240690       2.490412390199204E-016  2.490412390199204E-016
  -24.5462534059945       1.172564649543073E-015  1.421605888562993E-015
  -24.5193832879201       3.710898775766136E-015  5.132504664329129E-015
  -24.4925131698456       1.068882395788284E-014  1.582132862221197E-014
  -24.4656430517711       3.080641210878587E-014  4.662774073099785E-014
  -24.4387729336966       8.681770580221126E-014  1.334454465332091E-013
  -24.4119028156222       2.400692492021683E-013  3.735146957353774E-013
  -24.3850326975477       6.519603650348427E-013  1.025475060770220E-012
  -24.3581625794732       1.739823346155744E-012  2.765298406925965E-012
  -24.3312924613987       4.559222248866346E-012  7.324520655792310E-012
  -24.3044223433243       1.173373236681291E-011  1.905825302260522E-011
  -24.2775522252498       2.965967131184771E-011  4.871792433445293E-011
  -24.2506821071753       7.363151798348011E-011  1.223494423179330E-010
  -24.2238119891008       1.795284089575397E-010  3.018778512754727E-010
  -24.1969418710263       4.299069161642702E-010  7.317847674397429E-010
  -24.1700717529519       1.011086581321520E-009  1.742871348761263E-009
  -24.1432016348774       2.335471466934948E-009  4.078342815696211E-009
  -24.1163315168029       5.298259751827621E-009  9.376602567523831E-009
  -24.0894613987284       1.180495434141993E-008  2.118155690894376E-008
  -24.0625912806540       2.583258147876352E-008  4.701413838770728E-008
  -24.0357211625795       5.551926885588587E-008  1.025334072435932E-007
  -24.0088510445050       1.171904232229789E-007  2.197238304665720E-007
  -23.9819809264305       2.429478016294055E-007  4.626716320959776E-007
  -23.9551108083560       4.946594467222440E-007  9.573310788182215E-007
  -23.9282406902816       9.891727396371154E-007  1.946503818455337E-006
  -23.9013705722071       1.942721216644785E-006  3.889225035100122E-006
  -23.8745004541326       3.747324934609401E-006  7.636549969709523E-006
  -23.8476303360581       7.099124003159840E-006  1.473567397286936E-005
  -23.8207602179837       1.320871971174399E-005  2.794439368461335E-005
  -23.7938900999092       2.413733139238600E-005  5.208172507699936E-005
  -23.7670199818347       4.332019080188190E-005  9.540191587888126E-005
  -23.7401498637602       7.635967310666396E-005  1.717615889855452E-004
  -23.7132797456857       1.321935803487289E-004  3.039551693342741E-004
  -23.6864096276113       2.247653123081733E-004  5.287204816424474E-004
  -23.6595395095368       3.753365369243425E-004  9.040570185667899E-004
  -23.6326693914623       6.155807685138738E-004  1.519637787080664E-003
  -23.6057992733878       9.915666392671598E-004  2.511204426347823E-003
  -23.5789291553134       1.568669494132418E-003  4.079873920480242E-003
  -23.5520590372389       2.437326432919425E-003  6.517200353399667E-003
  -23.5251889191644       3.719363953019345E-003  1.023656430641901E-002
  -23.4983188010899       5.574378141547090E-003  1.581094244796610E-002
  -23.4714486830154       8.205347804384760E-003  2.401629025235087E-002
  -23.4445785649410       1.186234237195164E-002  3.587863262430251E-002
  -23.4177084468665       1.684290149100763E-002  5.272153411531014E-002
  -23.3908383287920       2.348748442631869E-002  7.620901854162883E-002
  -23.3639682107175       3.216840008826899E-002  0.108377418629898     
  -23.3370980926430       4.327091694852292E-002  0.151648335578421     
  -23.3102279745686       5.716587954103915E-002  0.208814215119460     
  -23.2833578564941       7.417414345637791E-002  0.282988358575838     
  -23.2564877384196       9.452443609170749E-002  0.377512794667545     
  -23.2296176203451       0.118307727772280       0.495820522439826     
  -23.2027475022707       0.145432648979482       0.641253171419307     
  -23.1758773841962       0.175587645855881       0.816840817275189     
  -23.1490072661217       0.208216139670852        1.02505695694604     
  -23.1221371480472       0.242510695225027        1.26756765217107     
  -23.0952670299728       0.277430956947507        1.54499860911858     
  -23.0683969118983       0.311747883412755        1.85674649253133     
  -23.0415267938238       0.344113791252024        2.20086028378335     
  -23.0146566757493       0.373154279334031        2.57401456311738     
  -22.9877865576748       0.397574749351622        2.97158931246901     
  -22.9609164396004       0.416271525395362        3.38786083786437     
  -22.9340463215259       0.428436002418141        3.81629684028251     
  -22.9071762034514       0.433640160125791        4.24993700040830     
  -22.8803060853769       0.431893263397980        4.68183026380628     
  -22.8534359673025       0.423662460807828        5.10549272461411     
  -22.8265658492280       0.409853873501670        5.51534659811578     
  -22.7996957311535       0.391755059087828        5.90710165720361     
  -22.7728256130790       0.370943813899454        6.27804547110306     
  -22.7459554950045       0.349171593022894        6.62721706412596     
  -22.7190853769301       0.328232008186982        6.95544907231294     
  -22.6922152588556       0.309825765704858        7.26527483801780     
  -22.6653451407811       0.295433111311782        7.56070794932958     
  -22.6384750227066       0.286203604217497        7.84691155354707     
  -22.6116049046322       0.282871174406197        8.12978272795327     
  -22.5847347865577       0.285700233347673        8.41548296130094     
  -22.5578646684832       0.294466328921400        8.70994929022234     
  -22.5309945504087       0.308472564546348        9.01842185476869     
  -22.5041244323342       0.326600748183158        9.34502260295185     
  -22.4772543142598       0.347393968100420        9.69241657105227     
  -22.4503841961853       0.369165011274587        10.0615815823269     
  -22.4235140781108       0.390122841794574        10.4517044241214     
  -22.3966439600363       0.408507451607639        10.8602118757291     
  -22.3697738419619       0.422722087487802        11.2829339632169     
  -22.3429037238874       0.431451473640707        11.7143854368576     
  -22.3160336058129       0.433755447142515        12.1481408840001     
  -22.2891634877384       0.429129501121785        12.5772703851219     
  -22.2622933696639       0.417526964383954        12.9947973495058     
  -22.2354232515895       0.399341581038669        13.3941389305445     
  -22.2085531335150       0.375353551846051        13.7694924823906     
  -22.1816830154405       0.346646036837037        14.1161385192276     
  -22.1548128973660       0.314502109222668        14.4306406284503     
  -22.1279427792916       0.280293760944162        14.7109343893944     
  -22.1010726612171       0.245374596529872        14.9563089859243     
  -22.0742025431426       0.210986390993720        15.1672953769180     
  -22.0473324250681       0.178187050471152        15.3454824273892     
  -22.0204623069936       0.147804191345480        15.4932866187346     
  -21.9935921889192       0.120415100135436        15.6137017188701     
  -21.9667220708447       9.635076582844559E-002   15.7100524846985     
  -21.9398519527702       7.571937341914975E-002   15.7857718581177     
  -21.9129818346957       5.844331788625610E-002   15.8442151760039     
  -21.8861117166213       4.430346000069293E-002   15.8885186360046     
  -21.8592415985468       3.298485879738727E-002   15.9215034948020     
  -21.8323714804723       2.411933481710804E-002   15.9456228296191     
  -21.8055013623978       1.732165582678810E-002   15.9629444854459     
  -21.7786312443233       1.221762078766638E-002   15.9751621062336     
  -21.7517611262489       8.463634139817025E-003   15.9836257403734     
  -21.7248910081744       5.758376021362007E-003   15.9893841163948     
  -21.6980208900999       3.847830963570456E-003   15.9932319473583     
  -21.6711507720254       2.525251989964054E-003   15.9957571993483     
  -21.6442806539510       1.627669379229080E-003   15.9973848687275     
  -21.6174105358765       1.030386998524333E-003   15.9984152557260     
  -21.5905404178020       6.406299369640354E-004   15.9990558856630     
  -21.5636702997275       3.911891074234482E-004   15.9994470747704     
  -21.5368001816530       2.346058986121710E-004   15.9996816806690     
  -21.5099300635786       1.381859041544386E-004   15.9998198665732     
  -21.4830599455041       7.993946323693862E-005   15.9998998060364     
  -21.4561898274296       4.541836800012915E-005   15.9999452244044     
  -21.4293197093551       2.534401022969714E-005   15.9999705684147     
  -21.4024495912807       1.388979396716242E-005   15.9999844582086     
  -21.3755794732062       7.476647577458529E-006   15.9999919348562     
  -21.3487093551317       3.953398882632336E-006   15.9999958882551     
  -21.3218392370572       2.054761522439215E-006   15.9999979430166     
  -21.2949691189827       1.052665296636442E-006   15.9999989956819     
  -21.2680990009083       5.380510515897276E-007   15.9999995337330     
  -21.2412288828338       2.883223351615814E-007   15.9999998220553     
  -21.2143587647593       1.899584320389685E-007   16.0000000120137     
  -21.1874886466848       1.966714461272643E-007   16.0000002086852     
  -21.1606185286104       3.116572316930232E-007   16.0000005203424     
  -21.1337484105359       5.888368818325390E-007   16.0000011091793     
  -21.1068782924614       1.153451454949752E-006   16.0000022626307     
  -21.0800081743869       2.247902781795210E-006   16.0000045105335     
  -21.0531380563124       4.315272703476949E-006   16.0000088258062     
  -21.0262679382380       8.141438398476079E-006   16.0000169672446     
  -20.9993978201635       1.508800967315639E-005   16.0000320552543     
  -20.9725277020890       2.746313098598327E-005   16.0000595183853     
  -20.9456575840145       4.909576207318459E-005   16.0001086141474     
  -20.9187874659401       8.620079241115940E-005   16.0001948149398     
  -20.8919173478656       1.486453183439801E-004   16.0003434602581     
  -20.8650472297911       2.517467180300286E-004   16.0005952069761     
  -20.8381771117166       4.187443743358181E-004   16.0010139513505     
  -20.8113069936421       6.840797638844112E-004   16.0016980311144     
  -20.7844368755677       1.097582313661498E-003   16.0027956134280     
  -20.7575667574932       1.729577652381003E-003   16.0045251910804     
  -20.7306966394187       2.676798300124939E-003   16.0072019893805     
  -20.7038265213442       4.068776713494013E-003   16.0112707660940     
  -20.6769564032698       6.074138668246812E-003   16.0173449047623     
  -20.6500862851953       8.905907732154543E-003   16.0262508124944     
  -20.6232161671208       1.282461488920630E-002   16.0390754273836     
  -20.5963460490463       1.813773838436189E-002   16.0572131657680     
  -20.5694759309718       2.519385359878485E-002   16.0824070193668     
  -20.5426058128974       3.436993756855602E-002   16.1167769569353     
  -20.5157356948229       4.605062891155294E-002   16.1628275858469     
  -20.4888655767484       6.059894660873248E-002   16.2234265324556     
  -20.4619954586739       7.831902578248455E-002   16.3017455582381     
  -20.4351253405995       9.941277029376860E-002   16.4011583285319     
  -20.4082552225250       0.123933803684846        16.5250921322167     
  -20.3813851044505       0.151743497331000        16.6768356295477     
  -20.3545149863760       0.182474890476072        16.8593105200238     
  -20.3276448683015       0.215510706127857        17.0748212261516     
  -20.3007747502271       0.249981176428140        17.3248024025798     
  -20.2739046321526       0.284785903008375        17.6095883055882     
  -20.2470345140781       0.318641540739228        17.9282298463274     
  -20.2201643960036       0.350153947422883        18.2783837937503     
  -20.1932942779292       0.377910004928095        18.6562937986784     
  -20.1664241598547       0.400581127085579        19.0568749257639     
  -20.1395540417802       0.417028092111265        19.4739030178752     
  -20.1126839237057       0.426395754267412        19.9002987721426     
  -20.0858138056312       0.428186692716900        20.3284854648595     
  -20.0589436875568       0.422304971883168        20.7507904367427     
  -20.0320735694823       0.409064655466234        21.1598550922089     
  -20.0052034514078       0.389162022555937        21.5490171147649     
  -19.9783333333333       0.363614906572125        21.9126320213370     
  -19.9514632152589       0.333676511754757        22.2463085330917     
  -19.9245930971844       0.300733856254325        22.5470423893461     
  -19.8977229791099       0.266202258729379        22.8132446480754     
  -19.8708528610354       0.231426918683870        23.0446715667593     
  -19.8439827429609       0.197600814687388        23.2422723814467     
  -19.8171126248865       0.165705264460925        23.4079776459076     
  -19.7902425068120       0.136476097485768        23.5444537433934     
  -19.7633723887375       0.110395048438054        23.6548487918314     
  -19.7365022706630       8.770317151207485E-002   23.7425519633435     
  -19.7096321525886       6.843112867057323E-002   23.8109830920141     
  -19.6827620345141       5.244025595313711E-002   23.8634233479672     
  -19.6558919164396       3.946831556201603E-002   23.9028916635292     
  -19.6290217983651       2.917461035294085E-002   23.9320662738822     
  -19.6021516802906       2.118040275328108E-002   23.9532466766355     
  -19.5752815622162       1.510205453210513E-002   23.9683487311676     
  -19.5484114441417       1.057573396266841E-002   23.9789244651302     
  -19.5215413260672       7.273738049216289E-003   23.9861982031795     
  -19.4946712079927       4.913347090343952E-003   23.9911115502698     
  -19.4678010899183       3.259641786892566E-003   23.9943711920567     
  -19.4409309718438       2.123904351588681E-003   23.9964950964083     
  -19.4140608537693       1.359166659556688E-003   23.9978542630678     
  -19.3871907356948       8.542466828965665E-004   23.9987085097507     
  -19.3603206176203       5.273115831463241E-004   23.9992358213339     
  -19.3334504995459       3.196884859430161E-004   23.9995555098198     
  -19.3065803814714       1.903578741878477E-004   23.9997458676940     
  -19.2797102633969       1.113347760288708E-004   23.9998572024700     
  -19.2528401453224       6.397749084204951E-005   23.9999211799609     
  -19.2259700272480       3.615857277769604E-005   23.9999573385337     
  -19.1990999091735       2.017754159434892E-005   23.9999775160753     
  -19.1722297910990       1.127626266197806E-005   23.9999887923379     
  -19.1453596730245       6.623666222491543E-006   23.9999954160041     
  -19.1184895549500       4.656280222265982E-006   24.0000000722844     
  -19.0916194368756       4.687676859090658E-006   24.0000047599612     
  -19.0647493188011       6.728956398107527E-006   24.0000114889176     
  -19.0378792007266       1.149169631870341E-005   24.0000229806139     
  -19.0110090826521       2.057384637718304E-005   24.0000435544603     
  -18.9841389645777       3.685810914932724E-005   24.0000804125695     
  -18.9572688465032       6.518165593133148E-005   24.0001455942254     
  -18.9303987284287       1.133650166281412E-004   24.0002589592420     
  -18.9035286103542       1.937144673324813E-004   24.0004526737094     
  -18.8766584922797       3.251317095818457E-004   24.0007778054189     
  -18.8497883742053       5.359697376916773E-004   24.0013137751566     
  -18.8229182561308       8.677542540532733E-004   24.0021815294107     
  -18.7960481380563       1.379833297507485E-003   24.0035613627082     
  -18.7691780199818       2.154910869503793E-003   24.0057162735777     
  -18.7423079019074       3.305252788310320E-003   24.0090215263660     
  -18.7154377838329       4.979121164461137E-003   24.0140006475305     
  -18.6885676657584       7.366706257159218E-003   24.0213673537876     
  -18.6616975476839       1.070450674919738E-002   24.0320718605368     
  -18.6348274296094       1.527680812200263E-002   24.0473486686588     
  -18.6079573115350       2.141269105320805E-002   24.0687613597120     
  -18.5810871934605       2.947695025941358E-002   24.0982383099714     
  -18.5542170753860       3.985350510812476E-002   24.1380918150796     
  -18.5273469573115       5.292040779677128E-002   24.1910122228763     
  -18.5004768392371       6.901643628403679E-002   24.2600286591604     
  -18.4736067211626       8.840046998522670E-002   24.3484291291456     
  -18.4467366030881       0.111206281226761        24.4596354103724     
  -18.4198664850136       0.137396847291897        24.5970322576643     
  -18.3929963669391       0.166723541487171        24.7637557991514     
  -18.3661262488647       0.198696309223895        24.9624521083753     
  -18.3392561307902       0.232570909482594        25.1950230178579     
  -18.3123860127157       0.267358319829074        25.4623813376870     
  -18.2855158946412       0.301859424302478        25.7642407619895     
  -18.2586457765668       0.334725271301387        26.0989660332909     
  -18.2317756584923       0.364539836116958        26.4635058694078     
  -18.2049055404178       0.389918837243561        26.8534247066514     
  -18.1780354223433       0.409615302187849        27.2630400088392     
  -18.1511653042688       0.422620795392072        27.6856608042313     
  -18.1242951861944       0.428250907161204        28.1139117113925     
  -18.0974250681199       0.426204924452380        28.5401166358449     
  -18.0705549500454       0.416592444388066        28.9567090802329     
  -18.0436848319709       0.399923654215231        29.3566327344482     
  -18.0168147138965       0.377064480509881        29.7336972149581     
  -17.9899445958220       0.349162100482397        30.0828593154404     
  -17.9630744777475       0.317549740488004        30.4004090559285     
  -17.9362043596730       0.283641755803723        30.6840508117322     
  -17.9093342415985       0.248830439616435        30.9328812513486     
  -17.8824641235241       0.214394884920453        31.1472761362691     
  -17.8555940054496       0.181429820879655        31.3287059571487     
  -17.8287238873751       0.150799152175677        31.4795051093244     
  -17.8018537693006       0.123115512701899        31.6026206220263     
  -17.7749836512262       9.874403843516746E-002   31.7013646604615     
  -17.7481135331517       7.782617883661581E-002   31.7791908392981     
  -17.7212434150772       6.031793168551420E-002   31.8395087709836     
  -17.6943732970027       4.603643905043740E-002   31.8855452100340     
  -17.6675031789282       3.470929007811066E-002   31.9202545001121     
  -17.6406330608538       2.602189170440664E-002   31.9462763918165     
  -17.6137629427793       1.965959236894687E-002   31.9659359841855     
  -17.5868928247048       1.534258794924994E-002   31.9812785721347     
  -17.5600227066303       1.285277353414948E-002   31.9941313456689     
  -17.5331525885559       1.205248676503812E-002   32.0061838324339     
  -17.5062824704814       1.289547223603442E-002   32.0190793046700     
  -17.4794123524069       1.543042503858012E-002   32.0345097297085     
  -17.4525422343324       1.979725839404076E-002   32.0543069881026     
  -17.4256721162579       2.621594312379756E-002   32.0805229312264     
  -17.3988019981835       3.496755795907008E-002   32.1154904891854     
  -17.3719318801090       4.636722629418939E-002   32.1618577154796     
  -17.3450617620345       6.072900885828954E-002   32.2225867243379     
  -17.3181916439600       7.832361399156972E-002   32.3009103383295     
  -17.2913215258856       9.933092924659156E-002   32.4002412675761     
  -17.2644514078111       0.123790724874658        32.5240319924507     
  -17.2375812897366       0.151556199550117        32.6755881920009     
  -17.2107111716621       0.182256042085302        32.8578442340862     
  -17.1838410535876       0.215271071506616        33.0731153055928     
  -17.1569709355132       0.249731046167508        33.3228463517603     
  -17.1301008174387       0.284535772267907        33.6073821240282     
  -17.1032306993642       0.318402234285233        33.9257843583134     
  -17.0763605812897       0.349936349401490        34.2757207077149     
  -17.0494904632153       0.377724529549943        34.6534452372649     
  -17.0226203451408       0.400437055083001        35.0538822923479     
  -16.9957502270663       0.416932889422940        35.4708151817708     
  -16.9688801089918       0.426354477845639        35.8971696596164     
  -16.9420099909173       0.428201569969134        36.3253712295856     
  -16.9151398728429       0.422375214119431        36.7477464437050     
  -16.8882697547684       0.409186533480361        37.1569329771854     
  -16.8613996366939       0.389329197748457        37.5462621749338     
  -16.8345295186194       0.363818978480509        37.9100811534143     
  -16.8076594005450       0.333907717085188        38.2439888704995     
  -16.7807892824705       0.300981839032632        38.5449707095322     
  -16.7539191643960       0.266456827747615        38.8114275372798     
  -16.7270490463215       0.231678716678118        39.0431062539579     
  -16.7001789282470       0.197841841398120        39.2409480953560     
  -16.6733088101726       0.165929219296408        39.4068773146524     
  -16.6464386920981       0.136678532750903        39.5435558474033     
  -16.6195685740236       0.110573347061527        39.6541291944649     
  -16.5926984559491       8.785638087108025E-002   39.7419855753359     
  -16.5658283378747       6.855969275952178E-002   39.8105452680955     
  -16.5389582198002       5.254569146429949E-002   39.8630909595598     
  -16.5120881017257       3.955287435323358E-002   39.9026438339130     
  -16.4852179836512       2.924096301109914E-002   39.9318847969241     
  -16.4583478655767       2.123136762580865E-002   39.9531161645499     
  -16.4314777475023       1.514038572182582E-002   39.9682565502717     
  -16.4046076294278       1.060397199359732E-002   39.9788605222653     
  -16.3777375113533       7.294119267557434E-003   39.9861546415329     
  -16.3508673932788       4.927762818847220E-003   39.9910824043517     
  -16.3239972752044       3.269635741032525E-003   39.9943520400928     
  -16.2971271571299       2.130696432967026E-003   39.9964827365257     
  -16.2702570390554       1.363692360561230E-003   39.9978464288863     
  -16.2433869209809       8.572033290786454E-004   39.9987036322154     
  -16.2165168029064       5.292049447123933E-004   39.9992328371601     
  -16.1896466848320       3.208754795578017E-004   39.9995537126396     
  -16.1627765667575       1.910828677560076E-004   39.9997447955074     
  -16.1359064486830       1.117582369585263E-004   39.9998565537444     
  -16.1090363306085       6.419628462568411E-005   39.9999207500290     
  -16.0821662125341       3.621702683732659E-005   39.9999569670558     
  -16.0552960944596       2.006726719997593E-005   39.9999770343230     
  -16.0284259763851       1.092034097011692E-005   39.9999879546640     
  -16.0015558583106       5.836556394042333E-006   39.9999937912204     
  -15.9746857402361       3.063724599567069E-006   39.9999968549450     
  -15.9478156221617       1.579485017825307E-006   39.9999984344300     
  -15.9209455040872       7.997516378672933E-007   39.9999992341816     
  -15.8940753860127       3.977171554801458E-007   39.9999996318988     
  -15.8672052679382       1.942686909483073E-007   39.9999998261675     
  -15.8403351498638       9.323844280917197E-008   39.9999999194059     
  -15.8134650317893       4.405048239131300E-008   39.9999999634564     
  -15.7865949137148       2.068095744059851E-008   39.9999999841374     
  -15.7597247956403       1.010303610638873E-008   39.9999999942404     
  -15.7328546775658       6.142415251561215E-009   40.0000000003828     
  -15.7059845594914       6.409270084713897E-009   40.0000000067921     
  -15.6791144414169       1.106644015010441E-008   40.0000000178585     
  -15.6522443233424       2.291439186281278E-008   40.0000000407729     
  -15.6253742052679       4.882928656302788E-008   40.0000000896022     
  -15.5985040871935       1.031579959014052E-007   40.0000001927602     
  -15.5716339691190       2.144321704563310E-007   40.0000004071924     
  -15.5447638510445       4.379275631164262E-007   40.0000008451199     
  -15.5178937329700       8.784490108038534E-007   40.0000017235689     
  -15.4910236148955       1.730649085250309E-006   40.0000034542180     
  -15.4641534968211       3.348691131827681E-006   40.0000068029092     
  -15.4372833787466       6.363761785344339E-006   40.0000131666709     
  -15.4104132606721       1.187750788495423E-005   40.0000250441788     
  -15.3835431425976       2.177255074690000E-005   40.0000468167296     
  -15.3566730245232       3.919817729581730E-005   40.0000860149069     
  -15.3298029064487       6.930986021425165E-005   40.0001553247671     
  -15.3029327883742       1.203640447610641E-004   40.0002756888118     
  -15.2760626702997       2.052915796967559E-004   40.0004809803915     
  -15.2491925522252       3.438888731764321E-004   40.0008248692647     
  -15.2223224341508       5.657671767221092E-004   40.0013906364414     
  -15.1954523160763       9.141764321264276E-004   40.0023048128736     
  -15.1685821980018       1.450757937451193E-003   40.0037555708110     
  -15.1417120799273       2.261166621783100E-003   40.0060167374328     
  -15.1148419618529       3.461328903474210E-003   40.0094780663363     
  -15.0879718437784       5.203863349488046E-003   40.0146819296858     
  -15.0611017257039       7.683898778272428E-003   40.0223658284640     
  -15.0342316076294       1.114320592444907E-002   40.0335090343885     
  -15.0073614895549       1.587126316046512E-002   40.0493802975490     
  -14.9804913714805       2.220167340536138E-002   40.0715819709543     
  -14.9536212534060       3.050232208764262E-002   40.1020842930420     
  -14.9267511353315       4.115790050686213E-002   40.1432421935488     
  -14.8998810172570       5.454398353444987E-002   40.1977861770833     
  -14.8730108991826       7.099277332448498E-002   40.2687789504078     
  -14.8461407811081       9.075186659775664E-002   40.3595308170055     
  -14.8192706630336       0.113938858251762        40.4734696752573     
  -14.7924005449591       0.140496063338242        40.6139657385955     
  -14.7655304268846       0.170150862721007        40.7841166013165     
  -14.7386603088102       0.202387867110910        40.9865044684274     
  -14.7117901907357       0.236438988698260        41.2229434571257     
  -14.6849200726612       0.271296438237856        41.4942398953635     
  -14.6580499545867       0.305751604719627        41.7999915000832     
  -14.6311798365123       0.338459885133247        42.1384513852164     
  -14.6043097184378       0.368028159138038        42.5064795443544     
  -14.5774396003633       0.393118238299890        42.8995977826543     
  -14.5505694822888       0.412556817490095        43.3121546001444     
  -14.5236993642143       0.425440731950764        43.7375953320952     
  -14.4968292461399       0.431226042773384        44.1688213748686     
  -14.4699591280654       0.429790765767326        44.5986121406359     
  -14.4430890099909       0.421463777427203        45.0200759180631     
  -14.4162188919164       0.407016172814598        45.4270920908777     
  -14.3893487738420       0.387615528282926        45.8147076191606     
  -14.3624786557675       0.364747488713975        46.1794551078746     
  -14.3356085376930       0.340112275393552        46.5195673832682     
  -14.3087384196185       0.315505702056306        46.8350730853245     
  -14.2818683015440       0.292694951160924        47.1277680364854     
  -14.2549981834696       0.273298818010100        47.4010668544955     
  -14.2281280653951       0.258680699239206        47.6597475537347     
  -14.2012579473206       0.249860710344301        47.9096082640790     
  -14.1743878292461       0.247451375440508        48.1570596395195     
  -14.1475177111717       0.251619634292641        48.4086792738121     
  -14.1206475930972       0.262076570488641        48.6707558443008     
  -14.0937774750227       0.278095211109962        48.9488510554107     
  -14.0669073569482       0.298555782782536        49.2474068381933     
  -14.0400372388737       0.322016693764507        49.5694235319578     
  -14.0131671207993       0.346808074311015        49.9162316062688     
  -13.9862970027248       0.371142924800240        50.2873745310690     
  -13.9594268846503       0.393238957733308        50.6806134888024     
  -13.9325567665758       0.411442408626725        51.0920558974291     
  -13.9056866485014       0.424343858449387        51.5163997558785     
  -13.8788165304269       0.430875866142046        51.9472756220205     
  -13.8519464123524       0.430383229719183        52.3776588517397     
  -13.8250762942779       0.422659029584651        52.8003178813244     
  -13.7982061762035       0.407943044782012        53.2082609261064     
  -13.7713360581290       0.386883218584479        53.5951441446908     
  -13.7444659400545       0.360464973941836        53.9556091186327     
  -13.7175958219800       0.329916697403869        54.2855258160366     
  -13.6907257039055       0.296602075287376        54.5821278913239     
  -13.6638555858311       0.261910837914824        54.8440387292388     
  -13.6369854677566       0.227158775224369        55.0711975044631     
  -13.6101153496821       0.193505829175612        55.2647033336387     
  -13.5832452316076       0.161898060592674        55.4266013942314     
  -13.5563751135332       0.133035867243418        55.5596372614748     
  -13.5295049954587       0.107367543785003        55.6670048052598     
  -13.5026348773842       8.510458077864354E-002   55.7521093860385     
  -13.4757647593097       6.625329748188444E-002   55.8183626835204     
  -13.4488946412352       5.065660077876790E-002   55.8690192842991     
  -13.4220245231608       3.803979252764685E-002   55.9070590768268     
  -13.3951544050863       2.805520841176137E-002   55.9351142852385     
  -13.3682842870118       2.032178879924741E-002   55.9554360740378     
  -13.3414141689373       1.445717098854289E-002   55.9698932450263     
  -13.3145440508629       1.010130706866881E-002   55.9799945520950     
  -13.2876739327884       6.931778374798880E-003   55.9869263304698     
  -13.2608038147139       4.671804434268859E-003   55.9915981349041     
  -13.2339336966394       3.092415315585568E-003   55.9946905502196     
  -13.2070635785649       2.010412643493838E-003   55.9967009628631     
  -13.1801934604905       1.283661442530862E-003   55.9979846243057     
  -13.1533233424160       8.050192616334230E-004   55.9987896435673     
  -13.1264532243415       4.959017123176953E-004   55.9992855452796     
  -13.0995831062670       3.001689411465104E-004   55.9995857142208     
  -13.0727129881926       1.787389393854607E-004   55.9997644531601     
  -13.0458428701181       1.051139677927858E-004   55.9998695671279     
  -13.0189727520436       6.185238009610524E-005   55.9999314195080     
  -12.9921026339691       3.792528192456286E-005   55.9999693447900     
  -12.9652325158946       2.685526664723164E-005   55.9999962000566     
  -12.9383623978202       2.553049734713457E-005   56.0000217305540     
  -12.9114922797457       3.360997194588162E-005   56.0000553405259     
  -12.8846221616712       5.347526180949340E-005   56.0001088157877     
  -12.8577520435967       9.073285170142445E-005   56.0001995486394     
  -12.8308819255223       1.553233822732587E-004   56.0003548720217     
  -12.8040118074478       2.633438350025859E-004   56.0006182158567     
  -12.7771416893733       4.397292013516038E-004   56.0010579450580     
  -12.7502715712988       7.219624975896501E-004   56.0017799075556     
  -12.7234014532243       1.164974468909088E-003   56.0029448820245     
  -12.6965313351499       1.847342938628632E-003   56.0047922249632     
  -12.6696612170754       2.878791649448409E-003   56.0076710166126     
  -12.6427910990009       4.408806936979341E-003   56.0120798235496     
  -12.6159209809264       6.635931552620450E-003   56.0187157551022     
  -12.5890508628520       9.816964196146258E-003   56.0285327192984     
  -12.5621807447775       1.427491388414910E-002   56.0428076331825     
  -12.5353106267030       2.040417447664456E-002   56.0632118076592     
  -12.5084405086285       2.867106290407179E-002   56.0918828705632     
  -12.4815703905540       3.960768932638183E-002   56.1314905598896     
  -12.4547002724796       5.379719104381497E-002   56.1852877509334     
  -12.4278301544051       7.184874873943439E-002   56.2571364996729     
  -12.4009600363306       9.436156906375327E-002   56.3514980687366     
  -12.3740899182561       0.121878166658929        56.4733762353955     
  -12.3472198001817       0.154828747944967        56.6282049833405     
  -12.3203496821072       0.193470147546661        56.8216751308872     
  -12.2934795640327       0.237824383253138        57.0594995141403     
  -12.2666094459582       0.287623213776876        57.3471227279172     
  -12.2397393278837       0.342265829689911        57.6893885576071     
  -12.2128692098093       0.400796742354739        58.0901852999618     
  -12.1859990917348       0.461909906699593        58.5520952066614     
  -12.1591289736603       0.523983100869867        59.0760783075313     
  -12.1322588555858       0.585143725342059        59.6612220328734     
  -12.1053887375114       0.643363768152642        60.3045858010260     
  -12.0785186194369       0.696578129512132        61.0011639305381     
  -12.0516485013624       0.742817295594209        61.7439812261323     
  -12.0247783832879       0.780342979591043        62.5243242057234     
  -11.9979082652134       0.807774204295769        63.3320984100192     
  -11.9710381471390       0.824191623424143        64.1562900334433     
  -11.9441680290645       0.829209701492952        64.9854997349363     
  -11.9172979109900       0.823009504850850        65.8085092397871     
  -11.8904277929155       0.806328908393985        66.6148381481811     
  -11.8635576748411       0.780411457156082        67.3952496053372     
  -11.8366875567666       0.746919340627780        68.1421689459649     
  -11.8098174386921       0.707819375987474        68.8499883219524     
  -11.7829473206176       0.665253117732584        69.5152414396850     
  -11.7560772025431       0.621402979061405        70.1366444187464     
  -11.7292070844687       0.578365565886507        70.7150099846329     
  -11.7023369663942       0.538041519510756        71.2530515041437     
  -11.6754668483197       0.502048450590893        71.7550999547345     
  -11.6485967302452       0.471660530666122        72.2267604854007     
  -11.6217266121708       0.447775483865158        72.6745359692658     
  -11.5948564940963       0.430907477032301        73.1054434462981     
  -11.5679863760218       0.421202947237188        73.5266463935353     
  -11.5411162579473       0.418475728875081        73.9451221224104     
  -11.5142461398728       0.422257760743109        74.3673798831535     
  -11.4873760217984       0.431861862573030        74.7992417457265     
  -11.4605059037239       0.446453246325709        75.2456949920523     
  -11.4336357856494       0.465126324658503        75.7108213167107     
  -11.4067656675749       0.486982905900526        76.1978042226113     
  -11.3798955495005       0.511207115206738        76.7090113378180     
  -11.3530254314260       0.537131611813082        77.2461429496311     
  -11.3261553133515       0.564289231643398        77.8104321812745     
  -11.2992851952770       0.592444414592547        78.4028765958671     
  -11.2724150772025       0.621599907321797        79.0244765031889     
  -11.2455449591281       0.651976306144067        79.6764528093329     
  -11.2186748410536       0.683964838764181        80.3604176480971     
  -11.1918047229791       0.718056997108328        81.0784746452054     
  -11.1649346049046       0.754757719684547        81.8332323648900     
  -11.1380644868302       0.794491255397873        82.6277236202879     
  -11.1111943687557       0.837510189396782        83.4652338096846     
  -11.0843242506812       0.883818127050750        84.3490519367354     
  -11.0574541326067       0.933115197365341        85.2821671341007     
  -11.0305840145322       0.984773060713907        86.2669401948146     
  -11.0037138964578        1.03784286895543        87.3047830637701     
  -10.9768437783833        1.09109609775912        88.3958791615292     
  -10.9499736603088        1.14309481467701        89.5389739762062     
  -10.9231035422343        1.19228514158975        90.7312591177959     
  -10.8962334241599        1.23710566470424        91.9683647825002     
  -10.8693633060854        1.27610144590639        93.2444662284066     
  -10.8424931880109        1.30803408249520        94.5525003109018     
  -10.8156230699364        1.33197885410011        95.8844791650019     
  -10.7887529518619        1.34740125233920        97.2318804173411     
  -10.7618828337875        1.35420696643857        98.5860873837797     
  -10.7350127157130        1.35276155271505        99.9388489364947     
  -10.7081425976385        1.34387839858015        101.282727335075     
  -10.6812724795640        1.32877603667408        102.611503371749     
  -10.6544023614896        1.30900818253496        103.920511554284     
  -10.6275322434151        1.28637185521625        105.206883409500     
  -10.6006621253406        1.26280040029638        106.469683809797     
  -10.5737920072661        1.24024902287830        107.709932832675     
  -10.5469218891916        1.22058049481634        108.930513327491     
  -10.5200517711172        1.20545807585854        110.135971403350     
  -10.4931816530427        1.19625154098404        111.332222944334     
  -10.4663115349682        1.19396077085654        112.526183715190     
  -10.4394414168937        1.19915989559377        113.725343610784     
  -10.4125712988193        1.21196369844110        114.937307309225     
  -10.3857011807448        1.23201700403542        116.169324313261     
  -10.3588310626703        1.25850709197069        117.427831405231     
  -10.3319609445958        1.29019867455143        118.718030079783     
  -10.3050908265213        1.32549047587170        120.043520555654     
  -10.2782207084469        1.36249176741196        121.406012323066     
  -10.2513505903724        1.39911624458815        122.805128567655     
  -10.2244804722979        1.43318938174918        124.238317949404     
  -10.1976103542234        1.46256402682619        125.700881976230     
  -10.1707402361490        1.48523774316448        127.186119719394     
  -10.1438701180745        1.49946456878550        128.685584288180     
  -10.1170000000000        1.50385369872994        130.189437986910     
  -10.0901298819255        1.49744825126021        131.686886238170     
  -10.0632597638510        1.47977874788427        133.166664986054     
  -10.0363896457766        1.45088805875121        134.617553044806     
  -10.0095195277021        1.41132705744114        136.028880102247     
  -9.98264940962761        1.36212275402720        137.391002856274     
  -9.95577929155313        1.30472290703819        138.695725763312     
  -9.92890917347865        1.24092279831964        139.936648561632     
  -9.90203905540418        1.17278083579316        141.109429397425     
  -9.87516893732970        1.10252987717926        142.211959274604     
  -9.84829881925522        1.03249067650252        143.244449951107     
  -9.82142870118074       0.964992735905460        144.209442687012     
  -9.79455858310627       0.902306227036551        145.111748914049     
  -9.76768846503179       0.846586690712907        145.958335604762     
  -9.74081834695731       0.799832132522990        146.758167737285     
  -9.71394822888283       0.763850156953913        147.522017894238     
  -9.68707811080835       0.740231220412429        148.262249114651     
  -9.66020799273388       0.730323246115057        148.992572360766     
  -9.63333787465940       0.735202998167192        149.727775358933     
  -9.60646775658492       0.755640900261987        150.483416259195     
  -9.57959763851044       0.792058345994188        151.275474605189     
  -9.55272752043597       0.844479673446185        152.119954278635     
  -9.52585740236149       0.912484317371457        153.032438596007     
  -9.49898728428701       0.995167496903096        154.027606092910     
  -9.47211716621253        1.09111941134259        155.118725504253     
  -9.44524704813806        1.19843271745350        156.317158221706     
  -9.41837693006358        1.31474577944272        157.631904001149     
  -9.39150681198910        1.43732497190447        159.069228973053     
  -9.36463669391462        1.56318377250265        160.632412745556     
  -9.33776657584014        1.68923045404885        162.321643199605     
  -9.31089645776567        1.81243099438997        164.134074193995     
  -9.28402633969119        1.92997042045438        166.064044614449     
  -9.25715622161671        2.03939494234047        168.103439556790     
  -9.23028610354223        2.13871919170388        170.242158748493     
  -9.20341598546776        2.22648738842449        172.468646136918     
  -9.17654586739328        2.30178356139154        174.770429698309     
  -9.14967574931880        2.36419295397221        177.134622652282     
  -9.12280563124432        2.41372326209755        179.548345914379     
  -9.09593551316984        2.45069933119484        181.999045245574     
  -9.06906539509537        2.47564765774098        184.474692903315     
  -9.04219527702089        2.48918722130202        186.963880124617     
  -9.01532515894641        2.49194097723931        189.455821101856     
  -8.98845504087193        2.48447829303767        191.940299394894     
  -8.96158492279745        2.46729345707282        194.407592851967     
  -8.93471480472298        2.44081993761677        196.848412789584     
  -8.90784468664850        2.40547506445958        199.253887854043     
  -8.88097456857402        2.36172583208297        201.615613686126     
  -8.85410445049954        2.31016397223825        203.925777658365     
  -8.82723433242507        2.25157750739931        206.177355165764     
  -8.80036421435059        2.18700668699597        208.364361852760     
  -8.77349409627611        2.11777437902377        210.482136231784     
  -8.74662397820163        2.04548435309261        212.527620584876     
  -8.71975386012716        1.97198503562603        214.499605620502     
  -8.69288374205268        1.89930073395537        216.398906354458     
  -8.66601362397820        1.82953645099446        218.228442805452     
  -8.63914350590372        1.76476569999668        219.993208505449     
  -8.61227338782924        1.70691273572509        221.700121241174     
  -8.58540326975477        1.65764108707772        223.357762328252     
  -8.55853315168029        1.61825919613729        224.976021524389     
  -8.53166303360581        1.58965158891484        226.565673113304     
  -8.50479291553133        1.57224078838345        228.137913901687     
  -8.47792279745686        1.56598171344160        229.703895615129     
  -8.45105267938238        1.57038715924431        231.274282774373     
  -8.42418256130790        1.58458055503093        232.858863329404     
  -8.39731244323342        1.60737074096971        234.466234070374     
  -8.37044232515894        1.63734292715059        236.103576997524     
  -8.34357220708447        1.67296000731911        237.776537004843     
  -8.31670208900999        1.71266859752550        239.489205602369     
  -8.28983197093551        1.75500418732288        241.244209789692     
  -8.26296185286103        1.79868942731738        243.042899217009     
  -8.23609173478656        1.84271888415901        244.885618101168     
  -8.20922161671208        1.88642288642036        246.772040987588     
  -8.18235149863760        1.92950285944940        248.701543847038     
  -8.15548138056312        1.97203133767453        250.673575184712     
  -8.12861126248864        2.01441204200841        252.687987226721     
  -8.10174114441417        2.05729911414006        254.745286340861     
  -8.07487102633969        2.10147951899566        256.846765859857     
  -8.04800090826521        2.14772809480790        258.994493954665     
  -8.02113079019074        2.19664981432890        261.191143768993     
  -7.99426067211625        2.24852751176092        263.439671280754     
  -7.96739055404178        2.30319476592028        265.742866046675     
  -7.94052043596730        2.35995229740384        268.102818344078     
  -7.91365031789282        2.41754210075031        270.520360444829     
  -7.88678019981835        2.47418706130576        272.994547506135     
  -7.85991008174387        2.52769589326824        275.522243399403     
  -7.83303996366939        2.57562502732072        278.097868426723     
  -7.80616984559491        2.61548176149471        280.713350188218     
  -7.77929972752043        2.64494758786774        283.358297776086     
  -7.75242960944596        2.66209781375314        286.020395589839     
  -7.72555949137148        2.66559369385776        288.685989283697     
  -7.69868937329700        2.65482615785931        291.340815441556     
  -7.67181925522252        2.62999539984927        293.970810841405     
  -7.64494913714805        2.59211741318031        296.562928254586     
  -7.61807901907357        2.54295622297183        299.105884477558     
  -7.59120890099909        2.48488829803433        301.590772775592     
  -7.56433878292461        2.42071267846441        304.011485454056     
  -7.53746866485013        2.35342608362612        306.364911537682     
  -7.51059854677566        2.28598611381223        308.650897651495     
  -7.48372842870118        2.22108718627805        310.871984837773     
  -7.45685831062670        2.16097275875441        313.032957596527     
  -7.42998819255222        2.10730360350926        315.140261200036     
  -7.40311807447775        2.06109559292055        317.201356792957     
  -7.37624795640327        2.02273217079799        319.224088963755     
  -7.34937783832879        1.99204729270084        321.216136256456     
  -7.32250772025431        1.96846530244427        323.184601558900     
  -7.29563760217983        1.95117631371266        325.135777872613     
  -7.26876748410536        1.93932048629849        327.075098358911     
  -7.24189736603088        1.93215314355543        329.007251502467     
  -7.21502724795640        1.92916547762440        330.936416980091     
  -7.18815712988192        1.93014246858127        332.866559448672     
  -7.16128701180745        1.93514972584868        334.801709174521     
  -7.13441689373297        1.94445274773342        336.746161922254     
  -7.10754677565849        1.95838369439806        338.704545616652     
  -7.08067665758401        1.97718020954039        340.681725826193     
  -7.05380653950953        2.00082640998936        342.682552236182     
  -7.02693642143506        2.02892678751952        344.711479023702     
  -7.00006630336058        2.06063914583835        346.772118169540     
  -6.97319618528610        2.09468343503318        348.866801604573     
  -6.94632606721163        2.12943086814877        350.996232472722     
  -6.91945594913715        2.16306402234862        353.159296495071     
  -6.89258583106267        2.19378601117687        355.353082506247     
  -6.86571571298819        2.22004741436541        357.573129920613     
  -6.83884559491371        2.24075513226906        359.813885052882     
  -6.81197547683924        2.25542858716005        362.069313640042     
  -6.78510535876476        2.26427568383709        364.333589323879     
  -6.75823524069028        2.26817268323268        366.601762007112     
  -6.73136512261580        2.26854684856735        368.870308855679     
  -6.70449500454133        2.26717608071367        371.137484936393     
  -6.67762488646685        2.26593329408602        373.403418230479     
  -6.65075476839237        2.26651276395138        375.669930994430     
  -6.62388465031789        2.27017948119958        377.940110475630     
  -6.59701453224341        2.27757995606340        380.217690431693     
  -6.57014441416894        2.28864422637457        382.506334658068     
  -6.54327429609446        2.30259535967332        384.808930017741     
  -6.51640417801998        2.31806660287484        387.126996620616     
  -6.48953405994550        2.33331009394782        389.460306714564     
  -6.46266394187102        2.34646729601482        391.806774010579     
  -6.43579382379655        2.35586221495662        394.162636225535     
  -6.40892370572207        2.36027539488214        396.522911620417     
  -6.38205358764759        2.35916000661725        398.882071627035     
  -6.35518346957311        2.35277033983508        401.234841966870     
  -6.32831335149864        2.34218605052508        403.577028017395     
  -6.30144323342416        2.32923037485075        405.906258392245     
  -6.27457311534968        2.31629479280169        408.222553185047     
  -6.24770299727520        2.30609416446368        410.528647349511     
  -6.22083287920072        2.30138364780152        412.830030997312     
  -6.19396276112625        2.30467106849416        415.134702065806     
  -6.16709264305177        2.31795607057754        417.452658136384     
  -6.14022252497729        2.34252130824965        419.795179444634     
  -6.11335240690281        2.37879260279026        422.173972047424     
  -6.08648228882834        2.42627598225455        424.600248029678     
  -6.05961217075386        2.48357125279648        427.083819282475     
  -6.03274205267938        2.54845518950534        429.632274471980     
  -6.00587193460490        2.61802299937352        432.250297471354     
  -5.97900181653042        2.68887429273282        434.939171764087     
  -5.95213169845595        2.75732891938411        437.696500683471     
  -5.92526158038147        2.81965804203776        440.516158725508     
  -5.89839146230699        2.87231616304105        443.388474888549     
  -5.87152134423252        2.91216016612711        446.300635054677     
  -5.84465122615804        2.93664178395439        449.237276838631     
  -5.81778110808356        2.94396055164332        452.181237390274     
  -5.79091099000908        2.93316572464767        455.114403114922     
  -5.76404087193460        2.90419828263542        458.018601397557     
  -5.73717075386013        2.85786826532488        460.876469662882     
  -5.71030063578565        2.79576820363889        463.672237866521     
  -5.68343051771117        2.72012983238200        466.392367698903     
  -5.65656039963669        2.63363775941278        469.026005458316     
  -5.62969028156222        2.53921927474020        471.565224733056     
  -5.60282016348774        2.43983296863910        474.005057701695     
  -5.57595004541326        2.33827948031097        476.343337182006     
  -5.54907992733878        2.23705513298362        478.580392314990     
  -5.52220980926430        2.13826358226658        480.718655897256     
  -5.49533969118983        2.04359261293419        482.762248510191     
  -5.46846957311535        1.95435400859756        484.716602518788     
  -5.44159945504087        1.87157538179509        486.588177900583     
  -5.41472933696639        1.79612538785964        488.384303288443     
  -5.38785921889191        1.72884901582070        490.113152304264     
  -5.36098910081744        1.67068838040684        491.783840684671     
  -5.33411898274296        1.62276680920685        493.406607493877     
  -5.30724886466848        1.58641964350064        494.993027137378     
  -5.28037874659400        1.56316318366127        496.556190321039     
  -5.25350862851953        1.55460241690878        498.110792737948     
  -5.22663851044505        1.56228724130213        499.673079979250     
  -5.19976839237057        1.58753458706266        501.260614566313     
  -5.17289827429609        1.63123911488656        502.891853681199     
  -5.14602815622161        1.69369738158110        504.585551062780     
  -5.11915803814714        1.77446927107809        506.360020333859     
  -5.09228792007266        1.87229628903024        508.232316622889     
  -5.06541780199818        1.98508959449349        510.217406217382     
  -5.03854768392370        2.10999228063585        512.327398498018     
  -5.01167756584923        2.24351150069610        514.570909998714     
  -4.98480744777475        2.38170771315006        516.952617711864     
  -4.95793732970027        2.52042166422621        519.473039376090     
  -4.93106721162579        2.65551559755526        522.128554973646     
  -4.90419709355131        2.78310410910212        524.911659082748     
  -4.87732697547684        2.89975216448931        527.811411247237     
  -4.85045685740236        3.00262273438908        530.814033981626     
  -4.82358673932788        3.08956354318883        533.903597524815     
  -4.79671662125341        3.15913052572616        537.062728050541     
  -4.76984650317893        3.21055356432971        540.273281614871     
  -4.74297638510445        3.24365680010815        543.516938414979     
  -4.71610626702997        3.25875037692929        546.775688791908     
  -4.68923614895549        3.25651235500652        550.032201146915     
  -4.66236603088102        3.23787863672326        553.270079783638     
  -4.63549591280654        3.20395542139600        556.474035205034     
  -4.60862579473206        3.15596362581566        559.629998830850     
  -4.58175567665758        3.09521874350026        562.725217574350     
  -4.55488555858311        3.02314366681415        565.748361241164     
  -4.52801544050863        2.94130684577346        568.689668086938     
  -4.50114532243415        2.85147437382745        571.541142460765     
  -4.47427520435967        2.75566248829404        574.296804949059     
  -4.44740508628519        2.65617662847447        576.952981577534     
  -4.42053496821072        2.55562450356070        579.508606081094     
  -4.39366485013624        2.45689336827350        581.965499449368     
  -4.36679473206176        2.36308561240985        584.328585061778     
  -4.33992461398728        2.27741153470611        586.605996596484     
  -4.31305449591281        2.20304344459651        588.809040041080     
  -4.28618437783833        2.14294059929641        590.951980640377     
  -4.25931425976385        2.09965941907907        593.051640059456     
  -4.23244414168937        2.07516730940159        595.126807368857     
  -4.20557402361489        2.07068057984689        597.197487948704     
  -4.17870390554042        2.08654676386466        599.284034712569     
  -4.15183378746594        2.12218868863321        601.406223401202     
  -4.12496366939146        2.17612186102763        603.582345262230     
  -4.09809355131698        2.24604854867546        605.828393810905     
  -4.07122343324250        2.32902229364314        608.157416104548     
  -4.04435331516803        2.42166689445946        610.579082999008     
  -4.01748319709355        2.52042576357511        613.099508762583     
  -3.99061307901907        2.62181258159907        615.721321344182     
  -3.96374296094459        2.72263349012172        618.443954834304     
  -3.93687284287012        2.82015514809086        621.264109982394     
  -3.91000272479564        2.91220139375623        624.176311376151     
  -3.88313260672116        2.99717269423829        627.173484070389     
  -3.85626248864668        3.07399503826482        630.247479108654     
  -3.82939237057220        3.14201613981967        633.389495248474     
  -3.80252225249773        3.20087463922032        636.590369887694     
  -3.77565213442325        3.25037090172846        639.840740789422     
  -3.74878201634877        3.29036547090352        643.131106260326     
  -3.72191189827429        3.32072378209742        646.451830042423     
  -3.69504178019982        3.34131492586430        649.793144968287     
  -3.66817166212534        3.35206029157649        653.145205259864     
  -3.64130154405086        3.35301724031948        656.498222500183     
  -3.61443142597638        3.34447566216149        659.842698162345     
  -3.58756130790190        3.32704272151574        663.169740883861     
  -3.56069118982743        3.30169362076079        666.471434504621     
  -3.53382107175295        3.26977309618757        669.741207600809     
  -3.50695095367847        3.23294202318564        672.974149623995     
  -3.48008083560400        3.19307389020853        676.167223514203     
  -3.45321071752952        3.15211492764148        679.319338441845     
  -3.42634059945504        3.11192769566927        682.431266137514     
  -3.39947048138056        3.07414003132987        685.505406168844     
  -3.37260036330608        3.04001938238386        688.545425551228     
  -3.34573024523161        3.01038745733770        691.555813008565     
  -3.31886012715713        2.98558308436586        694.541396092931     
  -3.29199000908265        2.96547369016004        697.506869783091     
  -3.26511989100817        2.94950924090265        700.456379023994     
  -3.23824977293370        2.93680779418759        703.393186818181     
  -3.21137965485922        2.92625943268777        706.319446250869     
  -3.18450953678474        2.91663522118901        709.236081472058     
  -3.15763941871026        2.90668950524049        712.142770977299     
  -3.13076930063578        2.89524671923891        715.038017696538     
  -3.10389918256131        2.88126725184622        717.919284948384     
  -3.07702906448683        2.86389030008101        720.783175248465     
  -3.05015894641235        2.84245466635072        723.625629914816     
  -3.02328882833787        2.81650089520352        726.442130810019     
  -2.99641871026340        2.78575987804120        729.227890688060     
  -2.96954859218892        2.75013398211504        731.978024670175     
  -2.94267847411444        2.70967681317237        734.687701483348     
  -2.91580835603996        2.66457687256598        737.352278355914     
  -2.88893823796548        2.61514868976211        739.967427045676     
  -2.86206811989101        2.56183271555078        742.529259761226     
  -2.83519800181653        2.50520272279987        745.034462484026     
  -2.80832788374205        2.44597716561717        747.480439649643     
  -2.78145776566757        2.38502939160858        749.865469041252     
  -2.75458764759309        2.32339116429001        752.188860205542     
  -2.72771752951862        2.26224477426427        754.451104979806     
  -2.70084741144414        2.20290093542113        756.654005915227     
  -2.67397729336966        2.14676222683166        758.800768142059     
  -2.64710717529518        2.09527442116799        760.896042563227     
  -2.62023705722071        2.04986999087573        762.945912554103     
  -2.59336693914623        2.01190892713795        764.957821481241     
  -2.56649682107175        1.98262157986012        766.940443061101     
  -2.53962670299727        1.96305673679124        768.903499797892     
  -2.51275658492279        1.95403613539598        770.857535933288     
  -2.48588646684832        1.95611474370880        772.813650676997     
  -2.45901634877384        1.96954512154295        774.783195798540     
  -2.43214623069936        1.99424440162156        776.777440200161     
  -2.40527611262489        2.02976394073968        778.807204140901     
  -2.37840599455041        2.07526408511811        780.882468226019     
  -2.35153587647593        2.12949903423022        783.011967260249     
  -2.32466575840145        2.19081859405117        785.202785854301     
  -2.29779564032697        2.25719391416434        787.459979768465     
  -2.27092552225250        2.32627268046758        789.786252448932     
  -2.24405540417802        2.39546576281489        792.181718211747     
  -2.21718528610354        2.46206259095191        794.643780802699     
  -2.19031516802906        2.52336754356108        797.167148346260     
  -2.16344504995459        2.57684552832318        799.743993874583     
  -2.13657493188011        2.62026270686751        802.364256581451     
  -2.10970481380563        2.65180856501738        805.016065146468     
  -2.08283469573115        2.67018825051002        807.686253396978     
  -2.05596457765667        2.67467870035355        810.360932097332     
  -2.02909445958220        2.66514750074199        813.026079598074     
  -2.00222434150772        2.64203841264607        815.668118010720     
  -1.97535422343324        2.60633093257607        818.274448943296     
  -1.94848410535876        2.55948243706257        820.833931380359     
  -1.92161398728429        2.50336028040078        823.337291660759     
  -1.89474386920981        2.44016820534824        825.777459866108     
  -1.86787375113533        2.37236760118781        828.149827467295     
  -1.84100363306085        2.30259073905370        830.452418206349     
  -1.81413351498637        2.23354126274356        832.685959469093     
  -1.78726339691190        2.16787764451949        834.853837113612     
  -1.76039327883742        2.10807816275564        836.961915276368     
  -1.73352316076294        2.05629071327586        839.018205989644     
  -1.70665304268846        2.01417639300210        841.032382382646     
  -1.67978292461398        1.98276097115433        843.015143353800     
  -1.65291280653951        1.96231178850364        844.977455142304     
  -1.62604268846503        1.95225831634518        846.929713458649     
  -1.59917257039055        1.95117211952834        848.880885578177     
  -1.57230245231607        1.95681649143104        850.837702069608     
  -1.54543233424160        1.96626834239209        852.803970412000     
  -1.51856221616712        1.97610623027075        854.780076642271     
  -1.49169209809264        1.98265010658020        856.762726748851     
  -1.46482198001816        1.98223171420680        858.744958463058     
  -1.43795186194368        1.97147060001883        860.716429063077     
  -1.41108174386921        1.94752992019661        862.663958983274     
  -1.38421162579473        1.90832862415309        864.572287607427     
  -1.35734150772025        1.85269173982477        866.424979347251     
  -1.33047138964578        1.78042753377875        868.205406881030     
  -1.30360127157130        1.69232827995086        869.897735160981     
  -1.27673115349682        1.59009921437595        871.487834375357     
  -1.24986103542234        1.47622707233846        872.964061447695     
  -1.22299091734786        1.35380470813822        874.317866155834     
  -1.19612079927339        1.22633126158207        875.544197417416     
  -1.16925068119891        1.09750800778137        876.641705425197     
  -1.14238056312443       0.971048505207161        877.612753930404     
  -1.11551044504995       0.850518246127354        878.463272176532     
  -1.08864032697548       0.739214177715876        879.202486354248     
  -1.06177020890100       0.640088775571862        879.842575129819     
  -1.03490009082652       0.555717449891924        880.398292579711     
  -1.00802997275204       0.488302596213143        880.886595175924     
 -0.981159854677564       0.439703176722238        881.326298352647     
 -0.954289736603087       0.411475851504303        881.737774204151     
 -0.927419618528610       0.404912742771376        882.142686946922     
 -0.900549500454130       0.421062084967022        882.563749031889     
 -0.873679382379652       0.460721232009341        883.024470263899     
 -0.846809264305175       0.524396448155828        883.548866712054     
 -0.819939146230698       0.612230040625866        884.161096752680     
 -0.793069028156221       0.723901928320800        884.884998681001     
 -0.766198910081741       0.858518771608454        885.743517452610     
 -0.739328792007264        1.01450837286121        886.758025825471     
 -0.712458673932787        1.18953936054528        887.947565186016     
 -0.685588555858310        1.38048560514856        889.328050791165     
 -0.658718437783833        1.58345117782475        890.911501968989     
 -0.631848319709352        1.79386521574653        892.705367184736     
 -0.604978201634875        2.00664755140940        894.712014736145     
 -0.578108083560398        2.21643656096091        896.928451297106     
 -0.551237965485921        2.41786180656076        899.346313103667     
 -0.524367847411444        2.60583712770424        901.952150231371     
 -0.497497729336963        2.77584607113054        904.727996302502     
 -0.470627611262486        2.92419164962761        907.652187952129     
 -0.443757493188009        3.04818645288460        910.700374405014     
 -0.416887375113532        3.14626648005262        913.846640885067     
 -0.390017257039055        3.21802152097887        917.064662406045     
 -0.363147138964575        3.26414491901112        920.328807325056     
 -0.336277020890098        3.28631448529862        923.615121810355     
 -0.309406902815621        3.28702284524658        926.902144655602     
 -0.282536784741144        3.26937874046357        930.171523396065     
 -0.255666666666666        3.23690059611947        933.408423992185     
 -0.228796548592186        3.19332045214496        936.601744444330     
 -0.201926430517709        3.14241110611891        939.744155550448     
 -0.175056312443232        3.08784324454510        942.831998794994     
 -0.148186194368755        3.03307365055583        945.865072445549     
 -0.121316076294278        2.98126121482020        948.846333660370     
 -9.444595821979718E-002   2.93520497164996        951.781538632019     
 -6.757584014532014E-002   2.89729780072325        954.678836432743     
 -4.070572207084311E-002   2.86949044199126        957.548326874734     
 -1.383560399636607E-002   2.85326247097259        960.401589345706     
  1.303451407811096E-002   2.84959919003434        963.251188535741     
  3.990463215259155E-002   2.85897540097797        966.110163936719     
  6.677475022706858E-002   2.88134832257116        968.991512259290     
  9.364486830154561E-002   2.91616234004722        971.907674599337     
  0.120514986376023        2.96236789728897        974.870042496626     
  0.147385104450500        3.01845591835792        977.888498414984     
  0.174255222524980        3.08250800918823        980.971006424173     
  0.201125340599457        3.15226166305713        984.123268087230     
  0.227995458673934        3.22518899469032        987.348457081920     
  0.254865576748411        3.29858722303275        990.647044304953     
  0.281735694822888        3.36967911092961        994.016723415882     
  0.308605812897369        3.43572161675047        997.452445032633     
  0.335475930971846        3.49412082232903        1000.94656585496     
  0.362346049046323        3.54255051269928        1004.48911636766     
  0.389216167120800        3.57907046968205        1008.06818683734     
  0.416086285195281        3.60223868682748        1011.67042552417     
  0.442956403269758        3.61120963740074        1015.28163516157     
  0.469826521344235        3.60580894929560        1018.88744411087     
  0.496696639418712        3.58657397902372        1022.47401808989     
  0.523566757493189        3.55475040180013        1026.02876849169     
  0.550436875567669        3.51223741056311        1029.54100590225     
  0.577306993642146        3.46147847123796        1033.00248437349     
  0.604177111716623        3.40530044085595        1036.40778481435     
  0.631047229791101        3.34671046760497        1039.75449528195     
  0.657917347865578        3.28866644191374        1043.04316172387     
  0.684787465940058        3.23384175876740        1046.27700348263     
  0.711657584014535        3.18440781949839        1049.46141130213     
  0.738527702089012        3.14185741118682        1052.60326871332     
  0.765397820163489        3.10688868423432        1055.71015739755     
  0.792267938237966        3.07936324781161        1058.78952064536     
  0.819138056312447        3.05834372571027        1061.84786437108     
  0.846008174386924        3.04220709448008        1064.89007146556     
  0.872878292461401        3.02882152618525        1067.91889299174     
  0.899748410535878        3.01576746403579        1070.93466045578     
  0.926618528610355        3.00057918530961        1073.93523964109     
  0.953488646684836        2.98098166425806        1076.91622130534     
  0.980358764759313        2.95509919034790        1079.87132049569     
   1.00722888283379        2.92161654104266        1082.79293703673     
   1.03409900090827        2.87987982818649        1085.67281686492     
   1.06096911898274        2.82993150470916        1088.50274836963     
   1.08783923705722        2.77248145673225        1091.27522982636     
   1.11470935513170        2.70882272911934        1093.98405255548     
   1.14157947320618        2.64070554827137        1096.62475810375     
   1.16844959128066        2.57018647317191        1099.19494457693     
   1.19531970935513        2.49947054435716        1101.69441512128     
   1.22218982742961        2.43076326942788        1104.12517839071     
   1.24905994550409        2.36614644045427        1106.49132483116     
   1.27593006357857        2.30748753592680        1108.79881236709     
   1.30280018165304        2.25638734618443        1111.05519971328     
   1.32967029972752        2.21416508362832        1113.26936479690     
   1.35654041780200        2.18187524174824        1115.45124003865     
   1.38341053587648        2.16034647681236        1117.61158651546     
   1.41028065395096        2.15023034117304        1119.76181685664     
   1.43715077202543        2.15204716517208        1121.91386402181     
   1.46402089009991        2.16621788515043        1124.08008190696     
   1.49089100817439        2.19307396750997        1126.27315587447     
   1.51776112624887        2.23284229606543        1128.50599817054     
   1.54463124432334        2.28560722968079        1130.79160540022     
   1.57150136239782        2.35125710863721        1133.14286250885     
   1.59837148047230        2.42942639829880        1135.57228890715     
   1.62524159854678        2.51944666968627        1138.09173557684     
   1.65211171662126        2.62031928322930        1140.71205486007     
   1.67898183469573        2.73071990034686        1143.44277476041     
   1.70585195277021        2.84904013890736        1146.29181489932     
   1.73272207084469        2.97346551500636        1149.26528041433     
   1.75959218891917        3.10208223433720        1152.36736264867     
   1.78646230699364        3.23299948569253        1155.60036213436     
   1.81333242506812        3.36446967485868        1158.96483180922     
   1.84020254314260        3.49498734542672        1162.45981915464     
   1.86707266121708        3.62334885513238        1166.08316800978     
   1.89394277929156        3.74865927453358        1169.83182728431     
   1.92081289736603        3.87028003949993        1173.70210732381     
   1.94768301544051        3.98771975700668        1177.68982708082     
   1.97455313351499        4.10048000443669        1181.79030708525     
   2.00142325158946        4.20787653021891        1185.99818361547     
   2.02829336966395        4.30886250449045        1190.30704611996     
   2.05516348773842        4.40188315825656        1194.70892927822     
   2.08203360581290        4.48478952365246        1199.19371880187     
   2.10890372388738        4.55483292087695        1203.74855172275     
   2.13577384196185        4.60875192871526        1208.35730365146     
   2.16264396003633        4.64295111254971        1213.00025476401     
   2.18951407811081        4.65375757264215        1217.65401233666     
   2.21638419618529        4.63772946087580        1222.29174179753     
   2.24325431425977        4.59198193210357        1226.88372372963     
   2.27012443233424        4.51449202548470        1231.39821575512     
   2.29699455040872        4.40434545245901        1235.80256120758     
   2.32386466848320        4.26189505145593        1240.06445625903     
   2.35073478655768        4.08881172563463        1244.15326798467     
   2.37760490463215        3.88802227691300        1248.04129026158     
   2.40447502270663        3.66354256298407        1251.70483282457     
   2.43134514078111        3.42022669945488        1255.12505952402     
   2.45821525885559        3.16346183908322        1258.28852136310     
   2.48508537693007        2.89884228040354        1261.18736364351     
   2.51195549500454        2.63185600790574        1263.81921965141     
   2.53882561307902        2.36761178286912        1266.18683143428     
   2.56569573115350        2.11062678469251        1268.29745821898     
   2.59256584922798        1.86468513092832        1270.16214334990     
   2.61943596730245        1.63276802948090        1271.79491137938     
   2.64630608537693        1.41704825156752        1273.21195963095     
   2.67317620345141        1.21893601358868        1274.43089564454     
   2.70004632152589        1.03916061012997        1275.47005625467     
   2.72691643960037       0.877872092547794        1276.34792834722     
   2.75378655767484       0.734749356681883        1277.08267770390     
   2.78065667574932       0.609104367782508        1277.69178207168     
   2.80752679382380       0.499976048753720        1278.19175812044     
   2.83439691189828       0.406210856636307        1278.59796897707     
   2.86126702997275       0.326529778396211        1278.92449875547     
   2.88813714804723       0.259583174393491        1279.18408192986     
   2.91500726612171       0.203995620640360        1279.38807755050     
   2.94187738419619       0.158402861661588        1279.54648041217     
   2.96874750227067       0.121482483860650        1279.66796289603     
   2.99561762034514       9.197925478835610E-002   1279.75994215081     
   3.02248773841962       6.872548375492318E-002   1279.82866763457     
   3.04935785649410       5.065638553225360E-002   1279.87932402010     
   3.07622797456857       3.682031509517567E-002   1279.91614433520     
   3.10309809264306       2.638385270931696E-002   1279.94252818791     
   3.12996821071753       1.863197344432354E-002   1279.96116016135     
   3.15683832879201       1.296383728127595E-002   1279.97412399863     
   3.18370844686649       8.885001174310703E-003   1279.98300899981     
   3.21057856494096       5.997026183257908E-003   1279.98900602599     
   3.23744868301544       3.985507249195254E-003   1279.99299153324     
   3.26431880108992       2.607495485934389E-003   1279.99559902872     
   3.29118891916440       1.679138348200572E-003   1279.99727816707     
   3.31805903723887       1.064166789141836E-003   1279.99834233386     
   3.34492915531335       6.636460241268446E-004   1279.99900597989     
   3.37179927338783       4.072070903237735E-004   1279.99941318698     
   3.39866939146231       2.458098132269334E-004   1279.99965899679     
   3.42553950953679       1.459637925425984E-004   1279.99980496058     
   3.45240962761126       8.525376216989391E-005   1279.99989021434     
   3.47927974568574       4.897426709471318E-005   1279.99993918861     
   3.50614986376022       2.766778906548200E-005   1279.99996685640     
   3.53301998183470       1.537097992513779E-005   1279.99998222738     
   3.55989009990918       8.396915251083776E-006   1279.99999062430     
   3.58676021798365       4.510258668298690E-006   1279.99999513455     
   3.61363033605813       2.381883816398136E-006   1279.99999751644     
   3.64050045413261       1.236666463796856E-006   1279.99999875310     
   3.66737057220709       6.312105505641946E-007   1279.99999938431     
   3.69424069028156       3.167112944400027E-007   1279.99999970103     
   3.72111080835604       1.562066744411413E-007   1279.99999985723     
   3.74798092643052       7.572904589297959E-008   1279.99999993296     
   3.77485104450500       3.608555157724042E-008   1279.99999996905     
   3.80172116257948       1.690029086760716E-008   1279.99999998595     
   3.82859128065395       7.779073280715990E-009   1279.99999999373     
   3.85546139872843       3.518990117259545E-009   1279.99999999725     
   3.88233151680291       1.564404828499188E-009   1279.99999999881     
   3.90920163487739       6.834498783429323E-010   1279.99999999949     
   3.93607175295186       2.934104236158343E-010   1279.99999999979     
   3.96294187102634       1.237779512133080E-010   1279.99999999991     
   3.98981198910082       5.130928911996693E-011   1279.99999999996     
   4.01668210717530       2.089886158010076E-011   1279.99999999998     
   4.04355222524978       8.364003120740066E-012   1279.99999999999     
   4.07042234332425       3.288893137866344E-012   1279.99999999999     
   4.09729246139873       1.270628567640042E-012   1280.00000000000     
   4.12416257947321       4.822463500579743E-013   1280.00000000000     
   4.15103269754768       1.797026611717600E-013   1280.00000000000     
   4.17790281562216       6.589347123497902E-014   1280.00000000000     
   4.20477293369664       2.373085452103685E-014   1280.00000000000     
   4.23164305177112       8.457590097016299E-015   1280.00000000000     
   4.25851316984560       2.895741372382910E-015   1280.00000000000     
   4.28538328792007       9.640183616654863E-016   1280.00000000000     
   4.31225340599455       3.584914483323320E-016   1280.00000000000     
   4.33912352406903       1.541193388188145E-016   1280.00000000000     
   4.36599364214351       4.976487971708465E-017   1280.00000000000     
   4.39286376021798       0.000000000000000E+000   1280.00000000000     
   4.41973387829246       0.000000000000000E+000   1280.00000000000     
   4.44660399636694       0.000000000000000E+000   1280.00000000000     
   4.47347411444142       0.000000000000000E+000   1280.00000000000     
   4.50034423251590       0.000000000000000E+000   1280.00000000000     
   4.52721435059037       0.000000000000000E+000   1280.00000000000     
   4.55408446866485       0.000000000000000E+000   1280.00000000000     
   4.58095458673933       0.000000000000000E+000   1280.00000000000     
   4.60782470481381       0.000000000000000E+000   1280.00000000000     
   4.63469482288829       0.000000000000000E+000   1280.00000000000     
   4.66156494096276       0.000000000000000E+000   1280.00000000000     
