  -25.2811303360581       0.000000000000000E+000  0.000000000000000E+000
  -25.2533910081744       0.000000000000000E+000  0.000000000000000E+000
  -25.2256516802906       0.000000000000000E+000  0.000000000000000E+000
  -25.1979123524069       0.000000000000000E+000  0.000000000000000E+000
  -25.1701730245232       0.000000000000000E+000  0.000000000000000E+000
  -25.1424336966394       0.000000000000000E+000  0.000000000000000E+000
  -25.1146943687557       0.000000000000000E+000  0.000000000000000E+000
  -25.0869550408719       0.000000000000000E+000  0.000000000000000E+000
  -25.0592157129882       0.000000000000000E+000  0.000000000000000E+000
  -25.0314763851045       0.000000000000000E+000  0.000000000000000E+000
  -25.0037370572207       0.000000000000000E+000  0.000000000000000E+000
  -24.9759977293370       0.000000000000000E+000  0.000000000000000E+000
  -24.9482584014532       0.000000000000000E+000  0.000000000000000E+000
  -24.9205190735695       0.000000000000000E+000  0.000000000000000E+000
  -24.8927797456857       0.000000000000000E+000  0.000000000000000E+000
  -24.8650404178020       0.000000000000000E+000  0.000000000000000E+000
  -24.8373010899183       0.000000000000000E+000  0.000000000000000E+000
  -24.8095617620345       0.000000000000000E+000  0.000000000000000E+000
  -24.7818224341508       0.000000000000000E+000  0.000000000000000E+000
  -24.7540831062670       0.000000000000000E+000  0.000000000000000E+000
  -24.7263437783833       0.000000000000000E+000  0.000000000000000E+000
  -24.6986044504995       0.000000000000000E+000  0.000000000000000E+000
  -24.6708651226158       0.000000000000000E+000  0.000000000000000E+000
  -24.6431257947321       0.000000000000000E+000  0.000000000000000E+000
  -24.6153864668483       0.000000000000000E+000  0.000000000000000E+000
  -24.5876471389646       0.000000000000000E+000  0.000000000000000E+000
  -24.5599078110808       0.000000000000000E+000  0.000000000000000E+000
  -24.5321684831971       0.000000000000000E+000  0.000000000000000E+000
  -24.5044291553134       0.000000000000000E+000  0.000000000000000E+000
  -24.4766898274296       0.000000000000000E+000  0.000000000000000E+000
  -24.4489504995459       0.000000000000000E+000  0.000000000000000E+000
  -24.4212111716621       0.000000000000000E+000  0.000000000000000E+000
  -24.3934718437784       0.000000000000000E+000  0.000000000000000E+000
  -24.3657325158946       0.000000000000000E+000  0.000000000000000E+000
  -24.3379931880109       0.000000000000000E+000  0.000000000000000E+000
  -24.3102538601272       0.000000000000000E+000  0.000000000000000E+000
  -24.2825145322434       0.000000000000000E+000  0.000000000000000E+000
  -24.2547752043597       0.000000000000000E+000  0.000000000000000E+000
  -24.2270358764759       0.000000000000000E+000  0.000000000000000E+000
  -24.1992965485922       0.000000000000000E+000  0.000000000000000E+000
  -24.1715572207084       0.000000000000000E+000  0.000000000000000E+000
  -24.1438178928247       0.000000000000000E+000  0.000000000000000E+000
  -24.1160785649410       0.000000000000000E+000  0.000000000000000E+000
  -24.0883392370572       0.000000000000000E+000  0.000000000000000E+000
  -24.0605999091735       0.000000000000000E+000  0.000000000000000E+000
  -24.0328605812897       0.000000000000000E+000  0.000000000000000E+000
  -24.0051212534060       0.000000000000000E+000  0.000000000000000E+000
  -23.9773819255223       0.000000000000000E+000  0.000000000000000E+000
  -23.9496425976385       0.000000000000000E+000  0.000000000000000E+000
  -23.9219032697548       0.000000000000000E+000  0.000000000000000E+000
  -23.8941639418710       0.000000000000000E+000  0.000000000000000E+000
  -23.8664246139873       0.000000000000000E+000  0.000000000000000E+000
  -23.8386852861035       0.000000000000000E+000  0.000000000000000E+000
  -23.8109459582198       0.000000000000000E+000  0.000000000000000E+000
  -23.7832066303361       0.000000000000000E+000  0.000000000000000E+000
  -23.7554673024523       0.000000000000000E+000  0.000000000000000E+000
  -23.7277279745686       0.000000000000000E+000  0.000000000000000E+000
  -23.6999886466848       0.000000000000000E+000  0.000000000000000E+000
  -23.6722493188011       0.000000000000000E+000  0.000000000000000E+000
  -23.6445099909173       0.000000000000000E+000  0.000000000000000E+000
  -23.6167706630336       0.000000000000000E+000  0.000000000000000E+000
  -23.5890313351499       0.000000000000000E+000  0.000000000000000E+000
  -23.5612920072661       0.000000000000000E+000  0.000000000000000E+000
  -23.5335526793824       0.000000000000000E+000  0.000000000000000E+000
  -23.5058133514986       0.000000000000000E+000  0.000000000000000E+000
  -23.4780740236149       0.000000000000000E+000  0.000000000000000E+000
  -23.4503346957312       0.000000000000000E+000  0.000000000000000E+000
  -23.4225953678474       0.000000000000000E+000  0.000000000000000E+000
  -23.3948560399637       0.000000000000000E+000  0.000000000000000E+000
  -23.3671167120799       0.000000000000000E+000  0.000000000000000E+000
  -23.3393773841962       0.000000000000000E+000  0.000000000000000E+000
  -23.3116380563124       0.000000000000000E+000  0.000000000000000E+000
  -23.2838987284287       0.000000000000000E+000  0.000000000000000E+000
  -23.2561594005450       0.000000000000000E+000  0.000000000000000E+000
  -23.2284200726612       0.000000000000000E+000  0.000000000000000E+000
  -23.2006807447775       0.000000000000000E+000  0.000000000000000E+000
  -23.1729414168937       0.000000000000000E+000  0.000000000000000E+000
  -23.1452020890100       0.000000000000000E+000  0.000000000000000E+000
  -23.1174627611262       0.000000000000000E+000  0.000000000000000E+000
  -23.0897234332425       0.000000000000000E+000  0.000000000000000E+000
  -23.0619841053588       0.000000000000000E+000  0.000000000000000E+000
  -23.0342447774750       0.000000000000000E+000  0.000000000000000E+000
  -23.0065054495913       0.000000000000000E+000  0.000000000000000E+000
  -22.9787661217075       0.000000000000000E+000  0.000000000000000E+000
  -22.9510267938238       0.000000000000000E+000  0.000000000000000E+000
  -22.9232874659401       0.000000000000000E+000  0.000000000000000E+000
  -22.8955481380563       0.000000000000000E+000  0.000000000000000E+000
  -22.8678088101726       0.000000000000000E+000  0.000000000000000E+000
  -22.8400694822888       0.000000000000000E+000  0.000000000000000E+000
  -22.8123301544051       0.000000000000000E+000  0.000000000000000E+000
  -22.7845908265213       0.000000000000000E+000  0.000000000000000E+000
  -22.7568514986376       0.000000000000000E+000  0.000000000000000E+000
  -22.7291121707539       0.000000000000000E+000  0.000000000000000E+000
  -22.7013728428701       0.000000000000000E+000  0.000000000000000E+000
  -22.6736335149864       0.000000000000000E+000  0.000000000000000E+000
  -22.6458941871026       0.000000000000000E+000  0.000000000000000E+000
  -22.6181548592189       0.000000000000000E+000  0.000000000000000E+000
  -22.5904155313352       0.000000000000000E+000  0.000000000000000E+000
  -22.5626762034514       0.000000000000000E+000  0.000000000000000E+000
  -22.5349368755677       0.000000000000000E+000  0.000000000000000E+000
  -22.5071975476839       0.000000000000000E+000  0.000000000000000E+000
  -22.4794582198002       0.000000000000000E+000  0.000000000000000E+000
  -22.4517188919164       0.000000000000000E+000  0.000000000000000E+000
  -22.4239795640327       0.000000000000000E+000  0.000000000000000E+000
  -22.3962402361490       0.000000000000000E+000  0.000000000000000E+000
  -22.3685009082652       0.000000000000000E+000  0.000000000000000E+000
  -22.3407615803815       0.000000000000000E+000  0.000000000000000E+000
  -22.3130222524977       0.000000000000000E+000  0.000000000000000E+000
  -22.2852829246140       0.000000000000000E+000  0.000000000000000E+000
  -22.2575435967302       0.000000000000000E+000  0.000000000000000E+000
  -22.2298042688465       2.335723621427922E-016  2.335723621427922E-016
  -22.2020649409628       1.529941594729110E-015  1.763513956871902E-015
  -22.1743256130790       4.490940134521039E-015  6.254454091392942E-015
  -22.1465862851953       1.282687347869560E-014  1.908132757008854E-014
  -22.1188469573115       3.865089809790440E-014  5.773222566799294E-014
  -22.0911076294278       1.114530165069587E-013  1.691852421749516E-013
  -22.0633683015441       3.175290526384486E-013  4.867142948134003E-013
  -22.0356289736603       8.866971617633529E-013  1.373411456576753E-012
  -22.0078896457766       2.427911819667889E-012  3.801323276244642E-012
  -21.9801503178928       6.521750168227853E-012  1.032307344447250E-011
  -21.9524109900091       1.718482782490443E-011  2.750790126937693E-011
  -21.9246716621253       4.441870587768058E-011  7.192660714705750E-011
  -21.8969323342416       1.126284461900742E-010  1.845550533371317E-010
  -21.8691930063579       2.801479894413188E-010  4.647030427784504E-010
  -21.8414536784741       6.835749800455709E-010  1.148278022824021E-009
  -21.8137143505904       1.636224934409556E-009  2.784502957233577E-009
  -21.7859750227066       3.842009187566086E-009  6.626512144799663E-009
  -21.7582356948229       8.849778199449455E-009  1.547629034424912E-008
  -21.7304963669391       1.999700139812383E-008  3.547329174237295E-008
  -21.7027570390554       4.432573602594276E-008  7.979902776831570E-008
  -21.6750177111717       9.638415310792274E-008  1.761831808762385E-007
  -21.6472783832879       2.055956630449398E-007  3.817788439211783E-007
  -21.6195390554042       4.302104261251123E-007  8.119892700462906E-007
  -21.5917997275204       8.830933693001249E-007  1.695082639346416E-006
  -21.5640603996367       1.778242865980084E-006  3.473325505326499E-006
  -21.5363210717530       3.512645657592685E-006  6.985971162919184E-006
  -21.5085817438692       6.806698202461547E-006  1.379266936538073E-005
  -21.4808424159855       1.293890790695981E-005  2.673157727234054E-005
  -21.4531030881017       2.412780599615029E-005  5.085938326849082E-005
  -21.4253637602180       4.413643660288121E-005  9.499581987137203E-005
  -21.3976244323342       7.920199256488552E-005  1.741978124362576E-004
  -21.3698851044505       1.394230533641577E-004  3.136208658004153E-004
  -21.3421457765668       2.407648149442165E-004  5.543856807446318E-004
  -21.3144064486830       4.078606455058581E-004  9.622463262504899E-004
  -21.2866671207993       6.777842408625436E-004  1.640030567113033E-003
  -21.2589277929155       1.104924780329013E-003  2.744955347442046E-003
  -21.2311884650318       1.766999666536327E-003  4.511955013978372E-003
  -21.2034491371480       2.772068464181298E-003  7.284023478159670E-003
  -21.1757098092643       4.266156553428698E-003  1.155018003158837E-002
  -21.1479704813806       6.440760122251387E-003  1.799094015383975E-002
  -21.1202311534968       9.539108955560019E-003  2.753004910939977E-002
  -21.0924918256131       1.385966140853711E-002  4.138971051793688E-002
  -21.0647524977293       1.975497892843115E-002  6.114468944636803E-002
  -21.0370131698456       2.762398371892148E-002  8.876867316528951E-002
  -21.0092738419619       3.789576314607154E-002  0.126664436311361     
  -20.9815345140781       5.100365670627380E-002  0.177668093017635     
  -20.9537951861944       6.734940935225842E-002  0.245017502369893     
  -20.9260558583106       8.725868172415603E-002  0.332276184094049     
  -20.8983165304269       0.110931046483951       0.443207230578000     
  -20.8705772025431       0.138389521519725       0.581596752097725     
  -20.8428378746594       0.169436339210400       0.751033091308125     
  -20.8150985467757       0.203622611058503       0.954655702366628     
  -20.7873592188919       0.240239423410295        1.19489512577692     
  -20.7596198910082       0.278336415148812        1.47323154092574     
  -20.7318805631244       0.316770979107911        1.79000252003365     
  -20.7041412352407       0.354287116174512        2.14428963620816     
  -20.6764019073569       0.389618176020122        2.53390781222828     
  -20.6486625794732       0.421603011947078        2.95551082417536     
  -20.6209232515895       0.449301359045133        3.40481218322049     
  -20.5931839237057       0.472092370499772        3.87690455372026     
  -20.5654445958220       0.489740837710392        4.36664539143066     
  -20.5377052679382       0.502418897250830        4.86906428868149     
  -20.5099659400545       0.510676715881732        5.37974100456322     
  -20.4822266121708       0.515362972032196        5.89510397659541     
  -20.4544872842870       0.517503759383540        6.41260773597895     
  -20.4267479564033       0.518155479741759        6.93076321572071     
  -20.3990086285195       0.518252090121093        7.44901530584181     
  -20.3712693006358       0.518468767456673        7.96748407329848     
  -20.3435299727520       0.519122222486207        8.48660629578469     
  -20.3157906448683       0.520122728651834        9.00672902443652     
  -20.2880513169846       0.520985237716320        9.52771426215284     
  -20.2603119891008       0.520898005523464        10.0486122676763     
  -20.2325726612171       0.518838458558953        10.5674507262353     
  -20.2048333333333       0.513719058212678        11.0811697844479     
  -20.1770940054496       0.504541809980152        11.5857115944281     
  -20.1493546775658       0.490539437119527        12.0762510315476     
  -20.1216153496821       0.471284079497519        12.5475351110451     
  -20.0938760217984       0.446750065725297        12.9942851767704     
  -20.0661366939146       0.417324746756300        13.4116099235267     
  -20.0383973660309       0.383769233462803        13.7953791569895     
  -20.0106580381471       0.347137828828336        14.1425169858179     
  -19.9829187102634       0.308669928921658        14.4511869147395     
  -19.9551793823797       0.269670565301103        14.7208574800406     
  -19.9274400544959       0.231395467582722        14.9522529476234     
  -19.8997007266122       0.194953911030553        15.1472068586539     
  -19.8719613987284       0.161238407530310        15.3084452661842     
  -19.8442220708447       0.130885400850774        15.4393306670350     
  -19.8164827429609       0.104266423161347        15.5435970901963     
  -19.7887434150772       8.150536614491030E-002   15.6251024563412     
  -19.7610040871935       6.251504570389746E-002   15.6876175020451     
  -19.7332647593097       4.704521714080772E-002   15.7346627191860     
  -19.7055254314260       3.473448176113469E-002   15.7693972009471     
  -19.6777861035422       2.515978339103649E-002   15.7945569843381     
  -19.6500467756585       1.787900614911932E-002   15.8124359904872     
  -19.6223074477748       1.246414424728431E-002   15.8249001347345     
  -19.5945681198910       8.524291794524934E-003   15.8334244265290     
  -19.5668287920073       5.719083980313698E-003   15.8391435105094     
  -19.5390894641235       3.764121477107804E-003   15.8429076319865     
  -19.5113501362398       2.430341281278715E-003   15.8453379732677     
  -19.4836108083560       1.539343267844122E-003   15.8468773165356     
  -19.4558714804723       9.564600571703539E-004   15.8478337765928     
  -19.4281321525886       5.829888746479313E-004   15.8484167654674     
  -19.4003928247048       3.485900174901869E-004   15.8487653554849     
  -19.3726534968211       2.044703104709424E-004   15.8489698257954     
  -19.3449141689373       1.176537376718064E-004   15.8490874795330     
  -19.3171748410536       6.641115095009341E-005   15.8491538906840     
  -19.2894355131698       3.677357286002312E-005   15.8491906642569     
  -19.2616961852861       1.997514883292811E-005   15.8492106394057     
  -19.2339568574024       1.064397029427996E-005   15.8492212833760     
  -19.2062175295186       5.563879101759903E-006   15.8492268472551     
  -19.1784782016349       2.853103183520011E-006   15.8492297003583     
  -19.1507388737511       1.435324951189183E-006   15.8492311356832     
  -19.1229995458674       7.086178389755451E-007   15.8492318443011     
  -19.0952602179837       3.438601043876980E-007   15.8492321881612     
  -19.0675208900999       1.652777802832164E-007   15.8492323534389     
  -19.0397815622162       8.162599033202346E-008   15.8492324350649     
  -19.0120422343324       4.787974038855349E-008   15.8492324829447     
  -18.9843029064487       4.515118638281396E-008   15.8492325280959     
  -18.9565635785649       7.188480271110139E-008   15.8492325999807     
  -18.9288242506812       1.431170254877659E-007   15.8492327430977     
  -18.9010849227975       2.975232611659778E-007   15.8492330406209     
  -18.8733455949137       6.148399326179670E-007   15.8492336554609     
  -18.8456062670300       1.249762556968187E-006   15.8492349052234     
  -18.8178669391462       2.493363149757302E-006   15.8492373985866     
  -18.7901276112625       4.880328822252660E-006   15.8492422789154     
  -18.7623882833787       9.370886824017744E-006   15.8492516498022     
  -18.7346489554950       1.765114463928117E-005   15.8492693009469     
  -18.7069096276113       3.261550751594514E-005   15.8493019164544     
  -18.6791702997275       5.911997048088820E-005   15.8493610364249     
  -18.6514309718438       1.051242793546990E-004   15.8494661607042     
  -18.6236916439600       1.833709827424040E-004   15.8496495316870     
  -18.5959523160763       3.137740061663997E-004   15.8499633056931     
  -18.5682129881926       5.266985166093111E-004   15.8504900042097     
  -18.5404736603088       8.672933632295109E-004   15.8513572975730     
  -18.5127343324251       1.400969752516691E-003   15.8527582673255     
  -18.4849950045413       2.219986403356899E-003   15.8549782537288     
  -18.4572556766576       3.450886710179613E-003   15.8584291404390     
  -18.4295163487738       5.262231285644132E-003   15.8636913717247     
  -18.4017770208901       7.871690609452510E-003   15.8715630623341     
  -18.3740376930064       1.155114309353688E-002   15.8831142054277     
  -18.3462983651226       1.662802945418855E-002   15.8997422348818     
  -18.3185590372389       2.348094056567296E-002   15.9232231754475     
  -18.2908197093551       3.252738012987532E-002   15.9557505555774     
  -18.2630803814714       4.420196546101382E-002   15.9999525210384     
  -18.2353410535876       5.892410361508438E-002   16.0588766246535     
  -18.2076017257039       7.705543976509262E-002   16.1359320644186     
  -18.1798623978202       9.884906011079364E-002   16.2347811245294     
  -18.1521230699364       0.124394366749846        16.3591754912792     
  -18.1243837420527       0.153563434703184        16.5127389259824     
  -18.0966444141689       0.185966133131617        16.6987050591140     
  -18.0689050862852       0.220921940267090        16.9196269993811     
  -18.0411657584015       0.257455862757321        17.1770828621384     
  -18.0134264305177       0.294323999366390        17.4714068615048     
  -17.9856871026340       0.330071116985444        17.8014779784903     
  -17.9579477747502       0.363118460904929        18.1645964393952     
  -17.9302084468665       0.391875486128787        18.5564719255240     
  -17.9024691189827       0.414865030104715        18.9713369556287     
  -17.8747297910990       0.430848441011420        19.4021853966401     
  -17.8469904632153       0.438935987447214        19.8411213840873     
  -17.8192511353315       0.438668873446374        20.2797902575337     
  -17.7915118074478       0.430062342568649        20.7098526001024     
  -17.7637724795640       0.413604237237945        21.1234568373403     
  -17.7360331516803       0.390209202744585        21.5136660400849     
  -17.7082938237965       0.361134516746424        21.8748005568313     
  -17.6805544959128       0.327868318573463        22.2026688754048     
  -17.6528151680291       0.292004044273465        22.4946729196782     
  -17.6250758401453       0.255115729114676        22.7497886487929     
  -17.5973365122616       0.218647521067759        22.9684361698607     
  -17.5695971843778       0.183827647218856        23.1522638170795     
  -17.5418578564941       0.151612861311712        23.3038766783912     
  -17.5141185286104       0.122664868819450        23.4265415472107     
  -17.4863792007266       9.735612674085400E-002   23.5238976739515     
  -17.4586398728429       7.579931905069279E-002   23.5996969930022     
  -17.4309005449591       5.789302497081830E-002   23.6575900179731     
  -17.4031612170754       4.337565995731885E-002   23.7009656779304     
  -17.3754218891916       3.188048032691901E-002   23.7328461582573     
  -17.3476825613079       2.298595308756553E-002   23.7558321113449     
  -17.3199432334242       1.625769856751565E-002   23.7720898099124     
  -17.2922039055404       1.128014027652642E-002   23.7833699501889     
  -17.2644645776567       7.677658780413778E-003   23.7910476089693     
  -17.2367252497729       5.126275897475509E-003   23.7961738848668     
  -17.2089859218892       3.357638985428935E-003   23.7995315238522     
  -17.1812465940055       2.157371134829870E-003   23.8016888949870     
  -17.1535072661217       1.359798507958688E-003   23.8030486934950     
  -17.1257679382380       8.407813695101692E-004   23.8038894748645     
  -17.0980286103542       5.099768026610708E-004   23.8043994516672     
  -17.0702892824705       3.034426513125931E-004   23.8047028943185     
  -17.0425499545867       1.771176707373951E-004   23.8048800119892     
  -17.0148106267030       1.014161564535943E-004   23.8049814281457     
  -16.9870712988193       5.696608763179143E-005   23.8050383942333     
  -16.9593319709355       3.139112447130734E-005   23.8050697853578     
  -16.9315926430518       1.697276769929997E-005   23.8050867581255     
  -16.9038533151680       9.010971989467578E-006   23.8050957690975     
  -16.8761139872843       4.712184347713106E-006   23.8051004812818     
  -16.8483746594005       2.459327723462095E-006   23.8051029406095     
  -16.8206353315168       1.348990164876181E-006   23.8051042895997     
  -16.7928960036331       9.111693099037358E-007   23.8051052007690     
  -16.7651566757493       9.535799161254920E-007   23.8051061543489     
  -16.7374173478656       1.495152149511247E-006   23.8051076495011     
  -16.7096780199818       2.772711689645078E-006   23.8051104222128     
  -16.6819386920981       5.322498577568629E-006   23.8051157447113     
  -16.6541993642143       1.015603850326638E-005   23.8051259007499     
  -16.6264600363306       1.906978559270458E-005   23.8051449705354     
  -16.5987207084469       3.515136663000261E-005   23.8051801219021     
  -16.5709813805631       6.357275364538005E-005   23.8052436946557     
  -16.5432420526794       1.127913334445508E-004   23.8053564859892     
  -16.5155027247956       1.963103466278122E-004   23.8055527963358     
  -16.4877633969119       3.351740207399287E-004   23.8058879703565     
  -16.4600240690282       5.613794476762730E-004   23.8064493498042     
  -16.4322847411444       9.223622412312409E-004   23.8073717120454     
  -16.4045454132607       1.486638392366461E-003   23.8088583504378     
  -16.3768060853769       2.350541899511894E-003   23.8112088923373     
  -16.3490667574932       3.645771824443924E-003   23.8148546641618     
  -16.3213274296094       5.547148813433970E-003   23.8204018129752     
  -16.2935881017257       8.279593334049895E-003   23.8286814063093     
  -16.2658487738420       1.212291510304156E-002   23.8408043214123     
  -16.2381094459582       1.741261515304245E-002   23.8582169365653     
  -16.2103701180745       2.453464804215407E-002   23.8827515846075     
  -16.1826307901907       3.391209115471503E-002   23.9166636757622     
  -16.1548914623070       4.598204012668253E-002   23.9626457158889     
  -16.1271521344233       6.116188372254833E-002   24.0238075996114     
  -16.0994128065395       7.980543277864088E-002   24.1036130323901     
  -16.0716734786558       0.102151113291218        24.2057641456813     
  -16.0439341507720       0.128266392713647        24.3340305383949     
  -16.0161948228883       0.157994485499820        24.4920250238948     
  -15.9884554950045       0.190910792134822        24.6829358160296     
  -15.9607161671208       0.226297062665446        24.9092328786950     
  -15.9329768392371       0.263140611343890        25.1723734900389     
  -15.9052375113533       0.300163881494430        25.4725373715333     
  -15.8774981834696       0.335886351894563        25.8084237234279     
  -15.8497588555858       0.368716549443211        26.1771402728711     
  -15.8220195277021       0.397067401079494        26.5742076739506     
  -15.7942801998183       0.419484093076045        26.9936917670267     
  -15.7665408719346       0.434770792952745        27.4284625599794     
  -15.7388015440509       0.442101656320572        27.8705642163000     
  -15.7110622161671       0.441102805746750        28.3116670220467     
  -15.6833228882834       0.431895342687114        28.7435623647338     
  -15.6555835603996       0.415094432047007        29.1586567967808     
  -15.6278442325159       0.391765246704444        29.5504220434853     
  -15.6001049046322       0.363342075235273        29.9137641187206     
  -15.5723655767484       0.331521220653680        30.2452853393742     
  -15.5446262488647       0.298140734762312        30.5434260741365     
  -15.5168869209809       0.265060215805526        30.8084862899421     
  -15.4891475930972       0.234051970974665        31.0425382609167     
  -15.4614082652134       0.206711344666741        31.2492496055835     
  -15.4336689373297       0.184389755667275        31.4336393612508     
  -15.4059296094460       0.168149888393901        31.6017892496447     
  -15.3781902815622       0.158739364691711        31.7605286143364     
  -15.3504509536785       0.156577638955835        31.9171062532922     
  -15.3227116257947       0.161750997423315        32.0788572507155     
  -15.2949722979110       0.174012196359779        32.2528694470753     
  -15.2672329700272       0.192783901939932        32.4456533490152     
  -15.2394936421435       0.217167943595496        32.6628212926107     
  -15.2117543142598       0.245964662556086        32.9087859551668     
  -15.1840149863760       0.277707655463550        33.1864936106304     
  -15.1562756584923       0.310718582670481        33.4972121933008     
  -15.1285363306085       0.343184406211874        33.8403965995127     
  -15.1007970027248       0.373255807629809        34.2136524071425     
  -15.0730576748411       0.399161301995493        34.6128137091380     
  -15.0453183469573       0.419327593204149        35.0321413023422     
  -15.0175790190736       0.432493894401229        35.4646351967434     
  -14.9898396911898       0.437806965359190        35.9024421621026     
  -14.9621003633061       0.434884846005995        36.3373270081086     
  -14.9343610354223       0.423840605092196        36.7611676132008     
  -14.9066217075386       0.405262357858695        37.1664299710595     
  -14.8788823796549       0.380151492102222        37.5465814631617     
  -14.8511430517711       0.349826483208073        37.8964079463698     
  -14.8234037238874       0.315803938350402        38.2122118847202     
  -14.7956643960036       0.279670899826944        38.4918827845471     
  -14.7679250681199       0.242962647380854        38.7348454319280     
  -14.7401857402361       0.207058378159818        38.9419038100878     
  -14.7124464123524       0.173103685821111        39.1150074959089     
  -14.6847070844687       0.141964422432293        39.2569719183412     
  -14.6569677565849       0.114212099018329        39.3711840173595     
  -14.6292284287012       9.013716781046587E-002   39.4613211851700     
  -14.6014891008174       6.978382815103013E-002   39.5311050133210     
  -14.5737497729337       5.299863541171994E-002   39.5841036487328     
  -14.5460104450500       3.948512847637565E-002   39.6235887772091     
  -14.5182711171662       2.885767663437598E-002   39.6524464538435     
  -14.4905317892825       2.068940910708963E-002   39.6731358629506     
  -14.4627924613987       1.455102922131621E-002   39.6876868921719     
  -14.4350531335150       1.003917963546994E-002   39.6977260718074     
  -14.4073138056312       6.794564290365258E-003   39.7045206360977     
  -14.3795744777475       4.511114621685455E-003   39.7090317507194     
  -14.3518351498638       2.938089108671309E-003   39.7119698398281     
  -14.3240958219800       1.877175616388410E-003   39.7138470154445     
  -14.2963564940963       1.176531809221135E-003   39.7150235472537     
  -14.2686171662125       7.233712744679514E-004   39.7157469185282     
  -14.2408778383288       4.362923996627127E-004   39.7161832109278     
  -14.2131385104450       2.581385268036213E-004   39.7164413494546     
  -14.1853991825613       1.498258618383095E-004   39.7165911753165     
  -14.1576598546776       8.530598586134189E-005   39.7166764813024     
  -14.1299205267938       4.764649750985654E-005   39.7167241277999     
  -14.1021811989101       2.610605255513345E-005   39.7167502338524     
  -14.0744418710263       1.403169835576117E-005   39.7167642655508     
  -14.0467025431426       7.398410185587441E-006   39.7167716639609     
  -14.0189632152589       3.826726516028623E-006   39.7167754906875     
  -13.9912238873751       1.941717433313195E-006   39.7167774324049     
  -13.9634845594914       9.666255754738077E-007   39.7167783990305     
  -13.9357452316076       4.723524536960091E-007   39.7167788713829     
  -13.9080059037239       2.271563008718536E-007   39.7167790985392     
  -13.8802665758401       1.088824991283318E-007   39.7167792074217     
  -13.8525272479564       5.517791249918633E-008   39.7167792625996     
  -13.8247879200727       3.632208195310544E-008   39.7167792989217     
  -13.7970485921889       4.153525433723957E-008   39.7167793404570     
  -13.7693092643052       7.382903133246042E-008   39.7167794142860     
  -13.7415699364214       1.514625322527412E-007   39.7167795657485     
  -13.7138306085377       3.165603244208737E-007   39.7167798823089     
  -13.6860912806540       6.540899015261971E-007   39.7167805363988     
  -13.6583519527702       1.327854787118813E-006   39.7167818642535     
  -13.6306126248865       2.645185898610836E-006   39.7167845094394     
  -13.6028732970027       5.169482185141895E-006   39.7167896789216     
  -13.5751339691190       9.910643308946837E-006   39.7167995895649     
  -13.5473946412352       1.863873368241125E-005   39.7168182282986     
  -13.5196553133515       3.438665233109974E-005   39.7168526149510     
  -13.4919159854678       6.223320776962649E-005   39.7169148481587     
  -13.4641766575840       1.104875298580600E-004   39.7170253356886     
  -13.4364373297003       1.924257349016861E-004   39.7172177614235     
  -13.4086980018165       3.287546406415353E-004   39.7175465160641     
  -13.3809586739328       5.509846823671460E-004   39.7180975007465     
  -13.3532193460490       9.058704966544487E-004   39.7190033712432     
  -13.3254800181653       1.461005137017029E-003   39.7204643763802     
  -13.2977406902816       2.311513949501579E-003   39.7227758903297     
  -13.2700013623978       3.587571741572720E-003   39.7263634620712     
  -13.2422620345141       5.462157043669958E-003   39.7318256191149     
  -13.2145227066303       8.158072869188699E-003   39.7399836919841     
  -13.1867833787466       1.195284280614059E-002   39.7519365347902     
  -13.1590440508629       1.717970342083585E-002   39.7691162382111     
  -13.1313047229791       2.422265758079648E-002   39.7933388957919     
  -13.1035653950954       3.350354776386671E-002   39.8268424435557     
  -13.0758260672116       4.545947401935788E-002   39.8723019175751     
  -13.0480867393279       6.050970986235570E-002   39.9328116274374     
  -13.0203474114441       7.901258932029855E-002   40.0118242167577     
  -12.9926080835604       0.101214581003502        40.1130387977612     
  -12.9648687556767       0.127195743574891        40.2402345413361     
  -12.9371294277929       0.156817667490660        40.3970522088268     
  -12.9093900999092       0.189681461115171        40.5867336699420     
  -12.8816507720254       0.225103923927650        40.8118375938696     
  -12.8539114441417       0.262119419616052        41.0739570134857     
  -12.8261721162579       0.299512931969141        41.3734699454548     
  -12.7984327883742       0.335886411033247        41.7093563564881     
  -12.7706934604905       0.369756129482844        42.0791124859709     
  -12.7429541326067       0.399673963028476        42.4787864489994     
  -12.7152148047230       0.424361054385082        42.9031475033845     
  -12.6874754768392       0.442839029464991        43.3459865328495     
  -12.6597361489555       0.454542498258064        43.8005290311075     
  -12.6319968210718       0.459397411692423        44.2599264427999     
  -12.6042574931880       0.457853007052498        44.7177794498524     
  -12.5765181653043       0.450860205650644        45.1686396555031     
  -12.5487788374205       0.439795730803573        45.6084353863067     
  -12.5210395095368       0.426337977090790        46.0347733633974     
  -12.4933001816530       0.412306815677152        46.4470801790746     
  -12.4655608537693       0.399484209646566        46.8465643887212     
  -12.4378215258856       0.389435124269167        47.2359995129903     
  -12.4100821980018       0.383348450406086        47.6193479633964     
  -12.3823428701181       0.381915539455524        48.0012635028519     
  -12.3546035422343       0.385259784183174        48.3865232870351     
  -12.3268642143506       0.392924995876763        48.7794482829119     
  -12.2991248864668       0.403923788360102        49.1833720712720     
  -12.2713855585831       0.416840516378923        49.6002125876509     
  -12.2436462306994       0.429977269569291        50.0301898572202     
  -12.2159069028156       0.441526680868980        50.4717165380892     
  -12.1881675749319       0.449752439925926        50.9214689780151     
  -12.1604282470481       0.453157789478256        51.3746267674934     
  -12.1326889191644       0.450624049485644        51.8252508169790     
  -12.1049495912807       0.441505175605467        52.2667559925845     
  -12.0772102633969       0.425670014115390        52.6924260066999     
  -12.0494709355132       0.403490494655408        53.0959165013553     
  -12.0217316076294       0.375780574631749        53.4716970759870     
  -11.9939922797457       0.343696375986337        53.8153934519734     
  -11.9662529518619       0.308611855330537        54.1240053073039     
  -11.9385136239782       0.271986040706891        54.3959913480108     
  -11.9107742960945       0.235237253328427        54.6312286013392     
  -11.8830349682107       0.199637097495113        54.8308656988343     
  -11.8552956403270       0.166232944308952        54.9970986431433     
  -11.8275563124432       0.135802929294661        55.1329015724380     
  -11.7998169845595       0.108842922442454        55.2417444948804     
  -11.7720776566757       8.558117392280326E-002   55.3273256688032     
  -11.7443383287920       6.601381949186202E-002   55.3933394882951     
  -11.7165990009083       4.995330095364134E-002   55.4432927892487     
  -11.6888596730245       3.708191708805098E-002   55.4803747063368     
  -11.6611203451408       2.700387688341811E-002   55.5073785832202     
  -11.6333810172570       1.929098768365467E-002   55.5266695709038     
  -11.6056416893733       1.351907552550526E-002   55.5401886464293     
  -11.5779023614896       9.294067308406852E-003   55.5494827137378     
  -11.5501630336058       6.268135684949726E-003   55.5557508494227     
  -11.5224237057221       4.147308077328962E-003   55.5598981575000     
  -11.4946843778383       2.692466853909347E-003   55.5625906243539     
  -11.4669450499546       1.715790120629709E-003   55.5643064144746     
  -11.4392057220708       1.074514390400047E-003   55.5653809288650     
  -11.4114663941871       6.635634358564655E-004   55.5660444923008     
  -11.3837270663034       4.081898393797966E-004   55.5664526821402     
  -11.3559877384196       2.573982136326773E-004   55.5667100803538     
  -11.3282484105359       1.786122503761617E-004   55.5668886926042     
  -11.3005090826521       1.538342590666842E-004   55.5670425268633     
  -11.2727697547684       1.774264649132368E-004   55.5672199533282     
  -11.2450304268847       2.556037031342168E-004   55.5674755570313     
  -11.2172910990009       4.077432552859219E-004   55.5678833002866     
  -11.1895517711172       6.696592246721604E-004   55.5685529595113     
  -11.1618124432334       1.099021392890003E-003   55.5696519809042     
  -11.1340731153497       1.783083795020391E-003   55.5714350646992     
  -11.1063337874659       2.848786232549294E-003   55.5742838509317     
  -11.0785944595822       4.475064313633442E-003   55.5787589152454     
  -11.0508551316985       6.906820786715914E-003   55.5856657360321     
  -11.0231158038147       1.046946258461666E-002   55.5961351986167     
  -10.9953764759310       1.558221620421231E-002   55.6117174148209     
  -10.9676371480472       2.276766648463189E-002   55.6344850813056     
  -10.9398978201635       3.265424271040744E-002   55.6671393240160     
  -10.9121584922797       4.596787728858856E-002   55.7131072013046     
  -10.8844191643960       6.350900033600664E-002   55.7766162016406     
  -10.8566798365123       8.611162719400388E-002   55.8627278288346     
  -10.8289405086285       0.114582717348130        55.9773105461827     
  -10.8012011807448       0.149622295987438        56.1269328421701     
  -10.7734618528610       0.191727928336888        56.3186607705070     
  -10.7457225249773       0.241090707859532        56.5597514783665     
  -10.7179831970936       0.297493437820468        56.8572449161870     
  -10.6902438692098       0.360224467717192        57.2174693839042     
  -10.6625045413261       0.428021956828637        57.6454913407328     
  -10.6347652134423       0.499062543885814        58.1445538846187     
  -10.6070258855586       0.571005144171300        58.7155590287900     
  -10.5792865576748       0.641094931298673        59.3566539600886     
  -10.5515472297911       0.706325045201885        60.0629790052905     
  -10.5238079019074       0.763645226425608        60.8266242317161     
  -10.4960685740236       0.810198764351742        61.6368229960679     
  -10.4683292461399       0.843563303472471        62.4803862995403     
  -10.4405899182561       0.861968404358285        63.3423547038986     
  -10.4128505903724       0.864464034180501        64.2068187380791     
  -10.3851112624886       0.851019398973576        65.0578381370527     
  -10.3573719346049       0.822540008234622        65.8803781452873     
  -10.3296326067212       0.780801224760462        66.6611793700478     
  -10.3018932788374       0.728307064344576        67.3894864343924     
  -10.2741539509537       0.668091913126801        68.0575783475192     
  -10.2464146230699       0.603488706081849        68.6610670536010     
  -10.2186752951862       0.537889163188533        69.1989562167896     
  -10.1909359673025       0.474519878840420        69.6734760956300     
  -10.1631966394187       0.416253102952884        70.0897291985829     
  -10.1354573115350       0.365464171613428        70.4551933701963     
  -10.1077179836512       0.323940206565957        70.7791335767622     
  -10.0799786557675       0.292838272123841        71.0719718488861     
  -10.0522393278837       0.272686636941931        71.3446584858280     
  -10.0245000000000       0.263420560370395        71.6080790461984     
  -9.99676067211626       0.264443944330338        71.8725229905287     
  -9.96902134423251       0.274709617574592        72.1472326081033     
  -9.94128201634877       0.292813038958434        72.4400456470618     
  -9.91354268846503       0.317095903100812        72.7571415501626     
  -9.88580336058129       0.345756827132633        73.1028983772952     
  -9.85806403269755       0.376965722259779        73.4798640995550     
  -9.83032470481380       0.408976809313213        73.8888409088682     
  -9.80258537693006       0.440233130583192        74.3290740394514     
  -9.77484604904632       0.469453685573395        74.7985277250248     
  -9.74710672116258       0.495693823221074        75.2942215482459     
  -9.71936739327884       0.518370865111214        75.8125924133571     
  -9.69162806539509       0.537250290110236        76.3498427034673     
  -9.66388873751135       0.552392837418974        76.9022355408863     
  -9.63614940962761       0.564068757585404        77.4663042984717     
  -9.60841008174387       0.572651016325947        78.0389553147976     
  -9.58067075386013       0.578503325165535        78.6174586399632     
  -9.55293142597638       0.581880445481437        79.1993390854446     
  -9.52519209809264       0.582856763568426        79.7821958490130     
  -9.49745277020890       0.581294752237547        80.3634906012506     
  -9.46971344232516       0.576858330365613        80.9403489316162     
  -9.44197411444142       0.569068504398884        81.5094174360151     
  -9.41423478655767       0.557391460939794        82.0668088969549     
  -9.38649545867393       0.541343842995500        82.6081527399504     
  -9.35875613079019       0.520597288196200        83.1287500281466     
  -9.33101680290645       0.495064869505697        83.6238148976523     
  -9.30327747502271       0.464955645056590        84.0887705427089     
  -9.27553814713896       0.430789302402470        84.5195598451113     
  -9.24779881925522       0.393369695393483        84.9129295405048     
  -9.22005949137148       0.353722619154806        85.2666521596596     
  -9.19232016348774       0.313008302526264        85.5796604621859     
  -9.16458083560400       0.272422041424965        85.8520825036109     
  -9.13684150772025       0.233096865604405        86.0851793692153     
  -9.10910217983651       0.196020333777126        86.2811997029924     
  -9.08136285195277       0.161974088619387        86.4431737916118     
  -9.05362352406903       0.131500495304486        86.5746742869163     
  -9.02588419618528       0.104896384480644        86.6795706713969     
  -8.99814486830154       8.223033179360263E-002   86.7618010031905     
  -8.97040554041780       6.337748762912733E-002   86.8251784908196     
  -8.94266621253406       4.806488717985941E-002   86.8732433779995     
  -8.91492688465032       3.592032197435027E-002   86.9091636999738     
  -8.88718755676657       2.651894970027802E-002   86.9356826496741     
  -8.85944822888283       1.942347627743684E-002   86.9551061259516     
  -8.83170890099909       1.421557847442921E-002   86.9693217044260     
  -8.80396957311535       1.051793120485496E-002   86.9798396356309     
  -8.77623024523161       8.007551431467516E-003   86.9878471870623     
  -8.74849091734787       6.422073227806884E-003   86.9942692602901     
  -8.72075158946412       5.561023580921933E-003   86.9998302838710     
  -8.69301226158038       5.284237298434304E-003   87.0051145211695     
  -8.66527293369664       5.509323513190052E-003   87.0106238446827     
  -8.63753360581289       6.209669919829671E-003   87.0168335146025     
  -8.60979427792915       7.413923489502411E-003   87.0242474380920     
  -8.58205495004541       9.207277092361316E-003   87.0334547151844     
  -8.55431562216167       1.173426319762627E-002   87.0451889783820     
  -8.52657629427793       1.520214608255219E-002   87.0603911244646     
  -8.49883696639419       1.988345717762964E-002   87.0802745816422     
  -8.47109763851044       2.611579535149004E-002   87.1063903769937     
  -8.44335831062670       3.429679547881398E-002   87.1406871724725     
  -8.41561898274296       4.487224694161899E-002   87.1855594194141     
  -8.38787965485922       5.831580478807996E-002   87.2438752242022     
  -8.36014032697548       7.509963191506999E-002   87.3189748561173     
  -8.33240099909173       9.565662642575946E-002   87.4146314825430     
  -8.30466167120799       0.120336515752376        87.5349679982954     
  -8.27692234332425       0.149359822482193        87.6843278207776     
  -8.24918301544051       0.182775214533326        87.8671030353109     
  -8.22144368755676       0.220426679207254        88.0875297145182     
  -8.19370435967302       0.261936959429385        88.3494666739475     
  -8.16596503178928       0.306712521857512        88.6561791958051     
  -8.13822570390554       0.353972947386505        89.0101521431916     
  -8.11048637602180       0.402804258719562        89.4129564019111     
  -8.08274704813806       0.452231806288149        89.8651882081993     
  -8.05500772025431       0.501304608408086        90.3664928166074     
  -8.02726839237057       0.549180251045024        90.9156730676524     
  -7.99952906448683       0.595198275902961        91.5108713435554     
  -7.97178973660309       0.638930839381869        92.1498021829372     
  -7.94405040871935       0.680202331677593        92.8300045146148     
  -7.91631108083560       0.719074186272378        93.5490787008872     
  -7.88857175295186       0.755796487216416        94.3048751881036     
  -7.86083242506812       0.790733181648580        95.0956083697522     
  -7.83309309718438       0.824271729537379        95.9198800992896     
  -7.80535376930063       0.856730124725391        96.7766102240150     
  -7.77761444141689       0.888274083323179        97.6648843073381     
  -7.74987511353315       0.918854996073650        98.5837393034118     
  -7.72213578564941       0.948175591720833        99.5319148951326     
  -7.69439645776567       0.975686025085504        100.507600920218     
  -7.66665712988192        1.00060916972547        101.508210089944     
  -7.63891780199818        1.02199093217219        102.530201022116     
  -7.61117847411444        1.03876972046306        103.568970742579     
  -7.58343914623070        1.04985870467386        104.618829447253     
  -7.55569981834696        1.05423480404458        105.673064251297     
  -7.52796049046322        1.05102889499146        106.724093146289     
  -7.50022116257947        1.03961209803990        107.763705244329     
  -7.47248183469573        1.01967294207030        108.783378186399     
  -7.44474250681199       0.991279794970022        109.774657981369     
  -7.41700317892824       0.954922526576088        110.729580507945     
  -7.38926385104450       0.911527401199037        111.641107909144     
  -7.36152452316076       0.862440112121076        112.503548021265     
  -7.33378519527702       0.809373901767842        113.312921923033     
  -7.30604586739328       0.754322801807473        114.067244724841     
  -7.27830653950954       0.699443827067478        114.766688551908     
  -7.25056721162579       0.646915902562716        115.413604454471     
  -7.22282788374205       0.598786750810456        116.012391205281     
  -7.19508855585831       0.556821336782038        116.569212542063     
  -7.16734922797457       0.522366356121466        117.091578898185     
  -7.13960990009083       0.496244488859094        117.587823387044     
  -7.11187057220708       0.478689791037447        118.066513178081     
  -7.08413124432334       0.469331918693548        118.535845096775     
  -7.05639191643960       0.467232263001714        119.003077359776     
  -7.02865258855586       0.470969987623359        119.474047347400     
  -7.00091326067211       0.478770898266134        119.952818245666     
  -6.97317393278837       0.488667544596273        120.441485790262     
  -6.94543460490463       0.498675441665912        120.940161231928     
  -6.91769527702089       0.506968234589122        121.447129466517     
  -6.88995594913715       0.512034345092401        121.959163811610     
  -6.86221662125341       0.512799293529529        122.471963105139     
  -6.83447729336966       0.508701420186184        122.980664525325     
  -6.80673796548592       0.499713809651776        123.480378334977     
  -6.77899863760218       0.486311275953759        123.966689610931     
  -6.75125930971844       0.469387532318001        124.436077143249     
  -6.72351998183469       0.450133311770038        124.886210455019     
  -6.69578065395095       0.429890450926216        125.316100905945     
  -6.66804132606721       0.409999224895923        125.726100130841     
  -6.64030199818347       0.391656250214986        126.117756381056     
  -6.61256267029973       0.375798121402962        126.493554502459     
  -6.58482334241598       0.363022002968889        126.856576505428     
  -6.55708401453224       0.353549294075847        127.210125799504     
  -6.52934468664850       0.347232977195221        127.557358776699     
  -6.50160535876476       0.343604114672655        127.900962891372     
  -6.47386603088102       0.341948813074117        128.242911704446     
  -6.44612670299727       0.341404281000281        128.584315985446     
  -6.41838737511353       0.341061567372835        128.925377552819     
  -6.39064804722979       0.340063147520801        129.265440700340     
  -6.36290871934605       0.337685478494712        129.603126178834     
  -6.33516939146230       0.333399576122170        129.936525754957     
  -6.30743006357856       0.326906095227611        130.263431850184     
  -6.27969073569482       0.318144829967946        130.581576680152     
  -6.25195140781108       0.307281552923180        130.888858233075     
  -6.22421207992734       0.294677338809807        131.183535571885     
  -6.19647275204359       0.280846762537574        131.464382334423     
  -6.16873342415985       0.266411558054648        131.730793892477     
  -6.14099409627611       0.252055551480631        131.982849443958     
  -6.11325476839237       0.238485139308508        132.221334583266     
  -6.08551544050863       0.226397562242101        132.447732145509     
  -6.05777611262489       0.216457074484248        132.664189219993     
  -6.03003678474114       0.209277186465211        132.873466406458     
  -6.00229745685740       0.205405793898024        133.078872200356     
  -5.97455812897366       0.205309449937917        133.284181650294     
  -5.94681880108992       0.209353426335746        133.493535076630     
  -5.91907947320617       0.217775531556962        133.711310608187     
  -5.89134014532243       0.230653730523984        133.941964338711     
  -5.86360081743869       0.247870102508835        134.189834441219     
  -5.83586148955495       0.269076114765887        134.458910555985     
  -5.80812216167121       0.293666053587214        134.752576609573     
  -5.78038283378746       0.320766248611660        135.073342858184     
  -5.75264350590372       0.349247097045429        135.422589955230     
  -5.72490417801998       0.377762725713458        135.800352680943     
  -5.69716485013624       0.404819604448493        136.205172285392     
  -5.66942552225250       0.428871034076559        136.634043319468     
  -5.64168619436876       0.448429908486880        137.082473227955     
  -5.61394686648501       0.462188339398657        137.544661567354     
  -5.58620753860127       0.469130424325886        138.013791991680     
  -5.55846821071753       0.468624190540126        138.482416182220     
  -5.53072888283378       0.460480748346285        138.942896930566     
  -5.50298955495004       0.444972691396610        139.387869621963     
  -5.47525022706630       0.422809146911267        139.810678768874     
  -5.44751089918256       0.395070687724587        140.205749456598     
  -5.41977157129882       0.363112569717359        140.568862026316     
  -5.39203224341508       0.328448574641444        140.897310600957     
  -5.36429291553133       0.292629541985162        141.189940142942     
  -5.33655358764759       0.257130290684857        141.447070433627     
  -5.30881425976385       0.223256301542597        141.670326735170     
  -5.28107493188011       0.192077824420080        141.862404559590     
  -5.25333560399637       0.164394744366665        142.026799303957     
  -5.22559627611262       0.140731352882983        142.167530656840     
  -5.19785694822888       0.121356747215429        142.288887404055     
  -5.17011762034514       0.106324300948661        142.395211705004     
  -5.14237829246140       9.552261688081760E-002   142.490734321885     
  -5.11463896457765       8.873045205698843E-002   142.579464773942     
  -5.08689963669391       8.566900271576512E-002   142.665133776657     
  -5.05916030881017       8.604630917784073E-002   142.751180085835     
  -5.03142098092643       8.959008416452890E-002   142.840770170000     
  -5.00368165304269       9.606678186416105E-002   142.936836951864     
  -4.97594232515894       0.105286127799042        143.042123079663     
  -4.94820299727520       0.117091633874635        143.159214713538     
  -4.92046366939146       0.131338881705508        143.290553595243     
  -4.89272434150772       0.147864600583260        143.438418195826     
  -4.86498501362398       0.166450751885692        143.604868947712     
  -4.83724568574024       0.186788824118238        143.791657771830     
  -4.80950635785649       0.208450131652012        144.000107903482     
  -4.78176702997275       0.230867862147070        144.230975765629     
  -4.75402770208901       0.253335749813461        144.484311515443     
  -4.72628837420526       0.275026505930815        144.759338021374     
  -4.69854904632152       0.295030632862087        145.054368654236     
  -4.67080971843778       0.312413289610382        145.366781943846     
  -4.64307039055404       0.326283922725414        145.693065866571     
  -4.61533106267030       0.335870951520751        146.028936818092     
  -4.58759173478656       0.340592385784440        146.369529203877     
  -4.55985240690281       0.340113190684447        146.709642394561     
  -4.53211307901907       0.334381595179048        147.044023989740     
  -4.50437375113533       0.323639194459404        147.367663184200     
  -4.47663442325159       0.308403205927340        147.676066390127     
  -4.44889509536785       0.289423018872899        147.965489409000     
  -4.42115576748410       0.267616598876286        148.233106007876     
  -4.39341643960036       0.243994814932372        148.477100822808     
  -4.36567711171662       0.219582979240970        148.696683802049     
  -4.33793778383288       0.195348700363609        148.892032502413     
  -4.31019845594913       0.172143675951016        149.064176178364     
  -4.28245912806539       0.150664624238624        149.214840802603     
  -4.25471980018165       0.131435630684543        149.346276433287     
  -4.22698047229791       0.114811249960723        149.461087683248     
  -4.19924114441417       0.100997172183669        149.562084855432     
  -4.17150181653043       9.008342634620556E-002   149.652168281778     
  -4.14376248864668       8.208408962621003E-002   149.734252371404     
  -4.11602316076294       7.697729029341487E-002   149.811229661697     
  -4.08828383287920       7.473981883552870E-002   149.885969480533     
  -4.06054450499546       7.537172479633704E-002   149.961341205329     
  -4.03280517711172       7.890769603865265E-002   150.040248901368     
  -4.00506584922797       8.541363923312600E-002   150.125662540601     
  -3.97732652134423       9.496859007307075E-002   150.220631130674     
  -3.94958719346049       0.107633792368063        150.328264923042     
  -3.92184786557675       0.123412414235114        150.451677337277     
  -3.89410853769300       0.142204810962794        150.593882148240     
  -3.86636920980926       0.163765350328269        150.757647498568     
  -3.83862988192552       0.187667401517428        150.945314900086     
  -3.81089055404178       0.213282958181248        151.158597858267     
  -3.78315122615804       0.239782365921810        151.398380224189     
  -3.75541189827429       0.266157703664335        151.664537927853     
  -3.72767257039055       0.291270631705654        151.955808559559     
  -3.69993324250681       0.313922252656700        152.269730812216     
  -3.67219391462307       0.332939184931360        152.602669997147     
  -3.64445458673933       0.347267171430695        152.949937168578     
  -3.61671525885559       0.356061685122102        153.305998853700     
  -3.58897593097184       0.358764572320589        153.664763426020     
  -3.56123660308810       0.355156988519344        154.019920414540     
  -3.53349727520436       0.345381631950857        154.365302046491     
  -3.50575794732061       0.329931173005595        154.695233219496     
  -3.47801861943687       0.309604190790496        155.004837410287     
  -3.45027929155313       0.285434131469729        155.290271541756     
  -3.42253996366939       0.258600106749726        155.548871648506     
  -3.39480063578565       0.230330244026212        155.779201892532     
  -3.36706130790191       0.201808546856505        155.981010439389     
  -3.33932198001816       0.174094898312938        156.155105337702     
  -3.31158265213442       0.148065285787550        156.303170623489     
  -3.28384332425068       0.124376071027242        156.427546694517     
  -3.25610399636694       0.103452761890937        156.530999456407     
  -3.22836466848320       8.550079265767116E-002   156.616500249065     
  -3.20062534059945       7.053366810183885E-002   156.687033917167     
  -3.17288601271571       5.841265664840471E-002   156.745446573815     
  -3.14514668483197       4.889201738995622E-002   156.794338591205     
  -3.11740735694823       4.166434625371939E-002   156.836002937459     
  -3.08966802906448       3.640176675668930E-002   156.872404704216     
  -3.06192870118074       3.279008361478711E-002   156.905194787831     
  -3.03418937329700       3.055440705960027E-002   156.935749194890     
  -3.00645004541326       2.947595370094015E-002   156.965225148591     
  -2.97871071752952       2.940062942792010E-002   156.994625778019     
  -2.95097138964578       3.024057107981870E-002   157.024866349099     
  -2.92323206176203       3.197009546751575E-002   157.056836444566     
  -2.89549273387829       3.461754201545150E-002   157.091453986582     
  -2.86775340599455       3.825437781672945E-002   157.129708364399     
  -2.84001407811080       4.298273577416580E-002   157.172691100173     
  -2.81227475022706       4.892233547468523E-002   157.221613435647     
  -2.78453542234332       5.619752742829199E-002   157.277810963076     
  -2.75679609445958       6.492501632824070E-002   157.342735979404     
  -2.72905676657584       7.520265246521039E-002   157.417938631869     
  -2.70131743869210       8.709951859932115E-002   157.505038150468     
  -2.67357811080835       0.100647372251427        157.605685522720     
  -2.64583878292461       0.115833334842618        157.721518857563     
  -2.61809945504087       0.132593574787160        157.854112432350     
  -2.59036012715713       0.150807656623298        158.004920088973     
  -2.56262079927339       0.170293276216801        158.175213365190     
  -2.53488147138964       0.190801315565785        158.366014680756     
  -2.50714214350590       0.212011537850036        158.578026218606     
  -2.47940281562216       0.233529758310392        158.811555976916     
  -2.45166348773842       0.254887862883754        159.066443839800     
  -2.42392415985467       0.275548449433013        159.341992289233     
  -2.39618483197093       0.294915965155995        159.636908254389     
  -2.36844550408719       0.312355868743307        159.949264123132     
  -2.34070617620345       0.327222498286906        160.276486621419     
  -2.31296684831971       0.338895034616076        160.615381656035     
  -2.28522752043596       0.346819400873068        160.962201056908     
  -2.25748819255222       0.350552421482224        161.312753478390     
  -2.22974886466848       0.349803410946991        161.662556889337     
  -2.20200953678474       0.344467876162315        162.007024765500     
  -2.17427020890100       0.334648385602634        162.341673151102     
  -2.14653088101726       0.320658908364489        162.662332059467     
  -2.11879155313351       0.303010894312254        162.965342953779     
  -2.09105222524977       0.282381734532055        163.247724688311     
  -2.06331289736603       0.259568598588524        163.507293286900     
  -2.03557356948229       0.235432578519216        163.742725865419     
  -2.00783424159854       0.210839251188644        163.953565116608     
  -1.98009491371480       0.186602023673119        164.140167140281     
  -1.95235558583106       0.163433953332778        164.303601093613     
  -1.92461625794732       0.141912304133943        164.445513397747     
  -1.89687693006358       0.122458201258605        164.567971599006     
  -1.86913760217983       0.105331715763066        164.673303314769     
  -1.84139827429609       9.064087016635458E-002   164.763944184935     
  -1.81365894641235       7.836165022963656E-002   164.842305835165     
  -1.78591961852861       6.836527745229400E-002   164.910671112617     
  -1.75818029064487       6.044876856866186E-002   164.971119881186     
  -1.73044096276113       5.436511448572589E-002   165.025484995672     
  -1.70270163487738       4.985011794965419E-002   165.075335113621     
  -1.67496230699364       4.664387201363619E-002   165.121978985635     
  -1.64722297910990       4.450587553474007E-002   165.166484861170     
  -1.61948365122615       4.322372623048991E-002   165.209708587400     
  -1.59174432334241       4.261610195407733E-002   165.252324689354     
  -1.56400499545867       4.253127431162156E-002   165.294855963666     
  -1.53626566757493       4.284267344341790E-002   165.337698637109     
  -1.50852633969119       4.344305157015695E-002   165.381141688680     
  -1.48078701180745       4.423861595415465E-002   165.425380304634     
  -1.45304768392370       4.514417808325167E-002   165.470524482717     
  -1.42530835603996       4.607996341843276E-002   165.516604446135     
  -1.39756902815622       4.697031334410688E-002   165.563574759480     
  -1.36982970027248       4.774414777854373E-002   165.611318907258     
  -1.34209037238874       4.833678709956758E-002   165.659655694358     
  -1.31435104450499       4.869257887027296E-002   165.708348273228     
  -1.28661171662125       4.876773967796193E-002   165.757116012906     
  -1.25887238873751       4.853288716618514E-002   165.805648900072     
  -1.23113306085377       4.797487029384580E-002   165.853623770366     
  -1.20339373297002       4.709766934557194E-002   165.900721439711     
  -1.17565440508628       4.592229581063725E-002   165.946643735522     
  -1.14791507720254       4.448574938849437E-002   165.991129484911     
  -1.12017574931880       4.283917122038201E-002   166.033968656131     
  -1.09243642143506       4.104536825378013E-002   166.075014024385     
  -1.06469709355131       3.917588309357330E-002   166.114189907478     
  -1.03695776566757       3.730776214349702E-002   166.151497669622     
  -1.00921843778383       3.552014812016788E-002   166.187017817742     
 -0.981479109900089       3.389080314796152E-002   166.220908620890     
 -0.953739782016346       3.249266150099086E-002   166.253401282391     
 -0.926000454132605       3.139051630082023E-002   166.284791798692     
 -0.898261126248862       3.063795722227447E-002   166.315429755914     
 -0.870521798365122       3.027468966909816E-002   166.345704445583     
 -0.842782470481378       3.032437361004103E-002   166.376028819193     
 -0.815043142597638       3.079311798675839E-002   166.406821937180     
 -0.787303814713894       3.166875234422861E-002   166.438490689524     
 -0.759564486830151       3.292097086329444E-002   166.471411660387     
 -0.731825158946410       3.450240586288558E-002   166.505914066250     
 -0.704085831062667       3.635063884136514E-002   166.542264705092     
 -0.676346503178927       3.839109832476598E-002   166.580655803416     
 -0.648607175295183       4.054072747080913E-002   166.621196530887     
 -0.620867847411443       4.271223517489954E-002   166.663908766062     
 -0.593128519527699       4.481868000744458E-002   166.708727446070     
 -0.565389191643959       4.677808696477816E-002   166.755505533034     
 -0.537649863760215       4.851777382765713E-002   166.804023306862     
 -0.509910535876475       4.997807587955699E-002   166.854001382741     
 -0.482171207992732       5.111520855501177E-002   166.905116591296     
 -0.454431880108988       5.190309337608790E-002   166.957019684673     
 -0.426692552225248       5.233408132006448E-002   167.009353765993     
 -0.398953224341504       5.241862135267124E-002   167.061772387345     
 -0.371213896457764       5.218401980448317E-002   167.113956407150     
 -0.343474568574020       5.167250089490176E-002   167.165628908045     
 -0.315735240690280       5.093879982509644E-002   167.216567707870     
 -0.287995912806537       5.004749762496209E-002   167.266615205495     
 -0.260256584922796       4.907025195322356E-002   167.315685457448     
 -0.232517257039053       4.808300854751602E-002   167.363768465996     
 -0.204777929155313       4.716321489506083E-002   167.410931680891     
 -0.177038601271569       4.638701880330073E-002   167.457318699694     
 -0.149299273387825       4.582642995503414E-002   167.503145129649     
 -0.121559945504085       4.554645202055167E-002   167.548691581669     
 -9.382061762034155E-002  4.560224644284441E-002   167.594293828112     
 -6.608128973660143E-002  4.603644994353318E-002   167.640330278056     
 -3.834196185285776E-002  4.687681768867582E-002   167.687207095745     
 -1.060263396911765E-002  4.813438785269449E-002   167.735341483597     
  1.713669391462602E-002  4.980235328945310E-002   167.785143836887     
  4.487602179836614E-002  5.185578345006359E-002   167.836999620337     
  7.261534968210981E-002  5.425227400602307E-002   167.891251894343     
  0.100354677565850       5.693352732167432E-002   167.948185421664     
  0.128094005449594       5.982779917504026E-002   168.008013220839     
  0.155833333333337       6.285309759628671E-002   168.070866318436     
  0.183572661217077       6.592099343941489E-002   168.136787311875     
  0.211311989100821       6.894089686065992E-002   168.205728208736     
  0.239051316984561       7.182466062900662E-002   168.277552869365     
  0.266790644868305       7.449137861874799E-002   168.352044247984     
  0.294529972752045       7.687224564380299E-002   168.428916493627     
  0.322269300635789       7.891532769134359E-002   168.507831821319     
  0.350008628519529       8.059006146406444E-002   168.588421882783     
  0.377747956403272       8.189126780142689E-002   168.670313150584     
  0.405487284287016       8.284243827059053E-002   168.753155588855     
  0.433226612170756       8.349805132576227E-002   168.836653640181     
  0.460965940054500       8.394470260240493E-002   168.920598342783     
  0.488705267938240       8.430089355860314E-002   169.004899236342     
  0.516444595821984       8.471540482136722E-002   169.089614641163     
  0.544183923705724       8.536426880802098E-002   169.174978909971     
  0.571923251589467       8.644643128077049E-002   169.261425341252     
  0.599662579473208       8.817823766746519E-002   169.349603578919     
  0.627401907356951       9.078689056547269E-002   169.440390469485     
  0.655141235240691       9.450300554016182E-002   169.534893475025     
  0.682880563124435       9.955236064744145E-002   169.634445835672     
  0.710619891008179       0.106146915692885        169.740592751365     
  0.738359218891919       0.114475194144397        169.855067945510     
  0.766098546775662       0.124692188814137        169.979760134324     
  0.793837874659403       0.136909071334031        170.116669205658     
  0.821577202543146       0.151183136946808        170.267852342605     
  0.849316530426886       0.167508568294669        170.435360910899     
  0.877055858310630       0.185808717752100        170.621169628651     
  0.904795186194370       0.205930656636862        170.827100285288     
  0.932534514078114       0.227642706513492        171.054742991802     
  0.960273841961854       0.250635558358194        171.305378550160     
  0.988013169845598       0.274527422397381        171.579905972557     
   1.01575249772934       0.298873464601829        171.878779437159     
   1.04349182561308       0.323179597465646        172.201959034625     
   1.07123115349683       0.346920505819390        172.548879540444     
   1.09897048138057       0.369561582631328        172.918441123075     
   1.12670980926431       0.390584188982935        173.309025312058     
   1.15444913714805       0.409513303750271        173.718538615809     
   1.18218846503179       0.425946186443319        174.144484802252     
   1.20992779291553       0.439580183265790        174.584064985518     
   1.23766712079928       0.450237357949665        175.034302343467     
   1.26540644868302       0.457883361646518        175.492185705114     
   1.29314577656676       0.462638012672458        175.954823717786     
   1.32088510445050       0.464775540049441        176.419599257836     
   1.34862443233424       0.464713374026614        176.884312631862     
   1.37636376021799       0.462989652454990        177.347302284317     
   1.40410308810173       0.460231059132578        177.807533343450     
   1.43184241598547       0.457113955184112        178.264647298634     
   1.45958174386921       0.454322735240624        178.718970033875     
   1.48732107175296       0.452509725325247        179.171479759200     
   1.51506039963670       0.452260644527312        179.623740403727     
   1.54279972752044       0.454068726823769        180.077809130551     
   1.57053905540418       0.458319223861600        180.536128354413     
   1.59827838328792       0.465284451209156        181.001412805622     
   1.62601771117167       0.475128086037182        181.476540891659     
   1.65375703905541       0.487916312234930        181.964457203894     
   1.68149636693915       0.503632782136240        182.468089986030     
   1.70923569482289       0.522194250775003        182.990284236805     
   1.73697502270663       0.543464068260525        183.533748305066     
   1.76471435059037       0.567261358071512        184.101009663137     
   1.79245367847412       0.593364522088258        184.694374185225     
   1.82019300635786       0.621508584535493        185.315882769761     
   1.84793233424160       0.651376753350299        185.967259523111     
   1.87567166212534       0.682587418898976        186.649846942010     
   1.90341099000909       0.714678622951601        187.364525564962     
   1.93115031789283       0.747092791963850        188.111618356926     
   1.95888964577657       0.779165164582517        188.890783521508     
   1.98662897366031       0.810119720885318        189.700903242393     
   2.01436830154405       0.839076366740359        190.539979609134     
   2.04210762942780       0.865072473548758        191.405052082683     
   2.06984695731154       0.887100523437560        192.292152606120     
   2.09758628519528       0.904161594597535        193.196314200718     
   2.12532561307902       0.915331940037401        194.111646140755     
   2.15306494096276       0.919837328189406        195.031483468944     
   2.18080426884650       0.917127599533462        195.948611068478     
   2.20854359673025       0.906942540791306        196.855553609269     
   2.23628292461399       0.889360079358860        197.744913688628     
   2.26402225249773       0.864819140316440        198.609732828945     
   2.29176158038148       0.834112194938036        199.443845023883     
   2.31950090826522       0.798346188170940        200.242191212054     
   2.34724023614896       0.758874567986615        201.001065780040     
   2.37497956403270       0.717206857968103        201.718272638008     
   2.40271889191644       0.674904974111533        202.393177612120     
   2.43045821980018       0.633476839236857        203.026654451357     
   2.45819754768393       0.594277634201097        203.620932085558     
   2.48593687556767       0.558427398133703        204.179359483691     
   2.51367620345141       0.526751065353584        204.706110549045     
   2.54141553133515       0.499743968595627        205.205854517641     
   2.56915485921889       0.477562918764795        205.683417436405     
   2.59689418710264       0.460040639776661        206.143458076182     
   2.62463351498638       0.446719832159425        206.590177908342     
   2.65237284287012       0.436902466270089        207.027080374612     
   2.68011217075386       0.429709877331286        207.456790251943     
   2.70785149863761       0.424149556477608        207.880939808420     
   2.73559082652135       0.419184910782457        208.300124719203     
   2.76333015440509       0.413804498263602        208.713929217467     
   2.79106948228883       0.407087272545007        209.121016490012     
   2.81880881017257       0.398260283608362        209.519276773620     
   2.84654813805632       0.386745264584805        209.906022038205     
   2.87428746594006       0.372190805211088        210.278212843416     
   2.90202679382380       0.354487532469614        210.632700375885     
   2.92976612170754       0.333764935302873        210.966465311188     
   2.95750544959128       0.310370089698087        211.276835400886     
   2.98524477747502       0.284830344218955        211.561665745105     
   3.01298410535877       0.257803721003345        211.819469466109     
   3.04072343324251       0.230022075977784        212.049491542086     
   3.06846276112625       0.202232713474938        212.251724255561     
   3.09620208900999       0.175144052030510        212.426868307592     
   3.12394141689374       0.149380117905073        212.576248425497     
   3.15168074477748       0.125447258024342        212.701695683521     
   3.17942007266122       0.103714761602089        212.805410445123     
   3.20715940054496       8.440934119760252E-002   212.889819786321     
   3.23489872842870       6.762190826279102E-002   212.957441694584     
   3.26263805631245       5.332397598642505E-002   213.010765670570     
   3.29037738419619       4.139043006795987E-002   213.052156100638     
   3.31811671207993       3.162532538429876E-002   213.083781426023     
   3.34585603996367       2.378771200689762E-002   213.107569138029     
   3.37359536784741       1.761513465640643E-002   213.125184272686     
   3.40133469573115       1.284323404746095E-002   213.138027506733     
   3.42907402361490       9.220666719618478E-003   213.147248173453     
   3.45681335149864       6.519244384405890E-003   213.153767417837     
   3.48455267938238       4.539709574131801E-003   213.158307127411     
   3.51229200726613       3.113888778752457E-003   213.161421016190     
   3.54003133514987       2.104109126069510E-003   213.163525125316     
   3.56777066303361       1.400764550998725E-003   213.164925889867     
   3.59550999091735       9.188172562022982E-004   213.165844707123     
   3.62324931880109       5.938650472433109E-004   213.166438572171     
   3.65098864668483       3.782327353208889E-004   213.166816804906     
   3.67872797456858       2.373835785481818E-004   213.167054188485     
   3.70646730245232       1.468109423056751E-004   213.167200999427     
   3.73420663033606       8.946771953146683E-005   213.167290467146     
   3.76194595821980       5.372128831230891E-005   213.167344188435     
   3.78968528610354       3.178035622418441E-005   213.167375968791     
   3.81742461398729       1.852049291559705E-005   213.167394489284     
   3.84516394187103       1.063082372646069E-005   213.167405120108     
   3.87290326975477       6.009417262354587E-006   213.167411129525     
   3.90064259763851       3.344815344798918E-006   213.167414474340     
   3.92838192552226       1.832753058263509E-006   213.167416307093     
   3.95612125340600       9.884198801879065E-007   213.167417295513     
   3.98386058128974       5.245609897449898E-007   213.167417820074     
   4.01159990917348       2.738910601570705E-007   213.167418093965     
   4.03933923705722       1.406688084142958E-007   213.167418234634     
   4.06707856494097       7.105066037893787E-008   213.167418305685     
   4.09481789282471       3.528609162699700E-008   213.167418340971     
   4.12255722070845       1.722749618892404E-008   213.167418358198     
   4.15029654859219       8.266959634497246E-009   213.167418366465     
   4.17803587647593       3.898528318590777E-009   213.167418370364     
   4.20577520435968       1.806414615462704E-009   213.167418372170     
   4.23351453224342       8.223020973628412E-010   213.167418372993     
   4.26125386012716       3.676906775669141E-010   213.167418373360     
   4.28899318801090       1.614789082186151E-010   213.167418373522     
   4.31673251589464       6.964346208347470E-011   213.167418373591     
   4.34447184377839       2.949367218066090E-011   213.167418373621     
   4.37221117166213       1.226364335340075E-011   213.167418373633     
   4.39995049954587       5.006214175519685E-012   213.167418373638     
   4.42768982742961       2.006200188890583E-012   213.167418373640     
   4.45542915531335       7.891464762929349E-013   213.167418373641     
   4.48316848319710       3.046702087581164E-013   213.167418373641     
   4.51090781108084       1.155198565056022E-013   213.167418373641     
   4.53864713896458       4.296865697490699E-014   213.167418373641     
   4.56638646684832       1.570315164916197E-014   213.167418373641     
   4.59412579473207       5.634642230598928E-015   213.167418373641     
   4.62186512261581       1.969049873744382E-015   213.167418373641     
   4.64960445049955       6.668087618447326E-016   213.167418373641     
   4.67734377838329       2.279756328817604E-016   213.167418373641     
   4.70508310626703       7.264899802626858E-017   213.167418373641     
   4.73282243415078       2.309682762663652E-017   213.167418373641     
   4.76056176203452       5.028391392314043E-018   213.167418373641     
   4.78830108991826       3.539887472698693E-018   213.167418373641     
   4.81604041780200       0.000000000000000E+000   213.167418373641     
   4.84377974568574       0.000000000000000E+000   213.167418373641     
   4.87151907356948       0.000000000000000E+000   213.167418373641     
   4.89925840145323       0.000000000000000E+000   213.167418373641     
   4.92699772933697       0.000000000000000E+000   213.167418373641     
   4.95473705722071       0.000000000000000E+000   213.167418373641     
   4.98247638510446       0.000000000000000E+000   213.167418373641     
   5.01021571298820       0.000000000000000E+000   213.167418373641     
   5.03795504087194       0.000000000000000E+000   213.167418373641     
   5.06569436875568       0.000000000000000E+000   213.167418373641     
   5.09343369663942       0.000000000000000E+000   213.167418373641     
   5.12117302452316       0.000000000000000E+000   213.167418373641     
   5.14891235240691       0.000000000000000E+000   213.167418373641     
   5.17665168029065       0.000000000000000E+000   213.167418373641     
   5.20439100817439       0.000000000000000E+000   213.167418373641     
   5.23213033605813       0.000000000000000E+000   213.167418373641     
