  -25.2811303360581       0.000000000000000E+000  0.000000000000000E+000
  -25.2533910081744       0.000000000000000E+000  0.000000000000000E+000
  -25.2256516802906       0.000000000000000E+000  0.000000000000000E+000
  -25.1979123524069       0.000000000000000E+000  0.000000000000000E+000
  -25.1701730245232       0.000000000000000E+000  0.000000000000000E+000
  -25.1424336966394       0.000000000000000E+000  0.000000000000000E+000
  -25.1146943687557       0.000000000000000E+000  0.000000000000000E+000
  -25.0869550408719       0.000000000000000E+000  0.000000000000000E+000
  -25.0592157129882       0.000000000000000E+000  0.000000000000000E+000
  -25.0314763851045       0.000000000000000E+000  0.000000000000000E+000
  -25.0037370572207       0.000000000000000E+000  0.000000000000000E+000
  -24.9759977293370       2.220446049250313E-016  2.220446049250313E-016
  -24.9482584014532       5.349453519043479E-016  7.569899568293792E-016
  -24.9205190735695       1.773212653100043E-015  2.530202609929422E-015
  -24.8927797456857       5.097755984700969E-015  7.627958594630391E-015
  -24.8650404178020       1.539718873233564E-014  2.302514732696603E-014
  -24.8373010899183       4.538763028610893E-014  6.841277761307496E-014
  -24.8095617620345       1.314949668249077E-013  1.999077444379826E-013
  -24.7818224341508       3.729488506215572E-013  5.728565950595399E-013
  -24.7540831062670       1.038015485198274E-012  1.610872080257814E-012
  -24.7263437783833       2.834299038956961E-012  4.445171119214775E-012
  -24.6986044504995       7.591422716141105E-012  1.203659383535588E-011
  -24.6708651226158       1.994592051203156E-011  3.198251434738744E-011
  -24.6431257947321       5.141016090485021E-011  8.339267525223765E-011
  -24.6153864668483       1.299879925377966E-010  2.133806677900342E-010
  -24.5876471389646       3.224182474823034E-010  5.357989152723376E-010
  -24.5599078110808       7.845095749241249E-010  1.320308490196462E-009
  -24.5321684831971       1.872572495068697E-009  3.192880985265160E-009
  -24.5044291553134       4.384710219147887E-009  7.577591204413047E-009
  -24.4766898274296       1.007175287257283E-008  1.764934407698588E-008
  -24.4489504995459       2.269504953986232E-008  4.034439361684820E-008
  -24.4212111716621       5.016711672787373E-008  9.051151034472193E-008
  -24.3934718437784       1.087850195157208E-007  1.992965298604427E-007
  -24.3657325158946       2.314094081122347E-007  4.307059379726774E-007
  -24.3379931880109       4.828974470774271E-007  9.136033850501045E-007
  -24.3102538601272       9.885321586461404E-007  1.902135543696245E-006
  -24.2825145322434       1.985128865941276E-006  3.887264409637521E-006
  -24.2547752043597       3.910647132502568E-006  7.797911542140089E-006
  -24.2270358764759       7.557368392445071E-006  1.535527993458516E-005
  -24.1992965485922       1.432697838019988E-005  2.968225831478504E-005
  -24.1715572207084       2.664407703745003E-005  5.632633535223507E-005
  -24.1438178928247       4.860812068227554E-005  1.049344560345106E-004
  -24.1160785649410       8.699195006116718E-005  1.919264060956778E-004
  -24.0883392370572       1.527254451023629E-004  3.446518511980407E-004
  -24.0605999091735       2.630303364848534E-004  6.076821876828940E-004
  -24.0328605812897       4.443880783308213E-004  1.052070266013715E-003
  -24.0051212534060       7.365141350530369E-004  1.788584401066752E-003
  -23.9773819255223       1.197462466238650E-003  2.986046867305402E-003
  -23.9496425976385       1.909874712666701E-003  4.895921579972103E-003
  -23.9219032697548       2.988202339448283E-003  7.884123919420387E-003
  -23.8941639418710       4.586456577473176E-003  1.247058049689356E-002
  -23.8664246139873       6.905684622394933E-003  1.937626511928850E-002
  -23.8386852861035       1.019995773840508E-002  2.957622285769357E-002
  -23.8109459582198       1.477924299010949E-002  4.435546584780306E-002
  -23.7832066303361       2.100720149184912E-002  6.536266733965218E-002
  -23.7554673024523       2.929182408193995E-002  9.465449142159213E-002
  -23.7277279745686       4.006700238158836E-002  0.134721493803180     
  -23.6999886466848       5.376374643113002E-002  0.188485240234311     
  -23.6722493188011       7.077085836042873E-002  0.259256098594739     
  -23.6445099909173       9.138643045466062E-002  0.350642529049400     
  -23.6167706630336       0.115763420573734       0.466405949623134     
  -23.5890313351499       0.143854513784005       0.610260463407139     
  -23.5612920072661       0.175363151340948       0.785623614748087     
  -23.5335526793824       0.209708592415349       0.995332207163436     
  -23.5058133514986       0.246012795745645        1.24134500290908     
  -23.4780740236149       0.283115517800577        1.52446052070966     
  -23.4503346957312       0.319621283802638        1.84408180451230     
  -23.4225953678474       0.353978030037748        2.19805983455005     
  -23.3948560399637       0.384582744061066        2.58264257861111     
  -23.3671167120799       0.409905056441369        2.99254763505248     
  -23.3393773841962       0.428616261184266        3.42116389623675     
  -23.3116380563124       0.439709381418856        3.86087327765560     
  -23.2838987284287       0.442596127974507        4.30346940563011     
  -23.2561594005450       0.437169026278161        4.74063843190827     
  -23.2284200726612       0.423821294401661        5.16445972630993     
  -23.2006807447775       0.403422544630156        5.56788227094009     
  -23.1729414168937       0.377254106464637        5.94513637740472     
  -23.1452020890100       0.346912728956229        6.29204910636095     
  -23.1174627611262       0.314194767944893        6.60624387430585     
  -23.0897234332425       0.280974184515801        6.88721805882165     
  -23.0619841053588       0.249086694971084        7.13630475379273     
  -23.0342447774750       0.220229579960449        7.35653433375318     
  -23.0065054495913       0.195882689959835        7.55241702371302     
  -22.9787661217075       0.177251969842656        7.72966899355567     
  -22.9510267938238       0.165233248574043        7.89490224212972     
  -22.9232874659401       0.160391784642991        8.05529402677271     
  -22.8955481380563       0.162952473009770        8.21824649978248     
  -22.8678088101726       0.172796659674047        8.39104315945652     
  -22.8400694822888       0.189463759434846        8.58050691889137     
  -22.8123301544051       0.212158644740416        8.79266556363179     
  -22.7845908265213       0.239768266713502        9.03243383034529     
  -22.7568514986376       0.270892443144890        9.30332627349018     
  -22.7291121707539       0.303893689034186        9.60721996252436     
  -22.7013728428701       0.336969206618654        9.94418916914302     
  -22.6736335149864       0.368244923513179        10.3124340926562     
  -22.6458941871026       0.395887361212820        10.7083214538690     
  -22.6181548592189       0.418224970576450        11.1265464244455     
  -22.5904155313352       0.433867297662299        11.5604137221078     
  -22.5626762034514       0.441808728547314        12.0022224506551     
  -22.5349368755677       0.441504087389059        12.4437265380441     
  -22.5071975476839       0.432906088431503        12.8766326264756     
  -22.4794582198002       0.416459183008222        13.2930918094839     
  -22.4517188919164       0.393049936481086        13.6861417459650     
  -22.4239795640327       0.363919741652357        14.0500614876173     
  -22.3962402361490       0.330550438552293        14.3806119261696     
  -22.3685009082652       0.294536473403229        14.6751483995728     
  -22.3407615803815       0.257458148155526        14.9326065477284     
  -22.3130222524977       0.220769262214328        15.1533758099427     
  -22.2852829246140       0.185709401684428        15.3390852116271     
  -22.2575435967302       0.153246949644116        15.4923321612712     
  -22.2298042688465       0.124054365645547        15.6163865269168     
  -22.2020649409628       9.851316866948095E-002   15.7148996955863     
  -22.1743256130790       7.674293348737374E-002   15.7916426290736     
  -22.1465862851953       5.864679451477153E-002   15.8502894235884     
  -22.1188469573115       4.396548581717053E-002   15.8942549094056     
  -22.0911076294278       3.233263823891644E-002   15.9265875476445     
  -22.0633683015441       2.332555831380158E-002   15.9499131059583     
  -22.0356289736603       1.650762388083372E-002   15.9664207298391     
  -22.0078896457766       1.146037091918105E-002   15.9778811007583     
  -21.9801503178928       7.805026015553279E-003   15.9856861267739     
  -21.9524109900091       5.214487010333258E-003   15.9909006137842     
  -21.9246716621253       3.417514461755701E-003   15.9943181282459     
  -21.8969323342416       2.197205363755915E-003   15.9965153336097     
  -21.8691930063579       1.385774101400076E-003   15.9979011077111     
  -21.8414536784741       8.573846679198974E-004   15.9987584923790     
  -21.8137143505904       5.203798234250191E-004   15.9992788722025     
  -21.7859750227066       3.098322573513209E-004   15.9995887044598     
  -21.7582356948229       1.809648556429996E-004   15.9997696693154     
  -21.7304963669391       1.036867510695717E-004   15.9998733560665     
  -21.7027570390554       5.827921955493305E-005   15.9999316352861     
  -21.6750177111717       3.213407386085793E-005   15.9999637693599     
  -21.6472783832879       1.738122182693390E-005   15.9999811505818     
  -21.6195390554042       9.222770372960764E-006   15.9999903733521     
  -21.5917997275204       4.800966397061396E-006   15.9999951743185     
  -21.5640603996367       2.452307445596335E-006   15.9999976266260     
  -21.5363210717530       1.230378672759070E-006   15.9999988570046     
  -21.5085817438692       6.092313251494048E-007   15.9999994662360     
  -21.4808424159855       3.042690071525071E-007   15.9999997705050     
  -21.4531030881017       1.675944846655153E-007   15.9999999380995     
  -21.4253637602180       1.298061892126895E-007   16.0000000679057     
  -21.3976244323342       1.711939329287798E-007   16.0000002390996     
  -21.3698851044505       3.133073285750188E-007   16.0000005524069     
  -21.3421457765668       6.281551585343172E-007   16.0000011805621     
  -21.3144064486830       1.268019096459726E-006   16.0000024485812     
  -21.2866671207993       2.525196477498734E-006   16.0000049737776     
  -21.2589277929155       4.939104242052789E-006   16.0000099128819     
  -21.2311884650318       9.479275314859623E-006   16.0000193921572     
  -21.2034491371480       1.784799157190063E-005   16.0000372401488     
  -21.1757098092643       3.296647791839279E-005   16.0000702066267     
  -21.1479704813806       5.973390330789725E-005   16.0001299405300     
  -21.1202311534968       1.061777703340456E-004   16.0002361183003     
  -21.0924918256131       1.851443788311454E-004   16.0004212626792     
  -21.0647524977293       3.167026378556196E-004   16.0007379653170     
  -21.0370131698456       5.314434702900522E-004   16.0012694087873     
  -21.0092738419619       8.748362002840832E-004   16.0021442449876     
  -20.9815345140781       1.412735058916539E-003   16.0035569800465     
  -20.9537951861944       2.237994620871653E-003   16.0057949746674     
  -20.9260558583106       3.477937094923696E-003   16.0092729117623     
  -20.8983165304269       5.302110886623527E-003   16.0145750226489     
  -20.8705772025431       7.929399854873023E-003   16.0225044225038     
  -20.8428378746594       1.163312216612683E-002   16.0341375446699     
  -20.8150985467757       1.674236269649263E-002   16.0508799073664     
  -20.7873592188919       2.363750958479215E-002   16.0745174169512     
  -20.7596198910082       3.273793125550169E-002   16.1072553482067     
  -20.7318805631244       4.448005508993042E-002   16.1517354032967     
  -20.7041412352407       5.928488703228646E-002   16.2110202903289     
  -20.6764019073569       7.751527623109251E-002   16.2885355665600     
  -20.6486625794732       9.942491972644808E-002   16.3879604862865     
  -20.6209232515895       0.125103042434305        16.5130635287208     
  -20.5931839237057       0.154420584222262        16.6674841129431     
  -20.5654445958220       0.186985199312170        16.8544693122552     
  -20.5377052679382       0.222113019505385        17.0765823317606     
  -20.5099659400545       0.258824609573690        17.3354069413343     
  -20.4822266121708       0.295870665140391        17.6312776064747     
  -20.4544872842870       0.331789821826525        17.9630674283012     
  -20.4267479564033       0.364996787604181        18.3280642159054     
  -20.3990086285195       0.393894464327168        18.7219586802326     
  -20.3712693006358       0.416999548620619        19.1389582288532     
  -20.3435299727520       0.433068089410848        19.5720263182640     
  -20.3157906448683       0.441206288159414        20.0132326064234     
  -20.2880513169846       0.440952827396973        20.4541854338204     
  -20.2603119891008       0.432322178906324        20.8865076127267     
  -20.2325726612171       0.415803235308595        21.3023108480353     
  -20.2048333333333       0.392313445058518        21.6946242930939     
  -20.1770940054496       0.363114436854554        22.0577387299484     
  -20.1493546775658       0.329699927292556        22.3874386572410     
  -20.1216153496821       0.293669749479724        22.6811084067207     
  -20.0938760217984       0.256604704587595        22.9377131113083     
  -20.0661366939146       0.219955623656226        23.1576687349645     
  -20.0383973660309       0.184956923494391        23.3426256584589     
  -20.0106580381471       0.152570719804550        23.4951963782634     
  -19.9829187102634       0.123463017984728        23.6186593962482     
  -19.9551793823797       9.800938978579560E-002   23.7166687860340     
  -19.9274400544959       7.632443447940376E-002   23.7929932205134     
  -19.8997007266122       5.830752787248594E-002   23.8513007483859     
  -19.8719613987284       4.369691683837309E-002   23.8949976652242     
  -19.8442220708447       3.212492362795290E-002   23.9271225888522     
  -19.8164827429609       2.316853445998707E-002   23.9502911233122     
  -19.7887434150772       1.639155595638010E-002   23.9666826792686     
  -19.7610040871935       1.137645527111654E-002   23.9780591345397     
  -19.7332647593097       7.745668727231796E-003   23.9858048032669     
  -19.7055254314260       5.173399921341326E-003   23.9909782031882     
  -19.6777861035422       3.389677410271650E-003   23.9943678805985     
  -19.6500467756585       2.178742347085022E-003   23.9965466229456     
  -19.6223074477748       1.373784377235206E-003   23.9979204073228     
  -19.5945681198910       8.497603630902347E-004   23.9987701676859     
  -19.5668287920073       5.156316554113841E-004   23.9992857993413     
  -19.5390894641235       3.069360510027406E-004   23.9995927353923     
  -19.5113501362398       1.792344749503155E-004   23.9997719698673     
  -19.4836108083560       1.026740975700980E-004   23.9998746439649     
  -19.4558714804723       5.769891021811330E-005   23.9999323428751     
  -19.4281321525886       3.180892567342417E-005   23.9999641518008     
  -19.4003928247048       1.720430094316480E-005   23.9999813561017     
  -19.3726534968211       9.132117940937798E-006   23.9999904882196     
  -19.3449141689373       4.763903470816682E-006   23.9999952521231     
  -19.3171748410536       2.457296636429864E-006   23.9999977094197     
  -19.2894355131698       1.285784272192503E-006   23.9999989952040     
  -19.2616961852861       7.501538699220575E-007   23.9999997453579     
  -19.2339568574024       6.113340015327282E-007   24.0000003566919     
  -19.2062175295186       8.058332684563949E-007   24.0000011625252     
  -19.1784782016349       1.422647409943148E-006   24.0000025851726     
  -19.1507388737511       2.735653120891374E-006   24.0000053208257     
  -19.1229995458674       5.299891725669438E-006   24.0000106207174     
  -19.0952602179837       1.013560950763087E-005   24.0000207563269     
  -19.0675208900999       1.904217138753550E-005   24.0000397984983     
  -19.0397815622162       3.510628095445840E-005   24.0000749047793     
  -19.0120422343324       6.349574267233943E-005   24.0001384005219     
  -18.9843029064487       1.126602229938935E-004   24.0002510607449     
  -18.9565635785649       1.960907331864852E-004   24.0004471514781     
  -18.9288242506812       3.348132949540478E-004   24.0007819647731     
  -18.9010849227975       5.607989506847004E-004   24.0013427637237     
  -18.8733455949137       9.214473108931856E-004   24.0022642110346     
  -18.8456062670300       1.485226315403466E-003   24.0037494373500     
  -18.8178669391462       2.348408190918469E-003   24.0060978455410     
  -18.7901276112625       3.642615830247322E-003   24.0097404613712     
  -18.7623882833787       5.542580365597847E-003   24.0152830417368     
  -18.7346489554950       8.273123015952285E-003   24.0235561647528     
  -18.7069096276113       1.211395148663790E-002   24.0356701162394     
  -18.6791702997275       1.740047295341327E-002   24.0530705891928     
  -18.6514309718438       2.451857125268883E-002   24.0775891604455     
  -18.6236916439600       3.389129459765903E-002   24.1114804550432     
  -18.5959523160763       4.595577121369811E-002   24.1574362262569     
  -18.5682129881926       6.112950336821711E-002   24.2185657296251     
  -18.5404736603088       7.976651025208634E-002   24.2983322398772     
  -18.5127343324251       0.102105524342821        24.4004377642200     
  -18.4849950045413       0.128214403637017        24.5286521678570     
  -18.4572556766576       0.157936797835957        24.6865889656930     
  -18.4295163487738       0.190848513077688        24.8774374787706     
  -18.4017770208901       0.226231553749756        25.1036690325204     
  -18.3740376930064       0.263073150452849        25.3667421829733     
  -18.3462983651226       0.300095046973905        25.6668372299472     
  -18.3185590372389       0.335814997460460        26.0026522274076     
  -18.2908197093551       0.368638178305569        26.3712904057132     
  -18.2630803814714       0.396971660745656        26.7682620664588     
  -18.2353410535876       0.419350993667972        27.1876130601268     
  -18.2076017257039       0.434565100924641        27.6221781610515     
  -18.1798623978202       0.441764739525245        28.0639429005767     
  -18.1521230699364       0.440541024488304        28.5044839250650     
  -18.1243837420527       0.430963930824947        28.9354478558900     
  -18.0966444141689       0.413575747918268        29.3490236038082     
  -18.0689050862852       0.389340370538481        29.7383639743467     
  -18.0411657584015       0.359555077168799        30.0979190515155     
  -18.0134264305177       0.325736113283526        30.4236551647990     
  -17.9856871026340       0.289492230970963        30.7131473957700     
  -17.9579477747502       0.252400966399110        30.9655483621691     
  -17.9302084468665       0.215900911344213        31.1814492735133     
  -17.9024691189827       0.181209982951508        31.3626592564648     
  -17.8747297910990       0.149275408927042        31.5119346653919     
  -17.8469904632153       0.120756616084114        31.6326912814760     
  -17.8192511353315       9.603816571200556E-002   31.7287294471880     
  -17.7915118074478       7.526684946101632E-002   31.8039962966490     
  -17.7637724795640       5.840530516128502E-002   31.8624016018103     
  -17.7360331516803       4.529402113160917E-002   31.9076956229419     
  -17.7082938237965       3.571414006507250E-002   31.9434097630070     
  -17.6805544959128       2.944469394470881E-002   31.9728544569517     
  -17.6528151680291       2.630942188030481E-002   31.9991638788320     
  -17.6250758401453       2.620983282451525E-002   32.0253737116565     
  -17.5973365122616       2.914248965947379E-002   32.0545162013160     
  -17.5695971843778       3.519956824562833E-002   32.0897157695616     
  -17.5418578564941       4.455266501801049E-002   32.1342684345796     
  -17.5141185286104       5.742074064056477E-002   32.1916891752202     
  -17.4863792007266       7.402414855087555E-002   32.2657133237711     
  -17.4586398728429       9.452799300622340E-002   32.3602413167773     
  -17.4309005449591       0.118979559072457        32.4792208758497     
  -17.4031612170754       0.147246081630693        32.6264669574804     
  -17.3754218891916       0.178960369070177        32.8054273265506     
  -17.3476825613079       0.213482394826877        33.0189097213775     
  -17.3199432334242       0.249884556778392        33.2687942781559     
  -17.2922039055404       0.286966639637500        33.5557609177934     
  -17.2644645776567       0.323303570072152        33.8790644878655     
  -17.2367252497729       0.357325069843551        34.2363895577091     
  -17.2089859218892       0.387421801197449        34.6238113589065     
  -17.1812465940055       0.412068277196688        35.0358796361032     
  -17.1535072661217       0.429949469406967        35.4658291055102     
  -17.1257679382380       0.440076389045847        35.9059054945560     
  -17.0980286103542       0.441876395311290        36.3477818898673     
  -17.0702892824705       0.435246672171503        36.7830285620388     
  -17.0425499545867       0.420563870296660        37.2035924323355     
  -17.0148106267030       0.398648622666602        37.6022410550021     
  -16.9870712988193       0.370689564930586        37.9729306199327     
  -16.9593319709355       0.338136635371773        38.3110672553044     
  -16.9315926430518       0.302576962468177        38.6136442177726     
  -16.9038533151680       0.265608059957004        38.8792522777296     
  -16.8761139872843       0.228722239017404        39.1079745167470     
  -16.8483746594005       0.193213418719643        39.3011879354667     
  -16.8206353315168       0.160113487426683        39.4613014228933     
  -16.7928960036331       0.130160822125398        39.5914622450187     
  -16.7651566757493       0.103799288345445        39.6952615333642     
  -16.7374173478656       8.120264732150854E-002   39.7764641806857     
  -16.7096780199818       6.231716836901389E-002   39.8387813490547     
  -16.6819386920981       4.691448320072510E-002   39.8856958322554     
  -16.6541993642143       3.464717702810338E-002   39.9203430092835     
  -16.6264600363306       2.510096724100407E-002   39.9454439765245     
  -16.5987207084469       1.783917360238359E-002   39.9632831501269     
  -16.5709813805631       1.243714418547111E-002   39.9757202943124     
  -16.5432420526794       8.506056392744710E-003   39.9842263507051     
  -16.5155027247956       5.706863506190354E-003   39.9899332142113     
  -16.4877633969119       3.756023841840406E-003   39.9936892380532     
  -16.4600240690282       2.425050626498376E-003   39.9961142886797     
  -16.4322847411444       1.535942224956172E-003   39.9976502309046     
  -16.4045454132607       9.543123351581622E-004   39.9986045432398     
  -16.3768060853769       5.816580835150305E-004   39.9991862013233     
  -16.3490667574932       3.477815645413675E-004   39.9995339828878     
  -16.3213274296094       2.039890656601896E-004   39.9997379719535     
  -16.2935881017257       1.173731466943823E-004   39.9998553451002     
  -16.2658487738420       6.625095119952573E-005   39.9999215960514     
  -16.2381094459582       3.668402515122023E-005   39.9999582800765     
  -16.2103701180745       1.992614673759015E-005   39.9999782062233     
  -16.1826307901907       1.061771650325341E-005   39.9999888239398     
  -16.1548914623070       5.550094381378580E-006   39.9999943740342     
  -16.1271521344233       2.845974722058618E-006   39.9999972200089     
  -16.0994128065395       1.431604764389155E-006   39.9999986516136     
  -16.0716734786558       7.064423882118410E-007   39.9999993580560     
  -16.0439341507720       3.419735393575302E-007   39.9999997000296     
  -16.0161948228883       1.623955275772190E-007   39.9999998624251     
  -15.9884554950045       7.565588191739631E-008   39.9999999380810     
  -15.9607161671208       3.458765304151018E-008   39.9999999726686     
  -15.9329768392371       1.554230919415282E-008   39.9999999882109     
  -15.9052375113533       6.928746136840476E-009   39.9999999951397     
  -15.8774981834696       3.222371646046610E-009   39.9999999983621     
  -15.8497588555858       1.933069837935317E-009   40.0000000002951     
  -15.8220195277021       2.165655951552777E-009   40.0000000024608     
  -15.7942801998183       4.083431631078747E-009   40.0000000065442     
  -15.7665408719346       9.007234611977093E-009   40.0000000155514     
  -15.7388015440509       2.020007925122511E-008   40.0000000357515     
  -15.7110622161671       4.472496908496928E-008   40.0000000804765     
  -15.6833228882834       9.725001645286262E-008   40.0000001777265     
  -15.6555835603996       2.074779384657745E-007   40.0000003852045     
  -15.6278442325159       4.342375119752054E-007   40.0000008194420     
  -15.6001049046322       8.915462873909630E-007   40.0000017109883     
  -15.5723655767484       1.795641060885439E-006   40.0000035066293     
  -15.5446262488647       3.547757189222901E-006   40.0000070543865     
  -15.5168869209809       6.876175187765451E-006   40.0000139305617     
  -15.4891475930972       1.307370453274757E-005   40.0000270042662     
  -15.4614082652134       2.438423309443900E-005   40.0000513884993     
  -15.4336689373297       4.461472853728432E-005   40.0000960032278     
  -15.4059296094460       8.007669524660063E-005   40.0001760799231     
  -15.3781902815622       1.409914497200208E-004   40.0003170713728     
  -15.3504509536785       2.435219836221426E-004   40.0005605933564     
  -15.3227116257947       4.126124661264469E-004   40.0009732058226     
  -15.2949722979110       6.858123578624877E-004   40.0016590181804     
  -15.2672329700272       1.118219522381343E-003   40.0027772377028     
  -15.2394936421435       1.788577026973412E-003   40.0045658147298     
  -15.2117543142598       2.806383725165341E-003   40.0073721984549     
  -15.1840149863760       4.319617546324223E-003   40.0116918160013     
  -15.1562756584923       6.522324324098014E-003   40.0182141403254     
  -15.1285363306085       9.660916894195090E-003   40.0278750572196     
  -15.1007970027248       1.403761011788014E-002   40.0419126673374     
  -15.0730576748411       2.000906951553330E-002   40.0619217368530     
  -15.0453183469573       2.797818334478847E-002   40.0898999201978     
  -15.0175790190736       3.837700251309399E-002   40.1282769227109     
  -14.9898396911898       5.163944110509469E-002   40.1799163638159     
  -14.9621003633061       6.816336059188652E-002   40.2480797244078     
  -14.9343610354223       8.826316236448714E-002   40.3363428867723     
  -14.9066217075386       0.112115867699297        40.4484587544716     
  -14.8788823796549       0.139705633257666        40.5881643877293     
  -14.8511430517711       0.170773390002851        40.7589377777321     
  -14.8234037238874       0.204779401493111        40.9637171792252     
  -14.7956643960036       0.240886628840132        41.2046038080654     
  -14.7679250681199       0.277971590406887        41.4825753984723     
  -14.7401857402361       0.314666842777087        41.7972422412494     
  -14.7124464123524       0.349435478496650        42.1466777197460     
  -14.6847070844687       0.380673604280926        42.5273513240269     
  -14.6569677565849       0.406832321664678        42.9341836456916     
  -14.6292284287012       0.426547076714109        43.3607307224057     
  -14.6014891008174       0.438760118206457        43.7994908406122     
  -14.5737497729337       0.442821723718997        44.2423125643312     
  -14.5460104450500       0.438557982038361        44.6808705463695     
  -14.5182711171662       0.426296998597975        45.1071675449675     
  -14.4905317892825       0.406850766387990        45.5140183113555     
  -14.4627924613987       0.381455694726323        45.8954740060818     
  -14.4350531335150       0.351679905723429        46.2471539118053     
  -14.4073138056312       0.319309014580047        46.5664629263853     
  -14.3795744777475       0.286223639462835        46.8526865658481     
  -14.3518351498638       0.254281201710859        47.1069677675590     
  -14.3240958219800       0.225211985389472        47.3321797529485     
  -14.2963564940963       0.200535599764827        47.5327153527133     
  -14.2686171662125       0.181499809455657        47.7142151621690     
  -14.2408778383288       0.169040055481565        47.8832552176505     
  -14.2131385104450       0.163755596009566        48.0470108136601     
  -14.1853991825613       0.165897432928707        48.2129082465888     
  -14.1576598546776       0.175364049512675        48.3882722961015     
  -14.1299205267938       0.191703077642800        48.5799753737443     
  -14.1021811989101       0.214119671123363        48.7940950448676     
  -14.0744418710263       0.241494787773416        49.0355898326411     
  -14.0467025431426       0.272418032738433        49.3080078653795     
  -14.0189632152589       0.305239665853646        49.6132475312331     
  -13.9912238873751       0.338144649582313        49.9513921808154     
  -13.9634845594914       0.369248431678304        50.3206406124937     
  -13.9357452316076       0.396710103796279        50.7173507162900     
  -13.9080059037239       0.418854489128481        51.1362052054185     
  -13.8802665758401       0.434291498229189        51.5704967036477     
  -13.8525272479564       0.442019536076120        52.0125162397238     
  -13.8247879200727       0.441500323037380        52.4540165627612     
  -13.7970485921889       0.432695262853058        52.8867118256142     
  -13.7693092643052       0.416058059275471        53.3027698848897     
  -13.7415699364214       0.392483884582023        53.6952537694717     
  -13.7138306085377       0.363221060035358        54.0584748295071     
  -13.6860912806540       0.329755936425790        54.3882307659329     
  -13.6583519527702       0.293684675552322        54.6819154414852     
  -13.6306126248865       0.256586495563925        54.9385019370491     
  -13.6028732970027       0.219911639993127        55.1584135770423     
  -13.5751339691190       0.184894242490094        55.3433078195324     
  -13.5473946412352       0.152496053493695        55.4958038730260     
  -13.5196553133515       0.123382465400143        55.6191863384262     
  -13.4919159854678       9.792817221296404E-002   55.7171145106392     
  -13.4641766575840       7.624670166011505E-002   55.7933612122993     
  -13.4364373297003       5.823627453990460E-002   55.8515974868392     
  -13.4086980018165       4.363401305197077E-002   55.8952314998912     
  -13.3809586739328       3.207123902239496E-002   55.9273027389135     
  -13.3532193460490       2.312412461779307E-002   55.9504268635313     
  -13.3254800181653       1.635587658433827E-002   55.9667827401157     
  -13.2977406902816       1.134857399836002E-002   55.9781313141140     
  -13.2700013623978       7.724452286248900E-003   55.9858557664003     
  -13.2422620345141       5.157663659287668E-003   55.9910134300596     
  -13.2145227066303       3.378292564476473E-003   55.9943917226241     
  -13.1867833787466       2.170703121573306E-003   55.9965624257456     
  -13.1590440508629       1.368241116369775E-003   55.9979306668620     
  -13.1313047229791       8.460271448325068E-004   55.9987766940068     
  -13.1035653950954       5.131768956670713E-004   55.9992898709025     
  -13.0758260672116       3.053638664677057E-004   55.9995952347690     
  -13.0480867393279       1.782632647771339E-004   55.9997734980337     
  -13.0203474114441       1.021177023179407E-004   55.9998756157361     
  -12.9926080835604       5.745539014110045E-005   55.9999330711262     
  -12.9648687556767       3.186313332665324E-005   55.9999649342595     
  -12.9371294277929       1.765389675471575E-005   55.9999825881563     
  -12.9093900999092       1.025384283096051E-005   55.9999928419991     
  -12.8816507720254       7.149885620487883E-006   55.9999999918847     
  -12.8539114441417       7.273134231942859E-006   56.0000072650190     
  -12.8261721162579       1.073776506619337E-005   56.0000180027840     
  -12.7984327883742       1.890461342632220E-005   56.0000369073975     
  -12.7706934604905       3.479291763006489E-005   56.0000717003151     
  -12.7429541326067       6.392265365195201E-005   56.0001356229687     
  -12.7152148047230       1.157342497436823E-004   56.0002513572185     
  -12.6874754768392       2.058007990049627E-004   56.0004571580175     
  -12.6597361489555       3.591149213832468E-004   56.0008162729389     
  -12.6319968210718       6.147869187318948E-004   56.0014310598576     
  -12.6042574931880       1.032513889030528E-003   56.0024635737466     
  -12.5765181653043       1.701143742028191E-003   56.0041647174886     
  -12.5487788374205       2.749529286855304E-003   56.0069142467755     
  -12.5210395095368       4.359608789726231E-003   56.0112738555652     
  -12.4933001816530       6.781229294973521E-003   56.0180550848602     
  -12.4655608537693       1.034763417759275E-002   56.0284027190378     
  -12.4378215258856       1.548978667902999E-002   56.0438925057168     
  -12.4100821980018       2.274686502413698E-002   56.0666393707410     
  -12.3823428701181       3.276947012154625E-002   56.0994088408625     
  -12.3546035422343       4.631152183608109E-002   56.1457203626986     
  -12.3268642143506       6.420671656231013E-002   56.2099270792609     
  -12.2991248864668       8.732601749596286E-002   56.2972530967569     
  -12.2713855585831       0.116514141896127        56.4137672386530     
  -12.2436462306994       0.152505472593079        56.5662727112461     
  -12.2159069028156       0.195823146243716        56.7620958574898     
  -12.1881675749319       0.246668921047760        57.0087647785375     
  -12.1604282470481       0.304815231535942        57.3135800100735     
  -12.1326889191644       0.369513849927543        57.6830938600010     
  -12.1049495912807       0.439436986362424        58.1225308463634     
  -12.0772102633969       0.512665779424480        58.6351966257879     
  -12.0494709355132       0.586737559700823        59.2219341854887     
  -12.0217316076294       0.658757081638670        59.8806912671274     
  -11.9939922797457       0.725568730911233        60.6062599980386     
  -11.9662529518619       0.783977663799301        61.3902376618379     
  -11.9385136239782       0.830999418955051        62.2212370807930     
  -11.9107742960945       0.864111344536046        63.0853484253290     
  -11.8830349682107       0.881476544833807        63.9668249701629     
  -11.8552956403270       0.882112751483540        64.8489377216464     
  -11.8275563124432       0.865984572371161        65.7149222940176     
  -11.7998169845595       0.834007144868503        66.5489294388861     
  -11.7720776566757       0.787960799268024        67.3368902381541     
  -11.7443383287920       0.730327998380138        68.0672182365342     
  -11.7165990009083       0.664073619313676        68.7312918558479     
  -11.6888596730245       0.592396019160425        69.3236878750083     
  -11.6611203451408       0.518478392400155        69.8421662674085     
  -11.6333810172570       0.445267621678670        70.2874338890872     
  -11.6056416893733       0.375301863339719        70.6627357524269     
  -11.5779023614896       0.310599788084824        70.9733355405117     
  -11.5501630336058       0.252615275296958        71.2259508158087     
  -11.5224237057221       0.202252932370817        71.4282037481795     
  -11.4946843778383       0.159933233619042        71.5881369817985     
  -11.4669450499546       0.125691998624750        71.7138289804233     
  -11.4392057220708       9.929747226837710E-002   71.8131264526916     
  -11.4114663941871       8.036909187098960E-002   71.8934955445626     
  -11.3837270663034       6.848450716233485E-002   71.9619800517250     
  -11.3559877384196       6.326483447637864E-002   72.0252448862013     
  -11.3282484105359       6.443182536058978E-002   72.0896767115619     
  -11.3005090826521       7.183413860569343E-002   72.1615108501676     
  -11.2727697547684       8.544296849559489E-002   72.2469538186632     
  -11.2450304268847       0.105319836877193        72.3522736555404     
  -11.2172910990009       0.131561457771490        72.4838351133119     
  -11.1895517711172       0.164228316672294        72.6480634299842     
  -11.1618124432334       0.203265011504965        72.8513284414892     
  -11.1340731153497       0.248421425372217        73.0997498668614     
  -11.1063337874659       0.299184294958031        73.3989341618194     
  -11.0785944595822       0.354728499199111        73.7536626610185     
  -11.0508551316985       0.413896228984367        74.1675588900029     
  -11.0231158038147       0.475210007945887        74.6427688979488     
  -10.9953764759310       0.536922368568417        75.1796912665172     
  -10.9676371480472       0.597101085375179        75.7767923518924     
  -10.9398978201635       0.653744642771138        76.4305369946635     
  -10.9121584922797       0.704918606412589        77.1354556010761     
  -10.8844191643960       0.748900345770568        77.8843559468467     
  -10.8566798365123       0.784317627378805        78.6686735742255     
  -10.8289405086285       0.810266309396762        79.4789398836223     
  -10.8012011807448       0.826393841979345        80.3053337256016     
  -10.7734618528610       0.832938392945214        81.1382721185468     
  -10.7457225249773       0.830717829163890        81.9689899477107     
  -10.7179831970936       0.821067978487462        82.7900579261982     
  -10.6902438692098       0.805734971448946        83.5957928976471     
  -10.6625045413261       0.786731401068770        84.3825242987159     
  -10.6347652134423       0.766169985113298        85.1486942838292     
  -10.6070258855586       0.746090920499584        85.8947852043287     
  -10.5792865576748       0.728299884192951        86.6230850885217     
  -10.5515472297911       0.714232532495668        87.3373176210174     
  -10.5238079019074       0.704858447649837        88.0421760686672     
  -10.4960685740236       0.700633048909349        88.7428091175766     
  -10.4683292461399       0.701500500088355        89.4443096176649     
  -10.4405899182561       0.706944760092802        90.1512543777577     
  -10.4128505903724       0.716080406694664        90.8673347844524     
  -10.3851112624886       0.727770503510165        91.5951052879625     
  -10.3573719346049       0.740756250198168        92.3358615381607     
  -10.3296326067212       0.753782881371349        93.0896444195321     
  -10.3018932788374       0.765708323984380        93.8553527435164     
  -10.2741539509537       0.775585134321098        94.6309378778376     
  -10.2464146230699       0.782711478345304        95.4136493561829     
  -10.2186752951862       0.786652395194567        96.2003017513774     
  -10.1909359673025       0.787237228270305        96.9875389796477     
  -10.1631966394187       0.784542018440160        97.7720809980879     
  -10.1354573115350       0.778866294426426        98.5509472925143     
  -10.1077179836512       0.770712031767477        99.3216593242818     
  -10.0799786557675       0.760769067892020        100.082428392174     
  -10.0522393278837       0.749906855185858        100.832335247360     
  -10.0245000000000       0.739168213385348        101.571503460745     
  -9.99676067211626       0.729757765297948        102.301261226043     
  -9.96902134423251       0.723016769463994        103.024277995507     
  -9.94128201634877       0.720377396066985        103.744655391574     
  -9.91354268846503       0.723292896528598        104.467948288103     
  -9.88580336058129       0.733144896908972        105.201093185011     
  -9.85806403269755       0.751134206570065        105.952227391582     
  -9.83032470481380       0.778166008304330        106.730393399886     
  -9.80258537693006       0.814743167223975        107.545136567110     
  -9.77484604904632       0.860882074083724        108.406018641194     
  -9.74710672116258       0.916063758185121        109.322082399379     
  -9.71936739327884       0.979229225315384        110.301311624694     
  -9.69162806539509        1.04882270613405        111.350134330828     
  -9.66388873751135        1.12288056803733        112.473014898865     
  -9.63614940962761        1.19915794499024        113.672172843856     
  -9.60841008174387        1.27528049616680        114.947453340022     
  -9.58067075386013        1.34890574608351        116.296359086106     
  -9.55293142597638        1.41787755006213        117.714236636168     
  -9.52519209809264        1.48035843240944        119.194595068578     
  -9.49745277020890        1.53492763034390        120.729522698921     
  -9.46971344232516        1.58063716549048        122.310159864412     
  -9.44197411444142        1.61702350517402        123.927183369586     
  -9.41423478655767        1.64407764150455        125.571261011091     
  -9.38649545867393        1.66218101259169        127.233442023682     
  -9.35875613079019        1.67201805192134        128.905460075604     
  -9.33101680290645        1.67447791658598        130.579937992190     
  -9.30327747502271        1.67055798942565        132.250495981615     
  -9.27553814713896        1.66128018541560        133.911776167031     
  -9.24779881925522        1.64762822473545        135.559404391766     
  -9.22005949137148        1.63051030342158        137.189914695188     
  -9.19232016348774        1.61074750482725        138.800662200015     
  -9.16458083560400        1.58908436980126        140.389746569816     
  -9.13684150772025        1.56621476732218        141.955961337139     
  -9.10910217983651        1.54281400318382        143.498775340322     
  -9.08136285195277        1.51956730024552        145.018342640568     
  -9.05362352406903        1.49718557427008        146.515528214838     
  -9.02588419618528        1.47640182753440        147.991930042372     
  -8.99814486830154        1.45794527189839        149.449875314271     
  -8.97040554041780        1.44249499975444        150.892370314025     
  -8.94266621253406        1.43061992777998        152.322990241805     
  -8.91492688465032        1.42271595885041        153.745706200656     
  -8.88718755676657        1.41895392625967        155.164660126915     
  -8.85944822888283        1.41925214098445        156.583912267900     
  -8.83170890099909        1.42328484554474        158.007197113444     
  -8.80396957311535        1.43053267858294        159.437729792027     
  -8.77623024523161        1.44037403319287        160.878103825220     
  -8.74849091734787        1.45220812354262        162.330311948763     
  -8.72075158946412        1.46559316336591        163.795905112129     
  -8.69301226158038        1.48037785754492        165.276282969674     
  -8.66527293369664        1.49680268140981        166.773085651083     
  -8.63753360581289        1.51554985290357        168.288635503987     
  -8.60979427792915        1.53772738744828        169.826362891435     
  -8.58205495004541        1.56478223808316        171.391145129518     
  -8.55431562216167        1.59834865764106        172.989493787160     
  -8.52657629427793        1.64004859129108        174.629542378451     
  -8.49883696639419        1.69126915609375        176.320811534544     
  -8.47109763851044        1.75294656151075        178.073758096055     
  -8.44335831062670        1.82538539797604        179.899143494031     
  -8.41561898274296        1.90813720837482        181.807280702406     
  -8.38787965485922        1.99995366455930        183.807234366965     
  -8.36014032697548        2.09881913319588        185.906053500161     
  -8.33240099909173        2.20205683170739        188.108110331869     
  -8.30466167120799        2.30649390444994        190.414604236318     
  -8.27692234332425        2.40866486431822        192.823269100637     
  -8.24918301544051        2.50503052606263        195.328299626699     
  -8.22144368755676        2.59219066230833        197.920490289008     
  -8.19370435967302        2.66707241120979        200.587562700217     
  -8.16596503178928        2.72708188395823        203.314644584176     
  -8.13822570390554        2.77021232837112        206.084856912547     
  -8.11048637602180        2.79510764698738        208.879964559534     
  -8.08274704813806        2.80108441148807        211.681048971022     
  -8.05500772025431        2.78811847963956        214.469167450662     
  -8.02726839237057        2.75680391688834        217.225971367550     
  -7.99952906448683        2.70829234211157        219.934263709662     
  -7.97178973660309        2.64422031352686        222.578484023189     
  -7.94405040871935        2.56663119756016        225.145115220749     
  -7.91631108083560        2.47789634174383        227.623011562493     
  -7.88857175295186        2.38063851003792        230.003650072531     
  -7.86083242506812        2.27765865858831        232.281308731119     
  -7.83309309718438        2.17186548409442        234.453174215213     
  -7.80535376930063        2.06620602675920        236.519380241972     
  -7.77761444141689        1.96359517305075        238.482975415023     
  -7.74987511353315        1.86684228955853        240.349817704582     
  -7.72213578564941        1.77857437854556        242.128392083127     
  -7.69439645776567        1.70115685848391        243.829548941611     
  -7.66665712988192        1.63661498593416        245.466163927545     
  -7.63891780199818        1.58656063966136        247.052724567207     
  -7.61117847411444        1.55213031183529        248.604854879042     
  -7.58343914623070        1.53394043840282        250.138795317445     
  -7.55569981834696        1.53206555314839        251.670860870593     
  -7.52796049046322        1.54604322531135        253.216904095905     
  -7.50022116257947        1.57490751595535        254.791811611860     
  -7.47248183469573        1.61725001119874        256.409061623059     
  -7.44474250681199        1.67130464122673        258.080366264285     
  -7.41700317892824        1.73504977158226        259.815416035868     
  -7.38926385104450        1.80631878045031        261.621734816318     
  -7.36152452316076        1.88290886477539        263.504643681093     
  -7.33378519527702        1.96267751034735        265.467321191441     
  -7.30604586739328        2.04361722265166        267.510938414092     
  -7.27830653950954        2.12390189202216        269.634840306115     
  -7.25056721162579        2.20190242444029        271.836742730555     
  -7.22282788374205        2.27617450822337        274.112917238778     
  -7.19508855585831        2.34542673830359        276.458343977082     
  -7.16734922797457        2.40848166123353        278.866825638315     
  -7.13960990009083        2.46424448910206        281.331070127417     
  -7.11187057220708        2.51169339103131        283.842763518449     
  -7.08413124432334        2.54990111102226        286.392664629471     
  -7.05639191643960        2.57809064960190        288.970755279073     
  -7.02865258855586        2.59571913022221        291.566474409295     
  -7.00091326067211        2.60257557103272        294.169049980328     
  -6.97317393278837        2.59887210532007        296.767922085648     
  -6.94543460490463        2.58530594199968        299.353228027648     
  -6.91769527702089        2.56307196630902        301.916299993957     
  -6.88995594913715        2.53381321457967        304.450113208536     
  -6.86221662125341        2.49950726099218        306.949620469528     
  -6.83447729336966        2.46229869295780        309.411919162486     
  -6.80673796548592        2.42429878360643        311.836217946093     
  -6.77899863760218        2.38738084096361        314.223598787056     
  -6.75125930971844        2.35300191597124        316.576600703028     
  -6.72351998183469        2.32207809912413        318.898678802152     
  -6.69578065395095        2.29493225815871        321.193611060310     
  -6.66804132606721        2.27132150843472        323.464932568745     
  -6.64030199818347        2.25053927428578        325.715471843031     
  -6.61256267029973        2.23157582010653        327.947047663137     
  -6.58482334241598        2.21331343061655        330.160361093754     
  -6.55708401453224        2.19472897994530        332.355090073699     
  -6.52934468664850        2.17507747795446        334.530167551654     
  -6.50160535876476        2.15403453960547        336.684202091259     
  -6.47386603088102        2.13178231906846        338.815984410328     
  -6.44612670299727        2.10903091051346        340.925015320841     
  -6.41838737511353        2.08697440078426        343.011989721625     
  -6.39064804722979        2.06718695644676        345.079176678072     
  -6.36290871934605        2.05146928895063        347.130645967023     
  -6.33516939146230        2.04165965083844        349.172305617861     
  -6.30743006357856        2.03942638103532        351.211731998896     
  -6.27969073569482        2.04606106006780        353.257793058964     
  -6.25195140781108        2.06229245799570        355.320085516960     
  -6.22421207992734        2.08814132509041        357.408226842050     
  -6.19647275204359        2.12283422442715        359.531061066478     
  -6.16873342415985        2.16479063115798        361.695851697636     
  -6.14099409627611        2.21169128479017        363.907542982426     
  -6.11325476839237        2.26062756206990        366.168170544496     
  -6.08551544050863        2.30832220722471        368.476492751720     
  -6.05777611262489        2.35140230332964        370.827895055050     
  -6.03003678474114        2.38669732850582        373.214592383556     
  -6.00229745685740        2.41152993891725        375.626122322473     
  -5.97455812897366        2.42396589309925        378.050088215572     
  -5.94681880108992        2.42299287856280        380.473081094135     
  -5.91907947320617        2.40860582072322        382.881686914858     
  -5.89134014532243        2.38178769727124        385.263474612129     
  -5.86360081743869        2.34438843621713        387.607863048347     
  -5.83586148955495        2.29891817557312        389.906781223920     
  -5.80812216167121        2.24828288653529        392.155064110455     
  -5.78038283378746        2.19549818797169        394.350562298427     
  -5.75264350590372        2.14341972696877        396.493982025395     
  -5.72490417801998        2.09452520056733        398.588507225963     
  -5.69716485013624        2.05077434000927        400.639281565972     
  -5.66942552225250        2.01356030514894        402.652841871121     
  -5.64168619436876        1.98375102608479        404.636592897206     
  -5.61394686648501        1.96180456748056        406.598397464686     
  -5.58620753860127        1.94793102690415        408.546328491590     
  -5.55846821071753        1.94226677016161        410.488595261752     
  -5.53072888283378        1.94502605016153        412.433621311914     
  -5.50298955495004        1.95660027465546        414.390221586569     
  -5.47525022706630        1.97758533340946        416.367806919979     
  -5.44751089918256        2.00873056133662        418.376537481315     
  -5.41977157129882        2.05081672342331        420.427354204738     
  -5.39203224341508        2.10448248033816        422.531836685077     
  -5.36429291553133        2.17002719895606        424.701863884033     
  -5.33655358764759        2.24722155958933        426.949085443622     
  -5.30881425976385        2.33515596261453        429.284241406237     
  -5.28107493188011        2.43215091031725        431.716392316554     
  -5.25333560399637        2.53574464540331        434.252136961957     
  -5.22559627611262        2.64276299740070        436.894899959358     
  -5.19785694822888        2.74946622971017        439.644366189068     
  -5.17011762034514        2.85175899790411        442.496125186972     
  -5.14237829246140        2.94544316739029        445.441568354362     
  -5.11463896457765        3.02648955573094        448.468057910093     
  -5.08689963669391        3.09130362773630        451.559361537830     
  -5.05916030881017        3.13696150107692        454.696323038907     
  -5.03142098092643        3.16139594083808        457.857718979745     
  -5.00368165304269        3.16351695760810        461.021235937353     
  -4.97594232515894        3.14325782213938        464.164493759492     
  -4.94820299727520        3.10154439448053        467.266038153973     
  -4.92046366939146        3.04019316039670        470.306231314369     
  -4.89272434150772        2.96175063329071        473.267981947660     
  -4.86498501362398        2.86929300924483        476.137274956905     
  -4.83724568574024        2.76620926266010        478.903484219565     
  -4.80950635785649        2.65599241795985        481.559476637525     
  -4.78176702997275        2.54206198041692        484.101538617942     
  -4.75402770208901        2.42763537342330        486.529173991365     
  -4.72628837420526        2.31565821424216        488.844832205607     
  -4.69854904632152        2.20879345911806        491.053625664725     
  -4.67080971843778        2.10945941020839        493.163085074934     
  -4.64307039055404        2.01989804676303        495.182983121697     
  -4.61533106267030        1.94224973104462        497.125232852741     
  -4.58759173478656        1.87860918267622        499.003842035418     
  -4.55985240690281        1.83104111410041        500.834883149518     
  -4.53211307901907        1.80154161286926        502.636424762387     
  -4.50437375113533        1.79194196655423        504.428366728941     
  -4.47663442325159        1.80376327911416        506.232130008056     
  -4.44889509536785        1.83804080079646        508.070170808852     
  -4.42115576748410        1.89514442328295        509.965315232135     
  -4.39341643960036        1.97462485524536        511.939940087380     
  -4.36567711171662        2.07511298591605        514.015053073296     
  -4.33793778383288        2.19429319210958        516.209346265406     
  -4.31019845594913        2.32896103335936        518.538307298765     
  -4.28245912806539        2.47516371703102        521.013471015796     
  -4.25471980018165        2.62840997389777        523.641880989694     
  -4.22698047229791        2.78392651200113        526.425807501695     
  -4.19924114441417        2.93693248203510        529.362739983730     
  -4.17150181653043        3.08290214015697        532.445642123887     
  -4.14376248864668        3.21778907217527        535.663431196063     
  -4.11602316076294        3.33819214206045        539.001623338123     
  -4.08828383287920        3.44145240325192        542.443075741375     
  -4.06054450499546        3.52567996470590        545.968755706081     
  -4.03280517711172        3.58971868782799        549.558474393909     
  -4.00506584922797        3.63306337292248        553.191537766831     
  -3.97732652134423        3.65574803101619        556.847285797848     
  -3.94958719346049        3.65822473507834        560.505510532926     
  -3.92184786557675        3.64125070949832        564.146761242424     
  -3.89410853769300        3.60579741744028        567.752558659864     
  -3.86636920980926        3.55299029369777        571.305548953562     
  -3.83862988192552        3.48408229778374        574.789631251346     
  -3.81089055404178        3.40045933814014        578.190090589486     
  -3.78315122615804        3.30367133300957        581.493761922496     
  -3.75541189827429        3.19547948714967        584.689241409645     
  -3.72767257039055        3.07790835659264        587.767149766238     
  -3.69993324250681        2.95329042663627        590.720440192874     
  -3.67219391462307        2.82429120146012        593.544731394334     
  -3.64445458673933        2.69390418690261        596.238635581237     
  -3.61671525885559        2.56540766229934        598.804043243536     
  -3.58897593097184        2.44227878822870        601.246322031765     
  -3.56123660308810        2.32806529211067        603.574387323876     
  -3.53349727520436        2.22622043527067        605.800607759146     
  -3.50575794732061        2.13991267315926        607.940520432306     
  -3.47801861943687        2.07182661681863        610.012347049124     
  -3.45027929155313        2.02397567774637        612.036322726871     
  -3.42253996366939        1.99754822992806        614.033870956799     
  -3.39480063578565        1.99280757555363        616.026678532352     
  -3.36706130790191        2.00906121559701        618.035739747949     
  -3.33932198001816        2.04470725444694        620.080447002396     
  -3.31158265213442        2.09735618846316        622.177803190860     
  -3.28384332425068        2.16401633655148        624.341819527411     
  -3.25610399636694        2.24132251795326        626.583142045364     
  -3.22836466848320        2.32578191567489        628.908923961039     
  -3.20062534059945        2.41400954487837        631.322933505917     
  -3.17288601271571        2.50292874496754        633.825862250885     
  -3.14514668483197        2.58991907222195        636.415781323107     
  -3.11740735694823        2.67290347358463        639.088684796692     
  -3.08966802906448        2.75037669762150        641.839061494313     
  -3.06192870118074        2.82138545663458        644.660446950948     
  -3.03418937329700        2.88547618197695        647.545923132925     
  -3.00645004541326        2.94262738881797        650.488550521743     
  -2.97871071752952        2.99318077354567        653.481731295288     
  -2.95097138964578        3.03777927376429        656.519510569053     
  -2.92323206176203        3.07731319676458        659.596823765817     
  -2.89549273387829        3.11286918300024        662.709692948818     
  -2.86775340599455        3.14567296339489        665.855365912212     
  -2.84001407811080        3.17701663181378        669.032382544026     
  -2.81227475022706        3.20816456611070        672.240547110137     
  -2.78453542234332        3.24023831219931        675.480785422336     
  -2.75679609445958        3.27408809830347        678.754873520640     
  -2.72905676657584        3.31016527335703        682.065038793997     
  -2.70131743869210        3.34841414221783        685.413452936214     
  -2.67357811080835        3.38820226436653        688.801655200581     
  -2.64583878292461        3.42830498617960        692.229960186761     
  -2.61809945504087        3.46695334456268        695.696913531323     
  -2.59036012715713        3.50194575357715        699.198859284900     
  -2.56262079927339        3.53081468052557        702.729673965426     
  -2.53488147138964        3.55103145999224        706.280705425418     
  -2.50714214350590        3.56022680425745        709.840932229676     
  -2.47940281562216        3.55640225452457        713.397334484200     
  -2.45166348773842        3.53810900209306        716.935443486293     
  -2.42392415985467        3.50457487330071        720.440018359594     
  -2.39618483197093        3.45576707684128        723.895785436435     
  -2.36844550408719        3.39238654480722        727.288171981242     
  -2.34070617620345        3.31579821971040        730.603970200953     
  -2.31296684831971        3.22790930946128        733.831879510414     
  -2.28522752043596        3.13101332919551        736.962892839610     
  -2.25748819255222        3.02762088546817        739.990513725078     
  -2.22974886466848        2.92029819766337        742.910811922741     
  -2.20200953678474        2.81153130535792        745.722343228099     
  -2.17427020890100        2.70362828747167        748.425971515571     
  -2.14653088101726        2.59866458699624        751.024636102567     
  -2.11879155313351        2.49846897804765        753.523105080615     
  -2.09105222524977        2.40464119449371        755.927746275108     
  -2.06331289736603        2.31858792283555        758.246334197944     
  -2.03557356948229        2.24156244418279        760.487896642127     
  -2.00783424159854        2.17469476266304        762.662591404790     
  -1.98009491371480        2.11900301417977        764.781594418970     
  -1.95235558583106        2.07538225681943        766.856976675789     
  -1.92461625794732        2.04457213877022        768.901548814559     
  -1.89687693006358        2.02710927305943        770.928658087619     
  -1.86913760217983        2.02327266925170        772.951930756871     
  -1.84139827429609        2.03303108181171        774.984961838682     
  -1.81365894641235        2.05599997503158        777.040961813714     
  -1.78591961852861        2.09141368680151        779.132375500515     
  -1.75818029064487        2.13811610897128        781.270491609487     
  -1.73044096276113        2.19457142166006        783.465063031147     
  -1.70270163487738        2.25889537783030        785.723958408977     
  -1.67496230699364        2.32890716323284        788.052865572210     
  -1.64722297910990        2.40220147353279        790.455067045743     
  -1.61948365122615        2.47623959316297        792.931306638906     
  -1.59174432334241        2.54845655659254        795.479763195498     
  -1.56400499545867        2.61637894642408        798.096142141922     
  -1.53626566757493        2.67774502080256        800.773887162725     
  -1.50852633969119        2.73061650470353        803.504503667428     
  -1.48078701180745        2.77347045952889        806.277974126957     
  -1.45304768392370        2.80526086310955        809.083234990067     
  -1.42530835603996        2.82544306621272        811.908678056280     
  -1.39756902815622        2.83395965384114        814.742637710121     
  -1.36982970027248        2.83119233395331        817.573830044074     
  -1.34209037238874        2.81788985913953        820.391719903214     
  -1.31435104450499        2.79508526113123        823.186805164345     
  -1.28661171662125        2.76401590662842        825.950821070973     
  -1.25887238873751        2.72605689586437        828.676877966838     
  -1.23113306085377        2.68267282274002        831.359550789578     
  -1.20339373297002        2.63538632590397        833.994937115482     
  -1.17565440508628        2.58575598590557        836.580693101387     
  -1.14791507720254        2.53535266462784        839.116045766015     
  -1.12017574931880        2.48572347036583        841.601769236381     
  -1.09243642143506        2.43833639395817        844.040105630339     
  -1.06469709355131        2.39450551799581        846.434611148335     
  -1.03695776566757        2.35530491213291        848.789916060468     
  -1.00921843778383        2.32148676372636        851.111402824194     
 -0.981479109900089        2.29342383950433        853.404826663699     
 -0.953739782016346        2.27109644594269        855.675923109641     
 -0.926000454132605        2.25413900692019        857.930062116562     
 -0.898261126248862        2.24195170494794        860.172013821509     
 -0.870521798365122        2.23386993640398        862.405883757913     
 -0.842782470481378        2.22937102786018        864.635254785774     
 -0.815043142597638        2.22828651282519        866.863541298599     
 -0.787303814713894        2.23098182721494        869.094523125814     
 -0.759564486830151        2.23846535145209        871.332988477266     
 -0.731825158946410        2.25239595945046        873.585384436716     
 -0.704085831062667        2.27497193917698        875.860356375893     
 -0.676346503178927        2.30870235577355        878.169058731667     
 -0.648607175295183        2.35608169750970        880.525140429177     
 -0.620867847411443        2.41920657472549        882.944347003902     
 -0.593128519527699        2.49938607567053        885.443733079573     
 -0.565389191643959        2.59680261247391        888.040535692047     
 -0.537649863760215        2.71027644059944        890.750812132646     
 -0.509910535876475        2.83717473926213        893.587986871908     
 -0.482171207992732        2.97348694641015        896.561473818318     
 -0.454431880108988        3.11406494148033        899.675538759799     
 -0.426692552225248        3.25300338838786        902.928542148186     
 -0.398953224341504        3.38411589208008        906.312658040266     
 -0.371213896457764        3.50144977386641        909.814107814133     
 -0.343474568574020        3.59977822537476        913.413886039508     
 -0.315735240690280        3.67501378937369        917.088899828881     
 -0.287995912806537        3.72450034532253        920.813400174204     
 -0.260256584922796        3.74715948789396        924.560559662098     
 -0.232517257039053        3.74348797308828        928.304047635186     
 -0.204777929155313        3.71542220116471        932.019469836351     
 -0.177038601271569        3.66610046953203        935.685570305883     
 -0.149299273387825        3.59956200465150        939.285132310534     
 -0.121559945504085        3.52042299207910        942.805555302613     
 -9.382061762034155E-002   3.43356475898944        946.239120061603     
 -6.608128973660143E-002   3.34385978518055        949.582979846783     
 -3.834196185285776E-002   3.25594975977985        952.838929606563     
 -1.060263396911765E-002   3.17407889786024        956.013008504424     
  1.713669391462602E-002   3.10197712082000        959.114985625244     
  4.487602179836614E-002   3.04278259645023        962.157768221694     
  7.261534968210981E-002   2.99899171332036        965.156759935014     
  0.100354677565850        2.97242621165828        968.129186146673     
  0.128094005449594        2.96421077411064        971.093396920783     
  0.155833333333337        2.97475859562802        974.068155516411     
  0.183572661217077        3.00376616590654        977.071921682318     
  0.211311989100821        3.05022096176457        980.122142644082     
  0.239051316984561        3.11242668589578        983.234569329978     
  0.266790644868305        3.18805025266361        986.422619582642     
  0.294529972752045        3.27419333801726        989.696812920659     
  0.322269300635789        3.36748949305637        993.064302413715     
  0.350008628519529        3.46422599550497        996.528528409220     
  0.377747956403272        3.56048800647207        1000.08901641569     
  0.405487284287016        3.65232121074758        1003.74133762644     
  0.433226612170756        3.73590777854665        1007.47724540499     
  0.460965940054500        3.80774897706892        1011.28499438206     
  0.488705267938240        3.86484595470871        1015.14984033676     
  0.516444595821984        3.90486819938153        1019.05470853615     
  0.544183923705724        3.92629727377769        1022.98100580992     
  0.571923251589467        3.92853221571097        1026.90953802563     
  0.599662579473208        3.91194312306964        1030.82148114870     
  0.627401907356951        3.87786150056026        1034.69934264926     
  0.655141235240691        3.82850023196843        1038.52784288123     
  0.682880563124435        3.76680242665059        1042.29464530788     
  0.710619891008179        3.69622624440032        1045.99087155228     
  0.738359218891919        3.62048105756151        1049.61135260985     
  0.766098546775662        3.54323762175863        1053.15459023160     
  0.793837874659403        3.46783994339402        1056.62243017500     
  0.821577202543146        3.39704817474256        1060.01947834974     
  0.849316530426886        3.33283958090141        1063.35231793064     
  0.877055858310630        3.27628852340784        1066.62860645405     
  0.904795186194370        3.22753729110911        1069.85614374516     
  0.932534514078114        3.18585882573909        1073.04200257090     
  0.960273841961854        3.14980158157864        1076.19180415248     
  0.988013169845598        3.11739755725203        1079.30920170973     
   1.01575249772934        3.08640826029711        1082.39560997003     
   1.04349182561308        3.05458078496183        1085.45019075499     
   1.07123115349683        3.01988741976432        1088.47007817475     
   1.09897048138057        2.98072674322801        1091.45080491798     
   1.12670980926431        2.93607101826142        1094.38687593624     
   1.15444913714805        2.88555259966703        1097.27242853591     
   1.18218846503179        2.82948974997177        1100.10191828588     
   1.20992779291553        2.76885863931487        1102.87077692520     
   1.23766712079928        2.70522265431639        1105.57599957951     
   1.26540644868302        2.64063213705493        1108.21663171657     
   1.29314577656676        2.57750739424792        1110.79413911081     
   1.32088510445050        2.51851566566201        1113.31265477648     
   1.34862443233424        2.46644936485056        1115.77910414133     
   1.37636376021799        2.42410908610706        1118.20321322743     
   1.40410308810173        2.39419142523526        1120.59740465267     
   1.43184241598547        2.37917933506902        1122.97658398774     
   1.45958174386921        2.38123209643665        1125.35781608418     
   1.48732107175296        2.40207330548943        1127.75988938966     
   1.51506039963670        2.44287844284070        1130.20276783251     
   1.54279972752044        2.50416804149838        1132.70693587400     
   1.57053905540418        2.58571724087292        1135.29265311488     
   1.59827838328792        2.68649635855877        1137.97914947344     
   1.62601771117167        2.80465874519069        1140.78380821863     
   1.65375703905541        2.93759058629648        1143.72139880492     
   1.68149636693915        3.08203201426365        1146.80343081919     
   1.70923569482289        3.23427020380098        1150.03770102299     
   1.73697502270663        3.39039418934465        1153.42809521233     
   1.76471435059037        3.54658980085727        1156.97468501319     
   1.79245367847412        3.69944357082962        1160.67412858402     
   1.82019300635786        3.84621883881648        1164.52034742284     
   1.84793233424160        3.98506712313606        1168.50541454597     
   1.87567166212534        4.11514373989853        1172.62055828587     
   1.90341099000909        4.23660807181794        1176.85716635769     
   1.93115031789283        4.35050416557331        1181.20767052326     
   1.95888964577657        4.45853400363147        1185.66620452689     
   1.98662897366031        4.56275106541877        1190.22895559231     
   2.01436830154405        4.66521310263380        1194.89416869495     
   2.04210762942780        4.76763857308966        1199.66180726804     
   2.06984695731154        4.87111014187257        1204.53291740991     
   2.09758628519528        4.97586147087051        1209.50877888078     
   2.12532561307902        5.08117160409480        1214.58995048487     
   2.15306494096276        5.18537672297539        1219.77532720785     
   2.18080426884650        5.28599423008550        1225.06132143793     
   2.20854359673025        5.37994114400385        1230.44126258194     
   2.23628292461399        5.46381921590345        1235.90508179784     
   2.26402225249773        5.53423383333038        1241.43931563117     
   2.29176158038148        5.58811273567344        1247.02742836684     
   2.31950090826522        5.62299329739912        1252.65042166424     
   2.34724023614896        5.63725271786067        1258.28767438210     
   2.37497956403270        5.63026281156652        1263.91793719367     
   2.40271889191644        5.60245917537738        1269.52039636905     
   2.43045821980018        5.55532243186898        1275.07571880092     
   2.45819754768393        5.49127633815182        1280.56699513907     
   2.48593687556767        5.41351335893155        1285.98050849800     
   2.51367620345141        5.32576259786048        1291.30627109586     
   2.54141553133515        5.23201772645309        1296.53828882231     
   2.56915485921889        5.13624388614184        1301.67453270846     
   2.59689418710264        5.04208274786591        1306.71661545632     
   2.62463351498638        4.95257435125264        1311.66918980757     
   2.65237284287012        4.86991334664287        1316.53910315422     
   2.68011217075386        4.79525602954192        1321.33435918376     
   2.70785149863761        4.72859306512498        1326.06295224888     
   2.73559082652135        4.66870077063843        1330.73165301952     
   2.76333015440509        4.61318078138529        1335.34483380091     
   2.79106948228883        4.55859335987968        1339.90342716079     
   2.81880881017257        4.50068319225077        1344.40411035304     
   2.84654813805632        4.43468833675093        1348.83879868979     
   2.87428746594006        4.35571369153076        1353.19451238132     
   2.90202679382380        4.25914114213575        1357.45365352346     
   2.92976612170754        4.14104103695595        1361.59469456041     
   2.95750544959128        3.99854549504626        1365.59324005546     
   2.98524477747502        3.83014461535766        1369.42338467082     
   3.01298410535877        3.63587255666168        1373.05925722748     
   3.04072343324251        3.41736136301045        1376.47661859049     
   3.06846276112625        3.17775500062188        1379.65437359111     
   3.09620208900999        2.92149224269095        1382.57586583380     
   3.12394141689374        2.65398229439776        1385.22984812820     
   3.15168074477748        2.38120900596001        1387.61105713416     
   3.17942007266122        2.10930637720674        1389.72036351137     
   3.20715940054496        1.84414894093717        1391.56451245230     
   3.23489872842870        1.59099571256068        1393.15550816486     
   3.26263805631245        1.35421686161919        1394.50972502648     
   3.29037738419619        1.13711992272498        1395.64684494921     
   3.31811671207993       0.941879320189674        1396.58872426940     
   3.34585603996367       0.769561196718800        1397.35828546612     
   3.37359536784741       0.620226506726092        1397.97851197284     
   3.40133469573115       0.493089889144155        1398.47160186199     
   3.42907402361490       0.386710102012501        1398.85831196400     
   3.45681335149864       0.299189312593284        1399.15750127659     
   3.48455267938238       0.228362421435364        1399.38586369803     
   3.51229200726613       0.171962814938136        1399.55782651297     
   3.54003133514987       0.127756487874336        1399.68558300084     
   3.56777066303361       9.364155043295519E-002   1399.77922455127     
   3.59550999091735       6.771420639761798E-002   1399.84693875767     
   3.62324931880109       4.830512060770487E-002   1399.89524387828     
   3.65098864668483       3.399168987089943E-002   1399.92923556815     
   3.67872797456858       2.359226809926390E-002   1399.95282783625     
   3.70646730245232       1.614814027458014E-002   1399.96897597652     
   3.73420663033606       1.089827788937222E-002   1399.97987425441     
   3.76194595821980       7.250897903012391E-003   1399.98712515232     
   3.78968528610354       4.754787625878936E-003   1399.99187993994     
   3.81742461398729       3.072383245857871E-003   1399.99495232319     
   3.84516394187103       1.955773771422085E-003   1399.99690809696     
   3.87290326975477       1.226171675797727E-003   1399.99813426863     
   3.90064259763851       7.569411480690721E-004   1399.99889120978     
   3.92838192552226       4.599809332264181E-004   1399.99935119072     
   3.95612125340600       2.750898758392477E-004   1399.99962628059     
   3.98386058128974       1.618673961290482E-004   1399.99978814799     
   4.01159990917348       9.368949110041277E-005   1399.99988183748     
   4.03933923705722       5.332985957546475E-005   1399.99993516734     
   4.06707856494097       2.984726805375503E-005   1399.99996501461     
   4.09481789282471       1.642121995760895E-005   1399.99998143583     
   4.12255722070845       8.879547311634376E-006   1399.99999031537     
   4.15029654859219       4.718289087793869E-006   1399.99999503366     
   4.17803587647593       2.463293242269192E-006   1399.99999749696     
   4.20577520435968       1.263341355402920E-006   1399.99999876030     
   4.23351453224342       6.364128605122017E-007   1399.99999939671     
   4.26125386012716       3.148593419197371E-007   1399.99999971157     
   4.28899318801090       1.529692881940413E-007   1399.99999986454     
   4.31673251589464       7.297214067519212E-008   1399.99999993751     
   4.34447184377839       3.417704282879545E-008   1399.99999997169     
   4.37221117166213       1.571446821410291E-008   1399.99999998740     
   4.39995049954587       7.092829342955631E-009   1399.99999999449     
   4.42768982742961       3.142418245213018E-009   1399.99999999764     
   4.45542915531335       1.366489404269755E-009   1399.99999999900     
   4.48316848319710       5.832059308142484E-010   1399.99999999959     
   4.51090781108084       2.442808274996482E-010   1399.99999999983     
   4.53864713896458       1.004129759484169E-010   1399.99999999993     
   4.56638646684832       4.050447412369540E-011   1399.99999999997     
   4.59412579473207       1.603310100786390E-011   1399.99999999999     
   4.62186512261581       6.227583227748357E-012   1399.99999999999     
   4.64960445049955       2.373497503139338E-012   1400.00000000000     
   4.67734377838329       8.875645986401726E-013   1400.00000000000     
   4.70508310626703       3.258248705562128E-013   1400.00000000000     
   4.73282243415078       1.170817457742113E-013   1400.00000000000     
   4.76056176203452       4.158002067655708E-014   1400.00000000000     
   4.78830108991826       1.429385039150577E-014   1400.00000000000     
   4.81604041780200       4.918754206023612E-015   1400.00000000000     
   4.84377974568574       1.607004460058015E-015   1400.00000000000     
   4.87151907356948       5.514252249261276E-016   1400.00000000000     
   4.89925840145323       1.360131625383065E-016   1400.00000000000     
   4.92699772933697       7.665309359472516E-017   1400.00000000000     
   4.95473705722071       0.000000000000000E+000   1400.00000000000     
   4.98247638510446       0.000000000000000E+000   1400.00000000000     
   5.01021571298820       0.000000000000000E+000   1400.00000000000     
   5.03795504087194       0.000000000000000E+000   1400.00000000000     
   5.06569436875568       0.000000000000000E+000   1400.00000000000     
   5.09343369663942       0.000000000000000E+000   1400.00000000000     
   5.12117302452316       0.000000000000000E+000   1400.00000000000     
   5.14891235240691       0.000000000000000E+000   1400.00000000000     
   5.17665168029065       0.000000000000000E+000   1400.00000000000     
   5.20439100817439       0.000000000000000E+000   1400.00000000000     
   5.23213033605813       0.000000000000000E+000   1400.00000000000     
