  -25.2811303360581       0.000000000000000E+000  0.000000000000000E+000
  -25.2533910081744       0.000000000000000E+000  0.000000000000000E+000
  -25.2256516802906       0.000000000000000E+000  0.000000000000000E+000
  -25.1979123524069       0.000000000000000E+000  0.000000000000000E+000
  -25.1701730245232       0.000000000000000E+000  0.000000000000000E+000
  -25.1424336966394       0.000000000000000E+000  0.000000000000000E+000
  -25.1146943687557       0.000000000000000E+000  0.000000000000000E+000
  -25.0869550408719       0.000000000000000E+000  0.000000000000000E+000
  -25.0592157129882       0.000000000000000E+000  0.000000000000000E+000
  -25.0314763851045       0.000000000000000E+000  0.000000000000000E+000
  -25.0037370572207       0.000000000000000E+000  0.000000000000000E+000
  -24.9759977293370       2.216763891129832E-016  2.216763891129832E-016
  -24.9482584014532       5.340582335666818E-016  7.557346226796651E-016
  -24.9205190735695       1.770272067619790E-015  2.526006690299455E-015
  -24.8927797456857       5.089302192322816E-015  7.615308882622272E-015
  -24.8650404178020       1.537165501958929E-014  2.298696390221156E-014
  -24.8373010899183       4.531236233566918E-014  6.829932623788075E-014
  -24.8095617620345       1.312769039454324E-013  1.995762301833131E-013
  -24.7818224341508       3.723303759413193E-013  5.719066061246325E-013
  -24.7540831062670       1.036294106095732E-012  1.608200712220365E-012
  -24.7263437783833       2.829598816582987E-012  4.437799528803352E-012
  -24.6986044504995       7.578833579347995E-012  1.201663310815135E-011
  -24.6708651226158       1.991284345181386E-011  3.192947655996521E-011
  -24.6431257947321       5.132490551881872E-011  8.325438207878393E-011
  -24.6153864668483       1.297724285838387E-010  2.130268106626226E-010
  -24.5876471389646       3.218835691813785E-010  5.349103798440012E-010
  -24.5599078110808       7.832085930768686E-010  1.318118972920870E-009
  -24.5321684831971       1.869467137100681E-009  3.187586110021551E-009
  -24.5044291553134       4.377438887240182E-009  7.565024997261733E-009
  -24.4766898274296       1.005505049968088E-008  1.762007549694262E-008
  -24.4489504995459       2.265741346781031E-008  4.027748896475292E-008
  -24.4212111716621       5.008392266396228E-008  9.036141162871520E-008
  -24.3934718437784       1.086046171061641E-007  1.989660287348793E-007
  -24.3657325158946       2.310256528946295E-007  4.299916816295088E-007
  -24.3379931880109       4.820966393910841E-007  9.120883210205929E-007
  -24.3102538601272       9.868928370226679E-007  1.898981158043261E-006
  -24.2825145322434       1.981836848621158E-006  3.880818006664419E-006
  -24.2547752043597       3.904161951843104E-006  7.784979958507523E-006
  -24.2270358764759       7.544835708621076E-006  1.532981566712860E-005
  -24.1992965485922       1.430321938129324E-005  2.963303504842184E-005
  -24.1715572207084       2.659989209899501E-005  5.623292714741685E-005
  -24.1438178928247       4.852751188414990E-005  1.047604390315668E-004
  -24.1160785649410       8.684768780377547E-005  1.916081268353422E-004
  -24.0883392370572       1.524721743159057E-004  3.440803011512479E-004
  -24.0605999091735       2.625941425902406E-004  6.066744437414884E-004
  -24.0328605812897       4.436511314504870E-004  1.050325575191975E-003
  -24.0051212534060       7.352927434896774E-004  1.785618318681653E-003
  -23.9773819255223       1.195476664960867E-003  2.981094983642520E-003
  -23.9496425976385       1.906707488483089E-003  4.887802472125609E-003
  -23.9219032697548       2.983246879348439E-003  7.871049351474048E-003
  -23.8941639418710       4.578850664810302E-003  1.244990001628435E-002
  -23.8664246139873       6.894232634748790E-003  1.934413265103314E-002
  -23.8386852861035       1.018304271463470E-002  2.952717536566784E-002
  -23.8109459582198       1.475473393403894E-002  4.428190929970677E-002
  -23.7832066303361       2.097236432494116E-002  6.525427362464795E-002
  -23.7554673024523       2.924324812040315E-002  9.449752174505111E-002
  -23.7277279745686       4.000055736489079E-002  0.134498079109942     
  -23.6999886466848       5.367458726084788E-002  0.188172666370790     
  -23.6722493188011       7.065349501411719E-002  0.258826161384907     
  -23.6445099909173       9.123487825110527E-002  0.350061039636012     
  -23.6167706630336       0.115571440536639       0.465632480172651     
  -23.5890313351499       0.143615944151538       0.609248424324189     
  -23.5612920072661       0.175072319751398       0.784320744075587     
  -23.5335526793824       0.209360785078851       0.993681529154438     
  -23.5058133514986       0.245604746711981        1.23928627586642     
  -23.4780740236149       0.282645870377189        1.52193214624361     
  -23.4503346957312       0.319090969435816        1.84102311567942     
  -23.4225953678474       0.353390509317677        2.19441362499710     
  -23.3948560399637       0.383944060884718        2.57835768588182     
  -23.3671167120799       0.409223669538164        2.98758135541998     
  -23.3393773841962       0.427902635676947        3.41548399109693     
  -23.3116380563124       0.438975344258437        3.85445933535537     
  -23.2838987284287       0.441854011722308        4.29631334707767     
  -23.2561594005450       0.436430642623728        4.73274398970140     
  -23.2284200726612       0.423096789614839        5.15584077931624     
  -23.2006807447775       0.402719192908371        5.55855997222461     
  -23.1729414168937       0.376575094724659        5.93513506694927     
  -23.1452020890100       0.346255980666375        6.28139104761565     
  -23.1174627611262       0.313551847971877        6.59494289558752     
  -23.0897234332425       0.280329325849179        6.87527222143670     
  -23.0619841053588       0.248415994883796        7.12368821632050     
  -23.0342447774750       0.219500428882592        7.34318864520309     
  -23.0065054495913       0.195053519303819        7.53824216450691     
  -22.9787661217075       0.176272430085589        7.71451459459250     
  -22.9510267938238       0.164044947998098        7.87855954259060     
  -22.9232874659401       0.158929722490671        8.03748926508127     
  -22.8955481380563       0.161147278982404        8.19863654406367     
  -22.8678088101726       0.170577698018977        8.36921424208265     
  -22.8400694822888       0.186763068866263        8.55597731094891     
  -22.8123301544051       0.208915570674346        8.76489288162326     
  -22.7845908265213       0.235934512945807        9.00082739456906     
  -22.7568514986376       0.266437145935195        9.26726454050426     
  -22.7291121707539       0.298808021167070        9.56607256167133     
  -22.7013728428701       0.331269975565918        9.89734253723724     
  -22.6736335149864       0.361976654106510        10.2593191913438     
  -22.6458941871026       0.389122457029466        10.6484416483732     
  -22.6181548592189       0.411061724152853        11.0595033725261     
  -22.5904155313352       0.426425748428698        11.4859291209548     
  -22.5626762034514       0.434224618130699        11.9201537390855     
  -22.5349368755677       0.433921397099466        12.3540751361849     
  -22.5071975476839       0.425468825890028        12.7795439620750     
  -22.4794582198002       0.409303183893169        13.1888471459681     
  -22.4517188919164       0.386295446500125        13.5751425924683     
  -22.4239795640327       0.357665443072512        13.9328080355408     
  -22.3962402361490       0.324869401650711        14.2576774371915     
  -22.3685009082652       0.289474276086285        14.5471517132778     
  -22.3407615803815       0.253033154123933        14.8001848674017     
  -22.3130222524977       0.216974816995222        15.0171596843969     
  -22.2852829246140       0.182517527609142        15.1996772120061     
  -22.2575435967302       0.150613014949308        15.3502902269554     
  -22.2298042688465       0.121922175166649        15.4722124021220     
  -22.2020649409628       9.681996693045608E-002   15.5690323690525     
  -22.1743256130790       7.542390827770164E-002   15.6444562773302     
  -22.1465862851953       5.763879772327410E-002   15.7020950750534     
  -22.1188469573115       4.320982509456204E-002   15.7453049001480     
  -22.0911076294278       3.177691804547571E-002   15.7770818181935     
  -22.0633683015441       2.292464809975213E-002   15.8000064662932     
  -22.0356289736603       1.622389753675197E-002   15.8162303638300     
  -22.0078896457766       1.126339470514454E-002   15.8274937585351     
  -21.9801503178928       7.670876386332653E-003   15.8351646349215     
  -21.9524109900091       5.124862516026858E-003   15.8402894974375     
  -21.9246716621253       3.358775604382835E-003   15.8436482730419     
  -21.8969323342416       2.159440685653655E-003   15.8458077137275     
  -21.8691930063579       1.361955975848508E-003   15.8471696697034     
  -21.8414536784741       8.426482864531671E-004   15.8480123179898     
  -21.8137143505904       5.114357451000926E-004   15.8485237537349     
  -21.7859750227066       3.045069855716631E-004   15.8488282607205     
  -21.7582356948229       1.778545047473299E-004   15.8490061152253     
  -21.7304963669391       1.019046250723396E-004   15.8491080198503     
  -21.7027570390554       5.727753996282526E-005   15.8491652973903     
  -21.6750177111717       3.158176668505312E-005   15.8491968791570     
  -21.6472783832879       1.708248122898318E-005   15.8492139616382     
  -21.6195390554042       9.064255208706353E-006   15.8492230258934     
  -21.5917997275204       4.718454481803102E-006   15.8492277443479     
  -21.5640603996367       2.410170642760499E-006   15.8492301545185     
  -21.5363210717530       1.209260979207072E-006   15.8492313637795     
  -21.5085817438692       5.988288430183151E-007   15.8492319626084     
  -21.4808424159855       2.991961713506339E-007   15.8492322618045     
  -21.4531030881017       1.650648834991974E-007   15.8492324268694     
  -21.4253637602180       1.283455901008957E-007   15.8492325552150     
  -21.3976244323342       1.699108077259219E-007   15.8492327251258     
  -21.3698851044505       3.114278956291553E-007   15.8492330365537     
  -21.3421457765668       6.246240701677733E-007   15.8492336611778     
  -21.3144064486830       1.260996354069084E-006   15.8492349221741     
  -21.2866671207993       2.511255711828523E-006   15.8492374334298     
  -21.2589277929155       4.911855594458640E-006   15.8492423452854     
  -21.2311884650318       9.426986405001453E-006   15.8492517722718     
  -21.2034491371480       1.774954272335390E-005   15.8492695218146     
  -21.1757098092643       3.278463723118834E-005   15.8493023064518     
  -21.1479704813806       5.940441589543210E-005   15.8493617108677     
  -21.1202311534968       1.055921024392317E-004   15.8494673029701     
  -21.0924918256131       1.841231376282999E-004   15.8496514261078     
  -21.0647524977293       3.149557320823901E-004   15.8499663818398     
  -21.0370131698456       5.285120716562820E-004   15.8504948939115     
  -21.0092738419619       8.700106754095654E-004   15.8513649045869     
  -20.9815345140781       1.404942527830682E-003   15.8527698471147     
  -20.9537951861944       2.225650025296303E-003   15.8549954971400     
  -20.9260558583106       3.458753077578014E-003   15.8584542502176     
  -20.8983165304269       5.272864874912284E-003   15.8637271150925     
  -20.8705772025431       7.885661930473117E-003   15.8716127770230     
  -20.8428378746594       1.156895480968365E-002   15.8831817318327     
  -20.8150985467757       1.665001318286704E-002   15.8998317450155     
  -20.7873592188919       2.350712699829038E-002   15.9233388720138     
  -20.7596198910082       3.255735147762225E-002   15.9558962234915     
  -20.7318805631244       4.423470670336709E-002   16.0001309301948     
  -20.7041412352407       5.895787638415059E-002   16.0590888065790     
  -20.6764019073569       7.708770822093175E-002   16.1361765147999     
  -20.6486625794732       9.887649988032894E-002   16.2350530146802     
  -20.6209232515895       0.124412984119704        16.3594659987999     
  -20.5931839237057       0.153568812690805        16.5130348114908     
  -20.5654445958220       0.185953803962161        16.6989886154529     
  -20.5377052679382       0.220887861896265        16.9198764773492     
  -20.5099659400545       0.257396953750374        17.1772734310996     
  -20.4822266121708       0.294238666210313        17.4715120973099     
  -20.4544872842870       0.329959695666184        17.8014717929760     
  -20.4267479564033       0.362983494434774        18.1644552874108     
  -20.3990086285195       0.391721773836858        18.5561770612477     
  -20.3712693006358       0.414699412282303        18.9708764735300     
  -20.3435299727520       0.430679320234504        19.4015557937645     
  -20.3157906448683       0.438772629279037        19.8403284230435     
  -20.2880513169846       0.438520566539651        20.2788489895832     
  -20.2603119891008       0.429937523976587        20.7087865135598     
  -20.2325726612171       0.413509697520573        21.1222962110803     
  -20.2048333333333       0.390149475055590        21.5124456861359     
  -20.1770940054496       0.361111526237875        21.8735572123738     
  -20.1493546775658       0.327881328441956        22.2014385408158     
  -20.1216153496821       0.292049890222742        22.4934884310385     
  -20.0938760217984       0.255189293177461        22.7486777242160     
  -20.0661366939146       0.218742365676243        22.9674200898922     
  -20.0383973660309       0.183936715581265        23.1513568054735     
  -20.0106580381471       0.151729151639477        23.3030859571129     
  -19.9829187102634       0.122782005614290        23.4258679627272     
  -19.9551793823797       9.746877763103107E-002   23.5233367403583     
  -19.9274400544959       7.590343483951412E-002   23.5992401751978     
  -19.8997007266122       5.798590808068235E-002   23.6572260832785     
  -19.8719613987284       4.345588803660492E-002   23.7006819713151     
  -19.8442220708447       3.194772503902404E-002   23.7326296963541     
  -19.8164827429609       2.304073861698300E-002   23.7556704349711     
  -19.7887434150772       1.630114140048798E-002   23.7719715763716     
  -19.7610040871935       1.131370362175998E-002   23.7832852799933     
  -19.7332647593097       7.702944215397059E-003   23.7909882242087     
  -19.7055254314260       5.144863845445782E-003   23.7961330880542     
  -19.6777861035422       3.370980210116718E-003   23.7995040682643     
  -19.6500467756585       2.166724571454970E-003   23.8016707928357     
  -19.6223074477748       1.366206687860560E-003   23.8030369995236     
  -19.5945681198910       8.450731499525110E-004   23.8038820726735     
  -19.5668287920073       5.127874706478020E-004   23.8043948601442     
  -19.5390894641235       3.052430153207015E-004   23.8047001031595     
  -19.5113501362398       1.782458316614161E-004   23.8048783489912     
  -19.4836108083560       1.021077561230192E-004   23.8049804567473     
  -19.4558714804723       5.738065003699538E-005   23.8050378373973     
  -19.4281321525886       3.163347638887352E-005   23.8050694708737     
  -19.4003928247048       1.710941832208621E-005   23.8050865802920     
  -19.3726534968211       9.081780695813821E-006   23.8050956620727     
  -19.3449141689373       4.737705459255705E-006   23.8051003997782     
  -19.3171748410536       2.443919592160596E-006   23.8051028436978     
  -19.2894355131698       1.279080395051987E-006   23.8051041227782     
  -19.2616961852861       7.468511696012279E-007   23.8051048696294     
  -19.2339568574024       6.097232336867891E-007   23.8051054793526     
  -19.2062175295186       8.050324770399318E-007   23.8051062843851     
  -19.1784782016349       1.422196425935660E-006   23.8051077065815     
  -19.1507388737511       2.735289522699264E-006   23.8051104418710     
  -19.1229995458674       5.299420060714253E-006   23.8051157412911     
  -19.0952602179837       1.013481023150319E-005   23.8051258761013     
  -19.0675208900999       1.904071397157605E-005   23.8051449168153     
  -19.0397815622162       3.510361269173795E-005   23.8051800204280     
  -19.0120422343324       6.349092436641654E-005   23.8052435113523     
  -18.9843029064487       1.126516770192873E-004   23.8053561630294     
  -18.9565635785649       1.960758597348329E-004   23.8055522388891     
  -18.9288242506812       3.347878999027397E-004   23.8058870267890     
  -18.9010849227975       5.607564151696456E-004   23.8064477832042     
  -18.8733455949137       9.213774209677400E-004   23.8073691606251     
  -18.8456062670300       1.485113664000016E-003   23.8088542742891     
  -18.8178669391462       2.348230068929890E-003   23.8112025043581     
  -18.7901276112625       3.642339545242823E-003   23.8148448439033     
  -18.7623882833787       5.542159972147528E-003   23.8203870038755     
  -18.7346489554950       8.272495516394663E-003   23.8286594993919     
  -18.7069096276113       1.211303266805109E-002   23.8407725320599     
  -18.6791702997275       1.739915316292316E-002   23.8581716852228     
  -18.6514309718438       2.451671156891692E-002   23.8826883967917     
  -18.6236916439600       3.388872401187966E-002   23.9165771208036     
  -18.5959523160763       4.595228556189744E-002   23.9625294063655     
  -18.5682129881926       6.112486681968006E-002   24.0236542731852     
  -18.5404736603088       7.976046012445361E-002   24.1034147333097     
  -18.5127343324251       0.102097779846338        24.2055125131560     
  -18.4849950045413       0.128204678834984        24.3337171919910     
  -18.4572556766576       0.157924818650388        24.4916420106414     
  -18.4295163487738       0.190834037604505        24.6824760482459     
  -18.4017770208901       0.226214394542595        24.9086904427885     
  -18.3740376930064       0.263053196879997        25.1717436396685     
  -18.3462983651226       0.300072285352567        25.4718159250210     
  -18.3185590372389       0.335789526523747        25.8076054515448     
  -18.2908197093551       0.368610217730081        26.1762156692748     
  -18.2630803814714       0.396941550984158        26.5731572202590     
  -18.2353410535876       0.419319186155997        26.9924764064150     
  -18.2076017257039       0.434532138764510        27.4270085451795     
  -18.1798623978202       0.441731229848596        27.8687397750281     
  -18.1521230699364       0.440507604683543        28.3092473797117     
  -18.1243837420527       0.430931231515236        28.7401786112269     
  -18.0966444141689       0.413544355845762        29.1537229670726     
  -18.0689050862852       0.389310794262439        29.5430337613351     
  -18.0411657584015       0.359527717695239        29.9025614790303     
  -18.0134264305177       0.325711240450363        30.2282727194807     
  -17.9856871026340       0.289469964700036        30.5177426841807     
  -17.9579477747502       0.252381259904639        30.7701239440854     
  -17.9302084468665       0.215883531170306        30.9860074752557     
  -17.9024691189827       0.181194478410199        31.1672019536659     
  -17.8747297910990       0.149261061240846        31.3164630149067     
  -17.8469904632153       0.120742355460328        31.4372053703670     
  -17.8192511353315       9.602244293614143E-002   31.5332278133032     
  -17.7915118074478       7.524744778385466E-002   31.6084752610870     
  -17.7637724795640       5.837907884272145E-002   31.6668543399298     
  -17.7360331516803       4.525654975331937E-002   31.7121108896831     
  -17.7082938237965       3.565929350814660E-002   31.7477701831912     
  -17.6805544959128       2.936411258296542E-002   31.7771342957742     
  -17.6528151680291       2.619193061026163E-002   31.8033262263845     
  -17.6250758401453       2.604082597062113E-002   31.8293670523551     
  -17.5973365122616       2.890334553205680E-002   31.8582703978871     
  -17.5695971843778       3.486717492767170E-002   31.8931375728148     
  -17.5418578564941       4.409915921951386E-002   31.9372367320343     
  -17.5141185286104       5.681357444844751E-002   31.9940503064828     
  -17.4863792007266       7.322659930513090E-002   32.0672769057879     
  -17.4586398728429       9.350021440946593E-002   32.1607771201974     
  -17.4309005449591       0.117680233658694        32.2784573538561     
  -17.4031612170754       0.145634675464202        32.4240920293203     
  -17.3754218891916       0.176999912581659        32.6010919419019     
  -17.3476825613079       0.211142627036903        32.8122345689388     
  -17.3199432334242       0.247145185845777        33.0593797547846     
  -17.2922039055404       0.283820405293113        33.3432001600777     
  -17.2644645776567       0.319758757783065        33.6629589178608     
  -17.2367252497729       0.353407134371613        34.0163660522324     
  -17.2089859218892       0.383173814638669        34.3995398668711     
  -17.1812465940055       0.407550021681911        34.8070898885530     
  -17.1535072661217       0.425235136695231        35.2323250252482     
  -17.1257679382380       0.435251009767395        35.6675760350156     
  -17.0980286103542       0.437031276171325        36.1046073111869     
  -17.0702892824705       0.430474245718821        36.5350815569057     
  -17.0425499545867       0.415952438357977        36.9510339952637     
  -17.0148106267030       0.394277488521578        37.3453114837853     
  -16.9870712988193       0.366624998408579        37.7119364821939     
  -16.9593319709355       0.334429007802871        38.0463654899968     
  -16.9315926430518       0.299259242460939        38.3456247324577     
  -16.9038533151680       0.262695699551040        38.6083204320087     
  -16.8761139872843       0.226214327229495        38.8345347592382     
  -16.8483746594005       0.191094856895685        39.0256296161339     
  -16.8206353315168       0.158357862380032        39.1839874785139     
  -16.7928960036331       0.128733624455366        39.3127211029693     
  -16.7651566757493       0.102661141720703        39.4153822446900     
  -16.7374173478656       8.031227014140492E-002   39.4956945148314     
  -16.7096780199818       6.163386818504247E-002   39.5573283830164     
  -16.6819386920981       4.640007159660449E-002   39.6037284546131     
  -16.6541993642143       3.426727495004104E-002   39.6379957295631     
  -16.6264600363306       2.482573819499641E-002   39.6628214677581     
  -16.5987207084469       1.764356924120340E-002   39.6804650369993     
  -16.5709813805631       1.230077241944243E-002   39.6927658094187     
  -16.5432420526794       8.412788525266357E-003   39.7011785979440     
  -16.5155027247956       5.644288447072497E-003   39.7068228863911     
  -16.4877633969119       3.714839501203546E-003   39.7105377258923     
  -16.4600240690282       2.398460244262162E-003   39.7129361861366     
  -16.4322847411444       1.519100807367838E-003   39.7144552869439     
  -16.4045454132607       9.438484179244441E-004   39.7153991353618     
  -16.3768060853769       5.752802743496825E-004   39.7159744156362     
  -16.3490667574932       3.439681826229431E-004   39.7163183838188     
  -16.3213274296094       2.017523507712545E-004   39.7165201361696     
  -16.2935881017257       1.160861646681670E-004   39.7166362223343     
  -16.2658487738420       6.552451772980875E-005   39.7167017468520     
  -16.2381094459582       3.628178936722636E-005   39.7167380286414     
  -16.2103701180745       1.970765901417518E-005   39.7167577363004     
  -16.1826307901907       1.050129456258584E-005   39.7167682375949     
  -16.1548914623070       5.489238287852951E-006   39.7167737268332     
  -16.1271521344233       2.814768964486668E-006   39.7167765416022     
  -16.0994128065395       1.415907397932936E-006   39.7167779575096     
  -16.0716734786558       6.986963386998782E-007   39.7167786562059     
  -16.0439341507720       3.382238505664892E-007   39.7167789944298     
  -16.0161948228883       1.606149035994567E-007   39.7167791550447     
  -15.9884554950045       7.482638546659064E-008   39.7167792298711     
  -15.9607161671208       3.420856401371568E-008   39.7167792640796     
  -15.9329768392371       1.537230400945962E-008   39.7167792794519     
  -15.9052375113533       6.853823986727401E-009   39.7167792863057     
  -15.8774981834696       3.189652720759705E-009   39.7167792894954     
  -15.8497588555858       1.918253537913804E-009   39.7167792914137     
  -15.8220195277021       2.157183353963667E-009   39.7167792935708     
  -15.7942801998183       4.074528613525415E-009   39.7167792976454     
  -15.7665408719346       8.991115685867086E-009   39.7167793066365     
  -15.7388015440509       2.016537074473993E-008   39.7167793268019     
  -15.7110622161671       4.464867918481297E-008   39.7167793714505     
  -15.6833228882834       9.708434240728139E-008   39.7167794685349     
  -15.6555835603996       2.071245593659841E-007   39.7167796756594     
  -15.6278442325159       4.334979413563747E-007   39.7167801091574     
  -15.6001049046322       8.900278624634393E-007   39.7167809991852     
  -15.5723655767484       1.792582842768204E-006   39.7167827917681     
  -15.5446262488647       3.541714883005975E-006   39.7167863334830     
  -15.5168869209809       6.864464139782964E-006   39.7167931979471     
  -15.4891475930972       1.305143826174728E-005   39.7168062493854     
  -15.4614082652134       2.434270347745579E-005   39.7168305920888     
  -15.4336689373297       4.453874367519896E-005   39.7168751308325     
  -15.4059296094460       7.994031390237084E-005   39.7169550711464     
  -15.3781902815622       1.407513223844612E-004   39.7170958224688     
  -15.3504509536785       2.431072330443276E-004   39.7173389297018     
  -15.3227116257947       4.119097317901891E-004   39.7177508394336     
  -15.2949722979110       6.846443274820575E-004   39.7184354837611     
  -15.2672329700272       1.116315044610193E-003   39.7195517988057     
  -15.2394936421435       1.785530840429804E-003   39.7213373296462     
  -15.2117543142598       2.801604077148146E-003   39.7241389337233     
  -15.1840149863760       4.312260657647892E-003   39.7284511943810     
  -15.1562756584923       6.511215928939515E-003   39.7349624103099     
  -15.1285363306085       9.644463051282711E-003   39.7446068733612     
  -15.1007970027248       1.401370217036495E-002   39.7586205755315     
  -15.0730576748411       1.997499135019483E-002   39.7785955668817     
  -15.0453183469573       2.793053265971361E-002   39.8065260995415     
  -15.0175790190736       3.831164113092399E-002   39.8448377406724     
  -14.9898396911898       5.155149176028741E-002   39.8963892324327     
  -14.9621003633061       6.804726825218992E-002   39.9644365006849     
  -14.9343610354223       8.811283621231629E-002   40.0525493368972     
  -14.9066217075386       0.111924914790184        40.1644742516874     
  -14.8788823796549       0.139467686384279        40.3039419380716     
  -14.8511430517711       0.170482520797198        40.4744244588688     
  -14.8234037238874       0.204430596345842        40.6788550552147     
  -14.7956643960036       0.240476291497845        40.9193313467125     
  -14.7679250681199       0.277498023271623        41.1968293699842     
  -14.7401857402361       0.314130651230005        41.5109600212142     
  -14.7124464123524       0.348839840913556        41.8597998621277     
  -14.6847070844687       0.380024355913973        42.2398242180417     
  -14.6569677565849       0.406137813186372        42.6459620312281     
  -14.6292284287012       0.425817786604539        43.0717798178326     
  -14.6014891008174       0.438008019793032        43.5097878376256     
  -14.5737497729337       0.442059429301406        43.9518472669270     
  -14.5460104450500       0.437797704843771        44.3896449717708     
  -14.5182711171662       0.425549385718788        44.8151943574896     
  -14.4905317892825       0.406123661160116        45.2213180186497     
  -14.4627924613987       0.380752885825111        45.6020709044748     
  -14.4350531335150       0.350999915011372        45.9530708194862     
  -14.4073138056312       0.318643970187741        46.2717147896739     
  -14.3795744777475       0.285558278888402        46.5572730685623     
  -14.3518351498638       0.253592055271391        46.8108651238337     
  -14.3240958219800       0.224466804540864        47.0353319283746     
  -14.2963564940963       0.199693116062492        47.2350250444371     
  -14.2686171662125       0.180509933349404        47.4155349777865     
  -14.2408778383288       0.167844641846650        47.5833796196331     
  -14.2131385104450       0.162289905704698        47.7456695253378     
  -14.1853991825613       0.164092397400611        47.9097619227384     
  -14.1576598546776       0.173149391920979        48.0829113146594     
  -14.1299205267938       0.189011257702899        48.2719225723623     
  -14.1021811989101       0.210890507373326        48.4828130797357     
  -14.0744418710263       0.237680483351801        48.7204935630875     
  -14.0467025431426       0.267988208639119        48.9884817717266     
  -14.0189632152589       0.300185912382091        49.2886676841087     
  -13.9912238873751       0.332484065281814        49.6211517493905     
  -13.9634845594914       0.363025646820081        49.9841773962106     
  -13.9357452316076       0.389997390125877        50.3741747863364     
  -13.9080059037239       0.411749733327660        50.7859245196641     
  -13.8802665758401       0.426914044139275        51.2128385638034     
  -13.8525272479564       0.434504149315028        51.6473427131184     
  -13.8247879200727       0.433989763910052        52.0813324770285     
  -13.7970485921889       0.425332132363041        52.5066646093915     
  -13.7693092643052       0.408976678979275        52.9156412883708     
  -13.7415699364214       0.385802967715219        53.3014442560860     
  -13.7138306085377       0.357037829155761        53.6584820852418     
  -13.6860912806540       0.324142158702864        53.9826242439446     
  -13.6583519527702       0.288684850835989        54.2713090947806     
  -13.6306126248865       0.252218181670948        54.5235272764516     
  -13.6028732970027       0.216167671440379        54.7396949478919     
  -13.5751339691190       0.181746423707917        54.9214413715998     
  -13.5473946412352       0.149899804423842        55.0713411760237     
  -13.5196553133515       0.121281871789594        55.1926230478133     
  -13.4919159854678       9.626093747586487E-002   55.2888839852891     
  -13.4641766575840       7.494859474518059E-002   55.3638325800343     
  -13.4364373297003       5.724479635313034E-002   55.4210773763875     
  -13.4086980018165       4.289113959812327E-002   55.4639685159856     
  -13.3809586739328       3.152522288392833E-002   55.4954937388695     
  -13.3532193460490       2.273043399223634E-002   55.5182241728617     
  -13.3254800181653       1.607741607509389E-002   55.5343015889368     
  -13.2977406902816       1.115536333657735E-002   55.5454569522734     
  -13.2700013623978       7.592942676367621E-003   55.5530498949498     
  -13.2422620345141       5.069853895432713E-003   55.5581197488452     
  -13.2145227066303       3.320776780364977E-003   55.5614405256256     
  -13.1867833787466       2.133746674111408E-003   55.5635742722997     
  -13.1590440508629       1.344946667719582E-003   55.5649192189674     
  -13.1313047229791       8.316234415246740E-004   55.5657508424089     
  -13.1035653950954       5.044399976594398E-004   55.5662552824066     
  -13.0758260672116       3.001649956582435E-004   55.5665554474023     
  -13.0480867393279       1.752282695203924E-004   55.5667306756718     
  -13.0203474114441       1.003790368620840E-004   55.5668310547086     
  -12.9926080835604       5.647698270352304E-005   55.5668875316913     
  -12.9648687556767       3.132017539296724E-005   55.5669188518667     
  -12.9371294277929       1.735230581716899E-005   55.5669362041726     
  -12.9093900999092       1.007711707946090E-005   55.5669462812896     
  -12.8816507720254       7.023749655900003E-006   55.5669533050393     
  -12.8539114441417       7.140453342789264E-006   55.5669604454926     
  -12.8261721162579       1.053750457212320E-005   55.5669709829972     
  -12.7984327883742       1.854903009883542E-005   55.5669895320273     
  -12.7706934604905       3.413659923302747E-005   55.5670236686265     
  -12.7429541326067       6.271536523673411E-005   55.5670863839918     
  -12.7152148047230       1.135466863738291E-004   55.5671999306782     
  -12.6874754768392       2.019081949250074E-004   55.5674018388731     
  -12.6597361489555       3.523180365636911E-004   55.5677541569096     
  -12.6319968210718       6.031434407788198E-004   55.5683573003504     
  -12.6042574931880       1.012946338411178E-003   55.5693702466888     
  -12.5765181653043       1.668883660097372E-003   55.5710391303489     
  -12.5487788374205       2.697353586765892E-003   55.5737364839357     
  -12.5210395095368       4.276825141422955E-003   55.5780133090771     
  -12.4933001816530       6.652376391086755E-003   55.5846656854682     
  -12.4655608537693       1.015088305733155E-002   55.5948165685255     
  -12.4378215258856       1.519506398896480E-002   55.6100116325145     
  -12.4100821980018       2.231376990367492E-002   55.6323254024182     
  -12.3823428701181       3.214512262777278E-002   55.6644705250459     
  -12.3546035422343       4.542855819104345E-002   55.7098990832370     
  -12.3268642143506       6.298172628244235E-002   55.7728808095194     
  -12.2991248864668       8.565878627055454E-002   55.8585395957900     
  -12.2713855585831       0.114288104775073        55.9728277005651     
  -12.2436462306994       0.149589775907736        56.1224174764728     
  -12.2159069028156       0.192076646929175        56.3144941234020     
  -12.1881675749319       0.241946308203879        56.5564404316058     
  -12.1604282470481       0.298975237544813        56.8554156691507     
  -12.1326889191644       0.362429241951434        57.2178449111021     
  -12.1049495912807       0.431005723854711        57.6488506349568     
  -12.0772102633969       0.502822433219649        58.1516730681764     
  -12.0494709355132       0.575463865016514        58.7271369331930     
  -12.0217316076294       0.646090391682295        59.3732273248753     
  -11.9939922797457       0.711607188976567        60.0848345138518     
  -11.9662529518619       0.768881137392891        60.8537156512447     
  -11.9385136239782       0.814985628527941        61.6687012797727     
  -11.9107742960945       0.847447130110840        62.5161484098835     
  -11.8830349682107       0.864464778345381        63.3806131882289     
  -11.8552956403270       0.865075937521329        64.2456891257502     
  -11.8275563124432       0.849246600954960        65.0949357267052     
  -11.7998169845595       0.817874897848063        65.9128106245532     
  -11.7720776566757       0.772707326676053        66.6855179512293     
  -11.7443383287920       0.716178769254345        67.4016967204836     
  -11.7165990009083       0.651196947317758        68.0528936678014     
  -11.6888596730245       0.580898231498426        68.6337918992998     
  -11.6611203451408       0.508403733408713        69.1421956327085     
  -11.6333810172570       0.436602344359688        69.5787979770682     
  -11.6056416893733       0.367981534042123        69.9467795111103     
  -11.5779023614896       0.304518558273759        70.2512980693841     
  -11.5501630336058       0.247635776953641        70.4989338463377     
  -11.5224237057221       0.198215518654948        70.6971493649927     
  -11.4946843778383       0.156663480618953        70.8538128456116     
  -11.4669450499546       0.123005661663687        70.9768185072753     
  -11.4392057220708       9.700240376010075E-002   71.0738209110354     
  -11.4114663941871       7.826393633231658E-002   71.1520848473677     
  -11.3837270663034       6.635426414840276E-002   71.2184391115161     
  -11.3559877384196       6.087360731260497E-002   71.2793127188287     
  -11.3282484105359       6.151325032129009E-002   71.3408259691500     
  -11.3005090826521       6.808012175728942E-002   71.4089060909073     
  -11.2727697547684       8.049145549373982E-002   71.4893975464011     
  -11.2450304268847       9.874241337022067E-002   71.5881399597713     
  -11.2172910990009       0.122851629203366        71.7109915889746     
  -11.1895517711172       0.152791344461317        71.8637829334360     
  -11.1618124432334       0.188410179308450        72.0521931127444     
  -11.1340731153497       0.229357559786911        72.2815506725313     
  -11.1063337874659       0.275019250339970        72.5565699228713     
  -11.0785944595822       0.324473115259295        72.8810430381306     
  -11.0508551316985       0.376472963828488        73.2575160019591     
  -11.0231158038147       0.429466028511182        73.6869820304702     
  -10.9953764759310       0.481646352543641        74.1686283830139     
  -10.9676371480472       0.531042388258173        74.6996707712721     
  -10.9398978201635       0.575632880731392        75.2753036520034     
  -10.9121584922797       0.613481208819385        75.8887848608228     
  -10.8844191643960       0.642875381749276        76.5316602425721     
  -10.8566798365123       0.662459362371475        77.1941196049436     
  -10.8289405086285       0.671341632797474        77.8654612377411     
  -10.8012011807448       0.669168991506307        78.5346302292474     
  -10.7734618528610       0.656157238505878        79.1907874677533     
  -10.7457225249773       0.633075173946497        79.8238626416997     
  -10.7179831970936       0.601183538685421        80.4250461803852     
  -10.6902438692098       0.562135438171669        80.9871816185568     
  -10.6625045413261       0.517848755966570        81.5050303745234     
  -10.6347652134423       0.470363595691317        81.9753939702147     
  -10.6070258855586       0.421698646817562        82.3970926170323     
  -10.5792865576748       0.373719567483457        82.7708121845157     
  -10.5515472297911       0.328030265106177        83.0988424496219     
  -10.5238079019074       0.285894747818131        83.3847371974400     
  -10.4960685740236       0.248193512829648        83.6329307102697     
  -10.4683292461399       0.215414724111170        83.8483454343809     
  -10.4405899182561       0.187677130718066        84.0360225650989     
  -10.4128505903724       0.164779091493680        84.2008016565926     
  -10.3851112624886       0.146266372235212        84.3470680288278     
  -10.3573719346049       0.131510613390801        84.4785786422186     
  -10.3296326067212       0.119790473545635        84.5983691157643     
  -10.3018932788374       0.110368306098363        84.7087374218626     
  -10.2741539509537       0.102556646151216        84.8112940680139     
  -10.2464146230699       9.577056816118364E-002   84.9070646361750     
  -10.2186752951862       8.956390828981052E-002   84.9966285444648     
  -10.1909359673025       8.364921691899124E-002   85.0802777613838     
  -10.1631966394187       7.790292024358934E-002   85.1581806816274     
  -10.1354573115350       7.235836021897497E-002   85.2305390418464     
  -10.1077179836512       6.719003373015185E-002   85.2977290755765     
  -10.0799786557675       6.269241591026996E-002   85.3604214914868     
  -10.0522393278837       5.925626023805763E-002   85.4196777517249     
  -10.0245000000000       5.734433421101918E-002   85.4770220859359     
  -9.99676067211626       5.746736373402318E-002   85.5344894496699     
  -9.96902134423251       6.015976413118820E-002   85.5946492138011     
  -9.94128201634877       6.595379128597978E-002   85.6606030050871     
  -9.91354268846503       7.535028889259082E-002   85.7359532939797     
  -9.88580336058129       8.878440404948429E-002   85.8247376980292     
  -9.85806403269755       0.106585551120563        85.9313232491497     
  -9.83032470481380       0.128932443791665        86.0602556929414     
  -9.80258537693006       0.155805963865591        86.2160616568070     
  -9.77484604904632       0.186944642350925        86.4030062991579     
  -9.74710672116258       0.221809163534025        86.6248154626919     
  -9.71936739327884       0.259563128031639        86.8843785907236     
  -9.69162806539509       0.299076969855657        87.1834555605792     
  -9.66388873751135       0.338960230468089        87.5224157910473     
  -9.63614940962761       0.377624407075934        87.9000401981232     
  -9.60841008174387       0.413374642806042        88.3134148409293     
  -9.58067075386013       0.444524189356783        88.7579390302861     
  -9.55293142597638       0.469521585517374        89.2274606158034     
  -9.52519209809264       0.487077620487527        89.7145382362910     
  -9.49745277020890       0.496278018803725        90.2108162550947     
  -9.46971344232516       0.496668743070289        90.7074849981650     
  -9.44197411444142       0.488303832372801        91.1957888305378     
  -9.41423478655767       0.471750349995390        91.6675391805332     
  -9.38649545867393       0.448050544354545        92.1155897248877     
  -9.35875613079019       0.418646785949133        92.5342365108368     
  -9.33101680290645       0.385279288954157        92.9195157997910     
  -9.30327747502271       0.349869314315205        93.2693851141062     
  -9.27553814713896       0.314401084518885        93.5837861986251     
  -9.24779881925522       0.280814041913105        93.8646002405382     
  -9.22005949137148       0.250913778429318        94.1155140189675     
  -9.19232016348774       0.226305681644634        94.3418197006121     
  -9.16458083560400       0.208350949480443        94.5501706500926     
  -9.13684150772025       0.198140957247267        94.7483116073399     
  -9.10910217983651       0.196483656408774        94.9447952637486     
  -9.08136285195277       0.203895082640779        95.1486903463894     
  -9.05362352406903       0.220590145746332        95.3692804921357     
  -9.02588419618528       0.246469340762332        95.6157498328981     
  -8.99814486830154       0.281101293447104        95.8968511263452     
  -8.97040554041780       0.323704443692793        96.2205555700380     
  -8.94266621253406       0.373133985995708        96.5936895560337     
  -8.91492688465032       0.427881850518899        97.0215714065526     
  -8.88718755676657       0.486097649663403        97.5076690562160     
  -8.85944822888283       0.545637020055509        98.0533060762715     
  -8.83170890099909       0.604140817217746        98.6574468934892     
  -8.80396957311535       0.659144575011783        99.3165914685010     
  -8.77623024523161       0.708213115185367        100.024804583686     
  -8.74849091734787       0.749090873955011        100.773895457641     
  -8.72075158946412       0.779855089170745        101.553750546812     
  -8.69301226158038       0.799057042343583        102.352807589156     
  -8.66527293369664       0.805836454503859        103.158644043660     
  -8.63753360581289       0.799996009117281        103.958640052777     
  -8.60979427792915       0.782026644084140        104.740666696861     
  -8.58205495004541       0.753079271274797        105.493745968136     
  -8.55431562216167       0.714884290857336        106.208630258993     
  -8.52657629427793       0.669625904814207        106.878256163807     
  -8.49883696639419       0.619783045945594        107.498039209753     
  -8.47109763851044       0.567952099819172        108.065991309572     
  -8.44335831062670       0.516668104308164        108.582659413880     
  -8.41561898274296       0.468240636999211        109.050900050880     
  -8.38787965485922       0.424618297164577        109.475518348044     
  -8.36014032697548       0.387291945760778        109.862810293805     
  -8.33240099909173       0.357242233866139        110.220052527671     
  -8.30466167120799       0.334932044257092        110.554984571928     
  -8.27692234332425       0.320339887363534        110.875324459292     
  -8.24918301544051       0.313026532787006        111.188350992079     
  -8.22144368755676       0.312224581824209        111.500575573903     
  -8.19370435967302       0.316939493437860        111.817515067341     
  -8.16596503178928       0.326050797907464        112.143565865248     
  -8.13822570390554       0.338403742490162        112.481969607738     
  -8.11048637602180       0.352884142787427        112.834853750526     
  -8.08274704813806       0.368472375709096        113.203326126235     
  -8.05500772025431       0.384275779673847        113.587601905909     
  -8.02726839237057       0.399541736437426        113.987143642346     
  -7.99952906448683       0.413655956030839        114.400799598377     
  -7.97178973660309       0.426131656366687        114.826931254744     
  -7.94405040871935       0.436595299131917        115.263526553876     
  -7.91631108083560       0.444773419795191        115.708299973671     
  -7.88857175295186       0.450483197568351        116.158783171239     
  -7.86083242506812       0.453627234122332        116.612410405361     
  -7.83309309718438       0.454191082981936        117.066601488343     
  -7.80535376930063       0.452240856407455        117.518842344751     
  -7.77761444141689       0.447918007288865        117.966760352040     
  -7.74987511353315       0.441429156335559        118.408189508375     
  -7.72213578564941       0.433030362802306        118.841219871178     
  -7.69439645776567       0.423007074359907        119.264226945537     
  -7.66665712988192       0.411652611495944        119.675879557033     
  -7.63891780199818       0.399248975779352        120.075128532813     
  -7.61117847411444       0.386053733929810        120.461182266743     
  -7.58343914623070       0.372295692212163        120.833477958955     
  -7.55569981834696       0.358180271066401        121.191658230021     
  -7.52796049046322       0.343903348050794        121.535561578072     
  -7.50022116257947       0.329670371261515        121.865231949333     
  -7.47248183469573       0.315716220727278        122.180948170061     
  -7.44474250681199       0.302320916897087        122.483269086958     
  -7.41700317892824       0.289816922290072        122.773086009248     
  -7.38926385104450       0.278585302306035        123.051671311554     
  -7.36152452316076       0.269040071302621        123.320711382857     
  -7.33378519527702       0.261602225742852        123.582313608599     
  -7.30604586739328       0.256666840933988        123.838980449533     
  -7.27830653950954       0.254567857902402        124.093548307436     
  -7.25056721162579       0.255545633036229        124.349093940472     
  -7.22282788374205       0.259721942532186        124.608815883004     
  -7.19508855585831       0.267086038120565        124.875901921125     
  -7.16734922797457       0.277493743774161        125.153395664899     
  -7.13960990009083       0.290679714211994        125.444075379111     
  -7.11187057220708       0.306281101077977        125.750356480189     
  -7.08413124432334       0.323869230561348        126.074225710750     
  -7.05639191643960       0.342984696202198        126.417210406952     
  -7.02865258855586       0.363170684403371        126.780381091356     
  -7.00091326067211       0.383999499767719        127.164380591124     
  -6.97317393278837       0.405088194084526        127.569468785208     
  -6.94543460490463       0.426100879436035        127.995569664644     
  -6.91769527702089       0.446737551991499        128.442307216636     
  -6.88995594913715       0.466711766738571        128.909018983374     
  -6.86221662125341       0.485721873332791        129.394740856707     
  -6.83447729336966       0.503422286724736        129.898163143432     
  -6.80673796548592       0.519401998461490        130.417565141893     
  -6.77899863760218       0.533176951756150        130.950742093649     
  -6.75125930971844       0.544200953285852        131.494943046935     
  -6.72351998183469       0.551896706164222        132.046839753099     
  -6.69578065395095       0.555704819597253        132.602544572697     
  -6.66804132606721       0.555144967914743        133.157689540611     
  -6.64030199818347       0.549880474115638        133.707570014727     
  -6.61256267029973       0.539776110808094        134.247346125535     
  -6.58482334241598       0.524939217658102        134.772285343193     
  -6.55708401453224       0.505736350415701        135.278021693609     
  -6.52934468664850       0.482781255322655        135.760802948932     
  -6.50160535876476       0.456894357839261        136.217697306771     
  -6.47386603088102       0.429038357755883        136.646735664527     
  -6.44612670299727       0.400238135546324        137.046973800073     
  -6.41838737511353       0.371495373749968        137.418469173823     
  -6.39064804722979       0.343708752493909        137.762177926317     
  -6.36290871934605       0.317609302537807        138.079787228855     
  -6.33516939146230       0.293717819813616        138.373505048668     
  -6.30743006357856       0.272327714348309        138.645832763017     
  -6.27969073569482       0.253512934063984        138.899345697081     
  -6.25195140781108       0.237157288116879        139.136502985198     
  -6.22421207992734       0.222999073057439        139.359502058255     
  -6.19647275204359       0.210683650198517        139.570185708454     
  -6.16873342415985       0.199816582078128        139.770002290532     
  -6.14099409627611       0.190010957945230        139.960013248477     
  -6.11325476839237       0.180924325678075        140.140937574155     
  -6.08551544050863       0.172282827358303        140.313220401513     
  -6.05777611262489       0.163892328257301        140.477112729771     
  -6.03003678474114       0.155638206793630        140.632750936564     
  -6.00229745685740       0.147476801879754        140.780227738444     
  -5.97455812897366       0.139422173809174        140.919649912253     
  -5.94681880108992       0.131531820351409        141.051181732605     
  -5.91907947320617       0.123894395313514        141.175076127918     
  -5.89134014532243       0.116621468305765        141.291697596224     
  -5.86360081743869       0.109844144843024        141.401541741067     
  -5.83586148955495       0.103714140836355        141.505255881903     
  -5.80812216167121       9.840785390897666E-002   141.603663735812     
  -5.78038283378746       9.413122835580887E-002   141.697794964168     
  -5.75264350590372       9.112284887793641E-002   141.788917813046     
  -5.72490417801998       8.965274596818167E-002   141.878570559014     
  -5.69716485013624       9.001483522712359E-002   141.968585394241     
  -5.66942552225250       9.251169394343532E-002   142.061097088185     
  -5.64168619436876       9.743142694056121E-002   142.158528515125     
  -5.61394686648501       0.105017594552584        142.263546109678     
  -5.58620753860127       0.115434449545749        142.378980559224     
  -5.55846821071753       0.128730910884977        142.507711470109     
  -5.53072888283378       0.144807619803391        142.652519089912     
  -5.50298955495004       0.163391895871783        142.815910985784     
  -5.47525022706630       0.184025272583972        142.999936258368     
  -5.44751089918256       0.206067434619671        143.206003692987     
  -5.41977157129882       0.228718792935822        143.434722485923     
  -5.39203224341508       0.251061742066822        143.685784227990     
  -5.36429291553133       0.272118111082495        143.957902339073     
  -5.33655358764759       0.290917827322863        144.248820166395     
  -5.30881425976385       0.306571799119370        144.555391965515     
  -5.28107493188011       0.318340899412737        144.873732864928     
  -5.25333560399637       0.325692981635021        145.199425846563     
  -5.22559627611262       0.328341165705942        145.527767012269     
  -5.19785694822888       0.326259038625443        145.854026050894     
  -5.17011762034514       0.319671539639831        146.173697590534     
  -5.14237829246140       0.309023608957464        146.482721199491     
  -5.11463896457765       0.294931592423777        146.777652791915     
  -5.08689963669391       0.278124413591586        147.055777205507     
  -5.05916030881017       0.259382336933468        147.315159542440     
  -5.03142098092643       0.239480687413914        147.554640229854     
  -5.00368165304269       0.219144348235173        147.773784578089     
  -4.97594232515894       0.199016609689455        147.972801187779     
  -4.94820299727520       0.179643462107718        148.152444649886     
  -4.92046366939146       0.161472171438693        148.313916821325     
  -4.89272434150772       0.144861287986114        148.458778109311     
  -4.86498501362398       0.130098283793781        148.588876393105     
  -4.83724568574024       0.117420775670558        148.706297168776     
  -4.80950635785649       0.107037608474519        148.813334777250     
  -4.78176702997275       9.914671360299841E-002   148.912481490853     
  -4.75402770208901       9.394739450713586E-002   149.006428885360     
  -4.72628837420526       9.164537185922428E-002   149.098074257219     
  -4.69854904632152       9.244950136153200E-002   149.190523758581     
  -4.67080971843778       9.655961627364096E-002   149.287083374855     
  -4.64307039055404       0.104145566833012        149.391228941688     
  -4.61533106267030       0.115318352217971        149.506547293906     
  -4.58759173478656       0.130095323673925        149.636642617579     
  -4.55985240690281       0.148362720426442        149.785005338006     
  -4.53211307901907       0.169840091949311        149.954845429955     
  -4.50437375113533       0.194052163723237        150.148897593678     
  -4.47663442325159       0.220314079546965        150.369211673225     
  -4.44889509536785       0.247735410340990        150.616947083566     
  -4.42115576748410       0.275246707178997        150.892193790745     
  -4.39341643960036       0.301649758114723        151.193843548860     
  -4.36567711171662       0.325689387823021        151.519532936683     
  -4.33793778383288       0.346141129469368        151.865674066153     
  -4.31019845594913       0.361906034391866        152.227580100544     
  -4.28245912806539       0.372101893802886        152.599681994347     
  -4.25471980018165       0.376139704237975        152.975821698585     
  -4.22698047229791       0.373775521682715        153.349597220268     
  -4.19924114441417       0.365130790513614        153.714728010782     
  -4.17150181653043       0.350678349896014        154.065406360678     
  -4.14376248864668       0.331195919194853        154.396602279872     
  -4.11602316076294       0.307693153811442        154.704295433684     
  -4.08828383287920       0.281321618358440        154.985617052042     
  -4.06054450499546       0.253278734081012        155.238895786123     
  -4.03280517711172       0.224716721169650        155.463612507293     
  -4.00506584922797       0.196665907306805        155.660278414600     
  -3.97732652134423       0.169978927952517        155.830257342552     
  -3.94958719346049       0.145298893406937        155.975556235959     
  -3.92184786557675       0.123051174730022        156.098607410689     
  -3.89410853769300       0.103455608941040        156.202063019630     
  -3.86636920980926       8.655400554646264E-002   156.288617025177     
  -3.83862988192552       7.224698965156130E-002   156.360864014828     
  -3.81089055404178       6.033436775177228E-002   156.421198382580     
  -3.78315122615804       5.055411804416147E-002   156.471752500624     
  -3.75541189827429       4.261647235360794E-002   156.514368972978     
  -3.72767257039055       3.623105107685411E-002   156.550600024055     
  -3.69993324250681       3.112637213355884E-002   156.581726396188     
  -3.67219391462307       2.706210855635613E-002   156.608788504745     
  -3.64445458673933       2.383514663131298E-002   156.632623651376     
  -3.61671525885559       2.128081341788821E-002   156.653904464794     
  -3.58897593097184       1.927067339504672E-002   156.673175138189     
  -3.56123660308810       1.770813959279442E-002   156.690883277782     
  -3.53349727520436       1.652290387652447E-002   156.707406181658     
  -3.50575794732061       1.566494214422766E-002   156.723071123803     
  -3.47801861943687       1.509864129408642E-002   156.738169765097     
  -3.45027929155313       1.479744435074629E-002   156.752967209447     
  -3.42253996366939       1.473931307172855E-002   156.767706522519     
  -3.39480063578565       1.490324458561174E-002   156.782609767105     
  -3.36706130790191       1.526702659535955E-002   156.797876793700     
  -3.33932198001816       1.580635433664414E-002   156.813683148037     
  -3.31158265213442       1.649535030917564E-002   156.830178498346     
  -3.28384332425068       1.730842385661727E-002   156.847486922202     
  -3.25610399636694       1.822329068973137E-002   156.865710212892     
  -3.22836466848320       1.922485771356010E-002   156.884935070606     
  -3.20062534059945       2.030958343252566E-002   156.905244654038     
  -3.17288601271571       2.148986362051072E-002   156.926734517659     
  -3.14514668483197       2.279797441577882E-002   156.949532492075     
  -3.11740735694823       2.428913092953728E-002   156.973821623004     
  -3.08966802906448       2.604328161593839E-002   156.999864904620     
  -3.06192870118074       2.816534501665065E-002   157.028030249637     
  -3.03418937329700       3.078369349040430E-002   157.058813943127     
  -3.00645004541326       3.404678926076361E-002   157.092860732388     
  -2.97871071752952       3.811797888524917E-002   157.130978711273     
  -2.95097138964578       4.316855627340409E-002   157.174147267546     
  -2.92323206176203       4.936931722602302E-002   157.223516584772     
  -2.89549273387829       5.688095233513204E-002   157.280397537108     
  -2.86775340599455       6.584375307693462E-002   157.346241290185     
  -2.84001407811080       7.636721904247212E-002   157.422608509227     
  -2.81227475022706       8.852022341524798E-002   157.511128732642     
  -2.78453542234332       0.102322387793359        157.613451120436     
  -2.75679609445958       0.117737215167513        157.731188335603     
  -2.72905676657584       0.134667333236463        157.865855668840     
  -2.70131743869210       0.152951942546637        158.018807611386     
  -2.67357811080835       0.172366308674550        158.191173920061     
  -2.64583878292461       0.192622965408666        158.383796885469     
  -2.61809945504087       0.213374280645276        158.597171166115     
  -2.59036012715713       0.234216217633187        158.831387383748     
  -2.56262079927339       0.254693481774163        159.086080865522     
  -2.53488147138964       0.274306689712386        159.360387555234     
  -2.50714214350590       0.292522588573013        159.652910143807     
  -2.47940281562216       0.308788521287220        159.961698665095     
  -2.45166348773842       0.322552136493154        160.284250801588     
  -2.42392415985467       0.333286711648323        160.617537513236     
  -2.39618483197093       0.340521440759379        160.958058953996     
  -2.36844550408719       0.343874798861843        161.301933752857     
  -2.34070617620345       0.343087893536730        161.645021646394     
  -2.31296684831971       0.338053845881801        161.983075492276     
  -2.28522752043596       0.328838968836374        162.311914461112     
  -2.25748819255222       0.315691980542040        162.627606441654     
  -2.22974886466848       0.299038699419406        162.926645141074     
  -2.20200953678474       0.279461445353431        163.206106586427     
  -2.17427020890100       0.257664414646627        163.463771001074     
  -2.14653088101726       0.234428236080520        163.698199237154     
  -2.11879155313351       0.210558399246542        163.908757636401     
  -2.09105222524977       0.186833015990129        164.095590652391     
  -2.06331289736603       0.163955319052920        164.259545971444     
  -2.03557356948229       0.142515467775015        164.402061439219     
  -2.00783424159854       0.122964807022846        164.525026246242     
  -1.98009491371480       0.105603988537568        164.630630234779     
  -1.95235558583106       9.058461409236804E-002   164.721214848872     
  -1.92461625794732       7.792256146871532E-002   164.799137410340     
  -1.89687693006358       6.752009184084588E-002   164.866657502181     
  -1.86913760217983       5.919329565792640E-002   164.925850797839     
  -1.84139827429609       5.270140257832961E-002   164.978552200418     
  -1.81365894641235       4.777487381810514E-002   165.026327074236     
  -1.78591961852861       4.413988229266750E-002   165.070466956528     
  -1.75818029064487       4.153762300088725E-002   165.112004579529     
  -1.73044096276113       3.973774967825278E-002   165.151742329207     
  -1.70270163487738       3.854599679097570E-002   165.190288325998     
  -1.67496230699364       3.780664523409130E-002   165.228094971233     
  -1.64722297910990       3.740088699222036E-002   165.265495858225     
  -1.61948365122615       3.724233124642208E-002   165.302738189471     
  -1.59174432334241       3.727089089732156E-002   165.340009080369     
  -1.56400499545867       3.744613329745174E-002   165.377455213666     
  -1.53626566757493       3.774092455907785E-002   165.415196138225     
  -1.50852633969119       3.813590120736668E-002   165.453332039432     
  -1.48078701180745       3.861502151870545E-002   165.491947060951     
  -1.45304768392370       3.916222586896729E-002   165.531109286820     
  -1.42530835603996       3.975909712560603E-002   165.570868383946     
  -1.39756902815622       4.038336320698180E-002   165.611251747153     
  -1.36982970027248       4.100810808102855E-002   165.652259855234     
  -1.34209037238874       4.160162272309124E-002   165.693861477957     
  -1.31435104450499       4.212789531327812E-002   165.735989373270     
  -1.28661171662125       4.254777557735835E-002   165.778537148847     
  -1.25887238873751       4.282083033901436E-002   165.821357979186     
  -1.23113306085377       4.290783373636520E-002   165.864265812923     
  -1.20339373297002       4.277372322937185E-002   165.907039536152     
  -1.17565440508628       4.239073290391483E-002   165.949430269056     
  -1.14791507720254       4.174132538179270E-002   165.991171594438     
  -1.12017574931880       4.082051437268019E-002   166.031992108811     
  -1.09243642143506       3.963721876374705E-002   166.071629327574     
  -1.06469709355131       3.821441390574434E-002   166.109843741480     
  -1.03695776566757       3.658802484203252E-002   166.146431766322     
  -1.00921843778383       3.480470388042369E-002   166.181236470203     
 -0.981479109900089       3.291880991521018E-002   166.214155280118     
 -0.953739782016346       3.098902250134022E-002   166.245144302619     
 -0.926000454132605       2.907505606376728E-002   166.274219358683     
 -0.898261126248862       2.723488309124695E-002   166.301454241774     
 -0.870521798365122       2.552274285534445E-002   166.326976984629     
 -0.842782470481378       2.398803260329247E-002   166.350965017233     
 -0.815043142597638       2.267498856167103E-002   166.373640005794     
 -0.787303814713894       2.162290254341451E-002   166.395262908338     
 -0.759564486830151       2.086651785816754E-002   166.416129426196     
 -0.731825158946410       2.043622461814941E-002   166.436565650814     
 -0.704085831062667       2.035773316314276E-002   166.456923383977     
 -0.676346503178927       2.065103366935481E-002   166.477574417647     
 -0.648607175295183       2.132862581614381E-002   166.498903043463     
 -0.620867847411443       2.239319218140898E-002   166.521296235644     
 -0.593128519527699       2.383505766033510E-002   166.545131293304     
 -0.565389191643959       2.562989264133634E-002   166.570761185946     
 -0.537649863760215       2.773715640083738E-002   166.598498342347     
 -0.509910535876475       3.009972829616760E-002   166.628598070643     
 -0.482171207992732       3.264504188791184E-002   166.661243112531     
 -0.454431880108988       3.528784007811046E-002   166.696530952609     
 -0.426692552225248       3.793443898976108E-002   166.734465391599     
 -0.398953224341504       4.048816317106613E-002   166.774953554770     
 -0.371213896457764       4.285543373593709E-002   166.817808988506     
 -0.343474568574020       4.495188618542652E-002   166.862760874691     
 -0.315735240690280       4.670788431587666E-002   166.909468759007     
 -0.287995912806537       4.807288169800855E-002   166.957541640705     
 -0.260256584922796       4.901824563982763E-002   167.006559886345     
 -0.232517257039053       4.953836881082083E-002   167.056098255156     
 -0.204777929155313       4.965011163361598E-002   167.105748366789     
 -0.177038601271569       4.939080583447542E-002   167.155139172624     
 -0.149299273387825       4.881517691965383E-002   167.203954349543     
 -0.121559945504085       4.799159637893489E-002   167.251945945922     
 -9.382061762034155E-002  4.699805550114240E-002   167.298944001423     
 -6.608128973660143E-002  4.591817883672240E-002   167.344862180260     
 -3.834196185285776E-002  4.483749259837379E-002   167.389699672858     
 -1.060263396911765E-002  4.384005938203772E-002   167.433539732240     
  1.713669391462602E-002  4.300550796853303E-002   167.476545240209     
  4.487602179836614E-002  4.240643805119367E-002   167.518951678260     
  7.261534968210981E-002  4.210616547680047E-002   167.561057843737     
  0.100354677565850       4.215678539219735E-002   167.603214629129     
  0.128094005449594       4.259755478179843E-002   167.645812183911     
  0.155833333333337       4.345361853515530E-002   167.689265802446     
  0.183572661217077       4.473511513923732E-002   167.734000917585     
  0.211311989100821       4.643669688168112E-002   167.780437614467     
  0.239051316984561       4.853748912088957E-002   167.828975103588     
  0.266790644868305       5.100150170620393E-002   167.879976605294     
  0.294529972752045       5.377850110302792E-002   167.933755106397     
  0.322269300635789       5.680535865124722E-002   167.990560465048     
  0.350008628519529       6.000790711138537E-002   168.050568372160     
  0.377747956403272       6.330335645699928E-002   168.113871728617     
  0.405487284287016       6.660332880966253E-002   168.180475057426     
  0.433226612170756       6.981755911925228E-002   168.250292616546     
  0.460965940054500       7.285826421123062E-002   168.323150880757     
  0.488705267938240       7.564510720254568E-002   168.398795987959     
  0.516444595821984       7.811058527838377E-002   168.476906573238     
  0.544183923705724       8.020556300421310E-002   168.557112136242     
  0.571923251589467       8.190458222343185E-002   168.639016718466     
  0.599662579473208       8.321052439274586E-002   168.722227242858     
  0.627401907356951       8.415819725336099E-002   168.806385440112     
  0.655141235240691       8.481646990402879E-002   168.891201910016     
  0.682880563124435       8.528868105994808E-002   168.976490591076     
  0.710619891008179       8.571117585442617E-002   169.062201766930     
  0.738359218891919       8.624996176335148E-002   169.148451728693     
  0.766098546775662       8.709558928958798E-002   169.235547317983     
  0.793837874659403       8.845644090226111E-002   169.324003758885     
  0.821577202543146       9.055064885934898E-002   169.414554407745     
  0.849316530426886       9.359687100998985E-002   169.508151278755     
  0.877055858310630       9.780415836057328E-002   169.605955437115     
  0.904795186194370       0.103361179300569        169.709316616416     
  0.932534514078114       0.110425147746563        169.819741764162     
  0.960273841961854       0.119110944471331        169.938852708634     
  0.988013169845598       0.129481106595054        170.068333815229     
   1.01575249772934       0.141537547792427        170.209871363021     
   1.04349182561308       0.155216000142689        170.365087363164     
   1.07123115349683       0.170384171890831        170.535471535055     
   1.09897048138057       0.186844442425332        170.722315977480     
   1.12670980926431       0.204341548801568        170.926657526282     
   1.15444913714805       0.222575185652067        171.149232711934     
   1.18218846503179       0.241216818201690        171.390449530135     
   1.20992779291553       0.259929406980979        171.650378937116     
   1.23766712079928       0.278388283505710        171.928767220622     
   1.26540644868302       0.296301199051105        172.225068419673     
   1.29314577656676       0.313425645844198        172.538494065517     
   1.32088510445050       0.329581909268853        172.868075974786     
   1.34862443233424       0.344660875835651        173.212736850622     
   1.37636376021799       0.358626276389176        173.571363127011     
   1.40410308810173       0.371511658583442        173.942874785594     
   1.43184241598547       0.383412853521190        174.326287639116     
   1.45958174386921       0.394476977210942        174.720764616326     
   1.48732107175296       0.404889098122913        175.125653714449     
   1.51506039963670       0.414857667507735        175.540511381957     
   1.54279972752044       0.424599730992423        175.965111112950     
   1.57053905540418       0.434326887213210        176.399438000163     
   1.59827838328792       0.444232959423975        176.843670959587     
   1.62601771117167       0.454484373132426        177.298155332719     
   1.65375703905541       0.465214216214316        177.763369548933     
   1.68149636693915       0.476520809317770        178.239890358251     
   1.70923569482289       0.488471263402615        178.728361621654     
   1.73697502270663       0.501109927740026        179.229471549394     
   1.76471435059037       0.514470882874439        179.743942432268     
   1.79245367847412       0.528592820576804        180.272535252845     
   1.82019300635786       0.543533930272232        180.816069183117     
   1.84793233424160       0.559383939568348        181.375453122686     
   1.87567166212534       0.576270366710900        181.951723489397     
   1.90341099000909       0.594356408522191        182.546079897919     
   1.93115031789283       0.613828710018406        183.159908607937     
   1.95888964577657       0.634874471884285        183.794783079821     
   1.98662897366031       0.657648821594125        184.452431901416     
   2.01436830154405       0.682234935760016        185.134666837176     
   2.04210762942780       0.708600866499046        185.843267703675     
   2.06984695731154       0.736558198856303        186.579825902531     
   2.09758628519528       0.765728363516510        187.345554266047     
   2.12532561307902       0.795522487149242        188.141076753197     
   2.15306494096276       0.825139965040271        188.966216718237     
   2.18080426884650       0.853589443349049        189.819806161586     
   2.20854359673025       0.879733660271082        190.699539821857     
   2.23628292461399       0.902356800933178        191.601896622790     
   2.26402225249773       0.920249983909842        192.522146606700     
   2.29176158038148       0.932307636440537        193.454454243141     
   2.31950090826522       0.937625296753526        194.392079539894     
   2.34724023614896       0.935588235072107        195.327667774966     
   2.37497956403270       0.925940509704056        196.253608284670     
   2.40271889191644       0.908825760740772        197.162434045411     
   2.43045821980018       0.884794027594205        198.047228073005     
   2.45819754768393       0.854772751223154        198.902000824228     
   2.48593687556767       0.820004305206886        199.722005129435     
   2.51367620345141       0.781956245701717        200.503961375137     
   2.54141553133515       0.742213398984909        201.246174774122     
   2.56915485921889       0.702362519643069        201.948537293765     
   2.59689418710264       0.663880411028757        202.612417704794     
   2.62463351498638       0.628035228156957        203.240452932951     
   2.65237284287012       0.595808523931328        203.836261456882     
   2.68011217075386       0.567842913907562        204.404104370790     
   2.70785149863761       0.544417488047235        204.948521858837     
   2.73559082652135       0.525450657631822        205.473972516469     
   2.76333015440509       0.510528199392609        205.984500715861     
   2.79106948228883       0.498952885292387        206.483453601154     
   2.81880881017257       0.489811173880257        206.973264775034     
   2.84654813805632       0.482051837951676        207.455316612986     
   2.87428746594006       0.474570982553037        207.929887595539     
   2.90202679382380       0.466297613222837        208.396185208762     
   2.92976612170754       0.456273790699243        208.852458999461     
   2.95750544959128       0.443723576452834        209.296182575914     
   2.98524477747502       0.428105578880509        209.724288154794     
   3.01298410535877       0.409145055952174        210.133433210746     
   3.04072343324251       0.386843219700576        210.520276430447     
   3.06846276112625       0.361463495158518        210.881739925605     
   3.09620208900999       0.333496764955702        211.215236690561     
   3.12394141689374       0.303609759635882        211.518846450197     
   3.15168074477748       0.272582405587597        211.791428855785     
   3.17942007266122       0.241240857180427        212.032669712965     
   3.20715940054496       0.210392982256756        212.243062695222     
   3.23489872842870       0.180772258771170        212.423834953993     
   3.26263805631245       0.152994539075367        212.576829493068     
   3.29037738419619       0.127530217705613        212.704359710774     
   3.31811671207993       0.104692316586973        212.809052027361     
   3.34585603996367       8.463918015471357E-002   212.893691207516     
   3.37359536784741       6.738908426984613E-002   212.961080291785     
   3.40133469573115       5.284323711154969E-002   213.013923528897     
   3.42907402361490       4.081340780372059E-002   213.054736936701     
   3.45681335149864       3.105068482417883E-002   213.085787621525     
   3.48455267938238       2.327250222586489E-002   213.109060123751     
   3.51229200726613       1.718591056999881E-002   213.126246034321     
   3.54003133514987       1.250595085537665E-002   213.138751985176     
   3.56777066303361       8.968785014295750E-003   213.147720770190     
   3.59550999091735       6.339862377793042E-003   213.154060632568     
   3.62324931880109       4.417821697289945E-003   213.158478454266     
   3.65098864668483       3.035046790302778E-003   213.161513501056     
   3.67872797456858       2.055842585876378E-003   213.163569343642     
   3.70646730245232       1.373123725766615E-003   213.164942467367     
   3.73420663033606       9.043590399599405E-004   213.165846826407     
   3.76194595821980       5.873354238005402E-004   213.166434161831     
   3.78968528610354       3.761266326261246E-004   213.166810288464     
   3.81742461398729       2.374971864979306E-004   213.167047785650     
   3.84516394187103       1.478491598399826E-004   213.167195634810     
   3.87290326975477       9.073211990371560E-005   213.167286366930     
   3.90064259763851       5.488052634467160E-005   213.167341247456     
   3.92838192552226       3.271241541901650E-005   213.167373959872     
   3.95612125340600       1.921130680327213E-005   213.167393171179     
   3.98386058128974       1.111364723451683E-005   213.167404284826     
   4.01159990917348       6.331575846096621E-006   213.167410616402     
   4.03933923705722       3.551560749032275E-006   213.167414167963     
   4.06707856494097       1.960984253912501E-006   213.167416128947     
   4.09481789282471       1.065544867566000E-006   213.167417194492     
   4.12255722070845       5.696513341822154E-007   213.167417764143     
   4.15029654859219       2.995615288144934E-007   213.167418063705     
   4.17803587647593       1.549195078228890E-007   213.167418218624     
   4.20577520435968       7.877301808244651E-008   213.167418297397     
   4.23351453224342       3.937434955128257E-008   213.167418336771     
   4.26125386012716       1.934338370953711E-008   213.167418356115     
   4.28899318801090       9.338106498718103E-009   213.167418365453     
   4.31673251589464       4.429169181950877E-009   213.167418369882     
   4.34447184377839       2.063754569155918E-009   213.167418371946     
   4.37221117166213       9.445104571232820E-010   213.167418372890     
   4.39995049954587       4.245355248749196E-010   213.167418373315     
   4.42768982742961       1.873830520614272E-010   213.167418373502     
   4.45542915531335       8.121028385550888E-011   213.167418373583     
   4.48316848319710       3.455527386961204E-011   213.167418373618     
   4.51090781108084       1.443463056581551E-011   213.167418373632     
   4.53864713896458       5.919041632680406E-012   213.167418373638     
   4.56638646684832       2.382432695964452E-012   213.167418373641     
   4.59412579473207       9.411768881595506E-013   213.167418373642     
   4.62186512261581       3.648948872472009E-013   213.167418373642     
   4.64960445049955       1.388347050507420E-013   213.167418373642     
   4.67734377838329       5.188062027319698E-014   213.167418373642     
   4.70508310626703       1.901428590269284E-014   213.167418373642     
   4.73282243415078       6.812434151168159E-015   213.167418373642     
   4.76056176203452       2.424367678007910E-015   213.167418373642     
   4.78830108991826       8.291236872574396E-016   213.167418373642     
   4.81604041780200       2.851689328949825E-016   213.167418373642     
   4.84377974568574       9.270002141402831E-017   213.167418373642     
   4.87151907356948       3.180895350909108E-017   213.167418373642     
   4.89925840145323       7.845916668728816E-018   213.167418373642     
   4.92699772933697       4.421732231798543E-018   213.167418373642     
   4.95473705722071       0.000000000000000E+000   213.167418373642     
   4.98247638510446       0.000000000000000E+000   213.167418373642     
   5.01021571298820       0.000000000000000E+000   213.167418373642     
   5.03795504087194       0.000000000000000E+000   213.167418373642     
   5.06569436875568       0.000000000000000E+000   213.167418373642     
   5.09343369663942       0.000000000000000E+000   213.167418373642     
   5.12117302452316       0.000000000000000E+000   213.167418373642     
   5.14891235240691       0.000000000000000E+000   213.167418373642     
   5.17665168029065       0.000000000000000E+000   213.167418373642     
   5.20439100817439       0.000000000000000E+000   213.167418373642     
   5.23213033605813       0.000000000000000E+000   213.167418373642     
